blueWins,blueWardsPlaced,blueWardsDestroyed,blueFirstBlood,blueKills,blueDeaths,blueAssists,blueEliteMonsters,blueDragons,blueHeralds,blueTowersDestroyed,blueTotalGold,blueAvgLevel,blueTotalExperience,blueTotalMinionsKilled,blueTotalJungleMinionsKilled,blueGoldDiff,blueExperienceDiff,blueCSPerMin,blueGoldPerMin,redWardsPlaced,redWardsDestroyed,redFirstBlood,redKills,redDeaths,redAssists,redEliteMonsters,redDragons,redHeralds,redTowersDestroyed,redTotalGold,redAvgLevel,redTotalExperience,redTotalMinionsKilled,redTotalJungleMinionsKilled,redCSPerMin,redGoldPerMin
0,28,1,0,6,3,9,1,0,0,1,17624,6.77,17030,204,29,1048,-938,20.4,1762.4,16,2,1,3,6,7,0,1,0,0,16382,7.12,17736,256,64,25.6,1638.2
0,28,1,1,4,9,6,1,0,0,0,12783,6.2,16738,223,61,-3040,-1208,22.3,1278.3,26,2,0,9,4,6,1,1,0,2,19327,6.5,18795,194,74,19.4,1932.7
1,23,2,1,4,7,8,0,0,0,1,17035,7.88,20364,221,61,-243,1679,22.1,1703.5,10,2,0,7,4,4,0,0,0,0,14939,6.5,18645,229,46,22.9,1493.9
1,19,5,1,9,5,8,0,1,0,1,14717,7.6,19616,182,70,1726,2880,18.2,1471.7,20,3,0,5,9,3,0,0,1,0,13777,6.94,15089,201,42,20.1,1377.7
0,15,0,0,0,15,1,0,0,0,0,13700,6.61,14978,216,41,-4440,-4185,21.6,1370.0,32,1,1,15,0,16,1,0,0,1,18956,7.06,18179,264,72,26.4,1895.6
0,20,0,0,3,8,3,0,1,0,1,13659,6.89,15882,216,53,-2167,-3510,21.6,1365.9,25,4,1,8,3,5,1,0,0,1,19423,7.17,20911,243,63,24.3,1942.3
0,12,2,0,9,2,2,0,0,0,1,14770,7.21,19668,187,68,-137,-1206,18.7,1477.0,21,1,1,2,9,3,0,0,0,1,15993,7.18,16786,201,46,20.1,1599.3
0,17,3,1,7,5,7,0,0,0,1,16615,6.78,19024,192,46,-100,-864,19.2,1661.5,24,3,0,5,7,7,0,0,0,1,19553,6.93,18709,219,66,21.9,1955.3
0,27,1,0,6,5,9,0,1,0,0,15645,7.5,16091,217,61,-1419,-626,21.7,1564.5,18,4,1,5,6,7,0,0,1,0,14822,7.15,17557,213,47,21.3,1482.2
0,13,3,1,4,9,5,0,0,0,1,15117,7.18,17048,201,50,-2121,-2005,20.1,1511.7,23,3,0,9,4,8,2,1,0,2,18959,7.49,19446,229,58,22.9,1895.9
1,18,4,1,2,6,8,1,0,1,0,18234,7.41,18305,252,64,1217,2320,25.2,1823.4,22,2,0,6,2,6,0,0,0,0,15478,6.87,17824,210,52,21.0,1547.8
1,22,4,0,6,5,9,2,1,0,0,15814,6.6,16892,240,63,2177,1469,24.0,1581.4,19,3,1,5,6,5,0,0,1,0,15760,6.8,17595,235,44,23.5,1576.0
0,22,3,0,7,6,1,1,0,0,0,17466,6.44,18665,213,68,-407,-173,21.3,1746.6,25,3,1,6,7,5,0,0,1,2,14547,6.16,15038,226,66,22.6,1454.7
1,19,2,1,7,8,7,1,1,0,0,18149,7.37,19689,212,55,1978,2203,21.2,1814.9,19,5,0,8,7,6,0,0,0,1,15377,6.51,14722,228,56,22.8,1537.7
0,21,5,0,4,3,7,2,0,1,1,17772,7.48,17339,198,59,-173,-550,19.8,1777.2,13,1,1,3,4,2,0,0,0,1,15761,6.75,18743,225,60,22.5,1576.1
0,21,2,1,5,8,0,0,0,1,0,14372,6.31,16049,227,51,-1131,-1979,22.7,1437.2,19,3,0,8,5,10,2,0,1,1,15581,7.38,19604,239,85,23.9,1558.1
1,31,4,1,10,4,7,0,0,1,1,18307,7.39,19503,202,60,1196,-332,20.2,1830.7,16,4,0,4,10,0,0,0,0,2,16311,7.28,16385,224,44,22.4,1631.1
0,17,4,1,2,6,0,1,0,0,0,15187,6.47,15726,204,37,-1893,-1545,20.4,1518.7,20,2,0,6,2,12,1,0,0,2,18174,6.9,18635,201,89,20.1,1817.4
1,22,4,1,10,0,9,1,1,0,0,17949,7.28,17864,229,64,961,2419,22.9,1794.9,18,1,0,0,10,3,0,1,0,1,14611,6.71,15259,198,38,19.8,1461.1
0,28,0,0,7,9,6,1,0,0,2,15957,6.84,15964,192,67,-683,172,19.2,1595.7,11,2,1,9,7,8,1,1,1,0,17002,6.92,18517,212,47,21.2,1700.2
1,17,0,0,3,5,5,0,0,0,0,14509,6.72,17998,224,50,-661,207,22.4,1450.9,26,2,1,5,3,3,0,1,0,0,14880,7.51,17359,196,51,19.6,1488.0
0,12,1,0,3,7,7,0,0,0,1,15642,6.67,14729,230,37,-798,-541,23.0,1564.2,24,1,1,7,3,7,1,0,1,0,19772,7.81,17342,227,50,22.7,1977.2
1,24,4,0,13,4,9,0,1,0,2,18947,7.4,17203,234,69,1842,1126,23.4,1894.7,17,2,1,4,13,1,0,1,0,0,13258,6.42,15167,222,43,22.2,1325.8
0,25,3,1,3,4,7,0,0,0,0,16073,7.37,16991,192,47,721,-1485,19.2,1607.3,23,6,0,4,3,4,0,1,0,0,17430,6.63,17308,208,61,20.8,1743.0
0,21,5,1,4,5,6,0,0,0,0,14767,6.6,16129,230,38,-956,346,23.0,1476.7,19,3,0,5,4,4,1,0,1,1,18261,6.38,16965,214,60,21.4,1826.1
0,19,2,1,10,7,3,0,1,0,1,15513,6.7,15269,202,53,-1695,-766,20.2,1551.3,23,4,0,7,10,7,1,0,0,1,15062,6.79,17542,246,49,24.6,1506.2
0,14,2,0,6,4,11,2,0,0,1,17908,7.24,16756,208,45,2478,1940,20.8,1790.8,21,1,1,4,6,10,0,0,1,1,16266,6.8,16564,217,58,21.7,1626.6
1,20,0,1,10,2,10,0,0,0,1,18004,7.18,15805,268,43,-6,1114,26.8,1800.4,19,0,0,2,10,6,0,0,0,0,16554,6.67,14967,208,53,20.8,1655.4
1,27,4,0,5,6,8,1,0,0,1,18214,6.68,18235,189,66,-118,607,18.9,1821.4,18,2,1,6,5,4,0,0,0,1,18153,7.25,15728,203,39,20.3,1815.3
1,15,2,0,7,4,7,1,0,0,1,18297,6.18,16353,201,58,376,3508,20.1,1829.7,23,0,1,4,7,7,1,0,0,1,16971,6.93,18334,212,58,21.2,1697.1
1,23,1,0,13,2,12,1,0,0,0,18235,7.01,18664,253,55,4866,3045,25.3,1823.5,20,3,1,2,13,0,0,0,0,0,14619,6.05,14563,208,29,20.8,1461.9
0,17,2,0,4,7,8,0,0,1,1,16443,6.61,16767,212,47,50,-2067,21.2,1644.3,23,5,1,7,4,2,0,0,1,0,17166,7.52,19628,221,52,22.1,1716.6
0,15,0,0,5,9,10,1,0,0,0,16029,6.75,16531,218,77,-474,-1200,21.8,1602.9,23,8,1,9,5,4,2,1,0,0,15813,6.81,19323,233,57,23.3,1581.3
0,20,1,0,6,9,3,0,0,0,0,14957,7.01,16567,214,49,-1132,-1448,21.4,1495.7,29,0,1,9,6,10,1,0,1,1,17359,7.12,20775,229,29,22.9,1735.9
1,23,2,0,5,3,10,1,0,1,0,15211,6.57,20814,224,57,1367,130,22.4,1521.1,21,2,1,3,5,6,0,0,0,0,14622,6.88,15520,228,47,22.8,1462.2
1,24,1,1,13,6,8,2,0,1,0,17594,7.11,18120,255,50,2259,1858,25.5,1759.4,12,3,0,6,13,7,1,0,1,0,15932,6.54,16795,221,41,22.1,1593.2
1,15,1,1,8,5,2,0,1,0,0,18456,7.41,13477,235,54,147,-973,23.5,1845.6,18,0,0,5,8,7,2,0,0,0,17998,7.09,18170,210,59,21.0,1799.8
0,10,0,0,3,6,6,0,1,0,1,15736,6.49,17531,206,37,-1892,594,20.6,1573.6,25,2,1,6,3,8,1,0,0,1,18057,7.03,17700,267,58,26.7,1805.7
1,20,1,1,4,6,8,0,0,0,0,15116,7.1,14745,205,34,-2277,-1325,20.5,1511.6,19,0,0,6,4,7,1,1,0,1,16694,7.57,18098,251,69,25.1,1669.4
1,19,1,0,12,0,10,0,0,0,0,16362,7.37,19265,234,61,1803,500,23.4,1636.2,26,0,1,0,12,6,1,0,0,1,16903,6.51,16451,231,56,23.1,1690.3
1,31,2,0,7,3,7,0,0,0,1,18320,7.55,17248,225,46,365,1899,22.5,1832.0,24,0,1,3,7,3,1,0,0,0,12716,6.53,16054,213,53,21.3,1271.6
1,31,1,1,6,6,8,2,0,0,0,19233,6.81,18234,253,61,935,1087,25.3,1923.3,15,2,0,6,6,9,1,0,0,0,15940,6.48,18669,222,53,22.2,1594.0
1,29,3,1,7,4,6,0,0,0,0,16292,6.74,16147,231,69,-1850,-2120,23.1,1629.2,14,4,0,4,7,4,1,1,0,2,16509,7.38,17823,239,51,23.9,1650.9
0,16,2,1,3,9,8,2,1,1,1,15394,6.8,17165,234,62,-355,838,23.4,1539.4,21,4,0,9,3,5,0,0,0,1,17408,6.95,19376,193,52,19.3,1740.8
1,23,4,1,6,1,9,0,0,0,0,15513,7.37,15310,249,40,726,-1108,24.9,1551.3,10,0,0,1,6,6,1,0,0,1,17447,6.94,17729,189,58,18.9,1744.7
0,25,5,0,7,4,9,1,1,0,0,15424,6.95,17029,234,48,593,441,23.4,1542.4,19,2,1,4,7,6,0,1,0,0,17409,6.96,18634,207,59,20.7,1740.9
1,26,3,1,6,1,6,2,0,1,0,20258,7.12,17106,233,49,2613,98,23.3,2025.8,26,1,0,1,6,2,0,0,0,0,14386,6.71,17120,199,36,19.9,1438.6
1,19,3,1,3,8,7,1,1,0,0,17134,6.1,18202,223,55,17,1184,22.3,1713.4,13,1,0,8,3,8,1,0,0,1,16186,6.64,15956,194,58,19.4,1618.6
1,28,3,1,8,6,6,1,0,0,2,18318,6.51,21023,232,63,1633,1801,23.2,1831.8,10,4,0,6,8,4,0,0,0,1,14711,6.69,17697,232,47,23.2,1471.1
1,20,3,1,8,5,7,1,0,0,0,17042,7.28,17471,252,41,-622,286,25.2,1704.2,21,3,0,5,8,3,1,0,1,0,17685,6.25,17278,200,55,20.0,1768.5
1,21,2,1,5,2,2,0,0,1,0,17426,7.3,20071,230,57,734,116,23.0,1742.6,16,4,0,2,5,2,0,0,0,2,15642,6.77,17605,234,52,23.4,1564.2
1,14,2,1,5,2,12,2,1,0,1,16497,7.13,15969,202,70,54,761,20.2,1649.7,16,4,0,2,5,3,0,0,0,0,15674,7.3,15981,246,52,24.6,1567.4
0,20,0,0,6,10,1,0,0,1,1,13265,7.51,15832,189,47,-3371,-3413,18.9,1326.5,30,2,1,10,6,7,1,0,0,1,16678,6.89,17525,209,67,20.9,1667.8
0,18,3,1,6,5,4,0,1,0,0,14662,6.73,16545,236,47,-256,-14,23.6,1466.2,20,2,0,5,6,7,1,0,0,2,16969,6.9,17889,264,58,26.4,1696.9
0,21,2,1,4,6,5,0,0,0,1,15822,7.04,15913,200,63,-2383,-459,20.0,1582.2,23,6,0,6,4,7,0,1,0,1,16659,7.65,19669,240,49,24.0,1665.9
0,20,4,0,7,7,1,0,0,0,0,15026,6.95,13985,217,64,-139,-2004,21.7,1502.6,27,4,1,7,7,8,1,1,0,1,18575,6.81,16173,268,57,26.8,1857.5
0,20,3,0,6,6,5,1,0,0,1,15490,7.2,17695,229,54,-407,118,22.9,1549.0,16,1,1,6,6,9,1,1,0,0,17466,6.87,19340,269,63,26.9,1746.6
1,23,2,0,13,0,9,1,1,0,1,18719,7.56,20517,242,61,2235,3362,24.2,1871.9,15,3,1,0,13,5,1,1,1,1,12321,5.71,14331,204,43,20.4,1232.1
0,22,3,0,6,5,8,0,0,1,0,13311,6.29,16468,208,52,-1339,-1516,20.8,1331.1,28,2,1,5,6,6,1,1,1,2,18106,6.4,16830,201,60,20.1,1810.6
1,21,0,1,5,1,8,0,0,0,1,16386,6.78,16682,213,76,2282,678,21.3,1638.6,18,5,0,1,5,0,0,0,1,0,13829,6.13,17906,229,59,22.9,1382.9
0,9,4,0,1,8,2,1,0,0,0,15483,6.45,14041,214,36,-1323,-2906,21.4,1548.3,30,2,1,8,1,10,0,0,0,1,21147,7.3,18992,218,73,21.8,2114.7
0,22,0,0,4,7,3,1,0,1,1,17659,7.07,16435,196,57,-1941,-1020,19.6,1765.9,18,2,1,7,4,8,1,0,0,2,16872,6.73,19247,205,71,20.5,1687.2
1,16,3,0,7,6,12,0,0,1,1,18590,7.6,19171,231,71,-302,200,23.1,1859.0,18,4,1,6,7,6,0,0,0,2,13289,6.85,16843,235,52,23.5,1328.9
0,15,3,0,7,7,7,1,1,1,0,16980,7.31,16582,187,69,2093,559,18.7,1698.0,25,1,1,7,7,4,1,0,0,1,16493,7.09,19074,241,69,24.1,1649.3
1,16,4,1,5,1,8,0,1,0,0,17403,6.95,19266,213,38,1070,684,21.3,1740.3,30,0,0,1,5,10,1,0,0,1,14657,6.48,15661,186,48,18.6,1465.7
0,23,2,1,9,5,4,0,0,1,1,18939,7.04,20165,231,61,1751,1066,23.1,1893.9,12,6,0,5,9,6,0,0,0,0,16476,7.2,17135,238,45,23.8,1647.6
0,19,0,0,7,5,7,0,0,0,0,14121,7.12,16903,214,60,-2424,-103,21.4,1412.1,30,6,1,5,7,10,1,0,0,0,18463,7.07,16918,218,59,21.8,1846.3
0,8,1,1,5,11,4,0,0,1,0,15598,6.68,17202,229,60,-463,-782,22.9,1559.8,21,2,0,11,5,3,0,1,0,0,15573,7.63,19089,221,61,22.1,1557.3
1,20,2,1,8,4,11,1,0,0,2,18212,7.37,18315,193,75,1460,675,19.3,1821.2,24,2,0,4,8,5,1,0,0,0,15170,7.37,17751,190,37,19.0,1517.0
1,25,0,0,3,5,7,1,1,0,0,15904,6.17,15495,202,42,-318,-221,20.2,1590.4,19,5,1,5,3,8,0,0,0,0,14665,7.29,18033,240,66,24.0,1466.5
0,15,1,0,2,9,4,0,0,0,0,16030,6.19,15889,184,43,-2154,-1881,18.4,1603.0,25,3,1,9,2,10,1,2,0,2,17377,6.99,20424,257,64,25.7,1737.7
0,17,0,1,2,9,0,1,0,0,0,15034,6.8,14832,227,53,-3055,-856,22.7,1503.4,31,0,0,9,2,9,2,1,0,0,19932,7.52,18666,207,55,20.7,1993.2
0,23,3,0,5,7,4,0,1,0,0,13749,7.43,17488,191,52,-2428,-1906,19.1,1374.9,33,1,1,7,5,8,1,1,0,1,16868,6.77,19087,214,56,21.4,1686.8
1,25,2,1,8,6,6,1,2,0,0,16718,6.82,19309,222,77,2064,642,22.2,1671.8,21,4,0,6,8,4,1,0,0,0,15104,7.47,17147,172,62,17.2,1510.4
1,25,5,0,6,9,7,1,0,0,0,15621,7.14,17707,225,45,-43,1222,22.5,1562.1,16,1,1,9,6,9,1,0,0,0,15387,6.9,15069,237,56,23.7,1538.7
1,8,2,0,7,7,2,0,2,0,2,18726,7.57,17772,217,70,2980,1169,21.7,1872.6,19,2,1,7,7,7,0,0,0,1,15042,7.58,16311,234,49,23.4,1504.2
0,28,2,0,1,7,3,1,0,0,0,16870,6.96,17658,225,57,216,-1911,22.5,1687.0,6,2,1,7,1,9,1,0,0,1,18554,6.73,18382,222,58,22.2,1855.4
1,23,2,0,10,10,5,1,1,0,0,17628,6.94,16759,210,53,354,1829,21.0,1762.8,29,2,1,10,10,3,1,0,0,0,17099,6.98,19450,198,46,19.8,1709.9
1,34,0,0,3,6,9,0,0,1,0,18275,7.55,14870,192,61,1117,866,19.2,1827.5,22,5,1,6,3,6,1,1,0,0,14352,6.75,15889,196,53,19.6,1435.2
0,15,2,0,6,4,1,1,0,0,0,17152,6.4,15779,197,57,-704,42,19.7,1715.2,19,3,1,4,6,9,0,0,0,1,18379,7.28,17711,246,64,24.6,1837.9
1,12,3,1,7,5,10,0,1,1,0,19928,6.29,17487,188,39,498,1163,18.8,1992.8,18,2,0,5,7,7,1,1,1,0,13815,6.39,14782,197,53,19.7,1381.5
0,19,3,0,4,7,8,1,1,0,1,15274,6.26,15115,215,52,-1463,-279,21.5,1527.4,17,2,1,7,4,7,1,0,0,1,17301,6.67,17368,247,57,24.7,1730.1
1,18,1,1,5,6,3,1,0,0,1,16012,6.21,18669,213,59,1396,136,21.3,1601.2,26,2,0,6,5,7,1,0,1,1,15903,6.76,18042,205,54,20.5,1590.3
0,23,0,1,4,8,11,0,1,0,0,15983,6.5,14978,210,63,-799,457,21.0,1598.3,20,3,0,8,4,4,1,1,0,1,15731,7.62,16591,251,33,25.1,1573.1
0,23,2,0,5,4,4,0,0,0,0,15164,6.55,16368,216,50,-1148,-2589,21.6,1516.4,25,0,1,4,5,11,0,0,0,0,18605,7.34,17520,210,58,21.0,1860.5
0,21,3,1,4,8,7,1,0,0,2,17580,6.83,18136,237,63,500,1283,23.7,1758.0,17,2,0,8,4,10,0,0,1,0,16336,6.51,14138,208,53,20.8,1633.6
0,18,3,0,6,8,7,1,1,0,0,17710,5.93,15371,194,57,-2319,-1631,19.4,1771.0,19,2,1,8,6,9,1,0,1,1,18665,6.33,16223,246,48,24.6,1866.5
1,23,2,1,5,2,7,1,0,0,1,18366,6.81,17461,226,58,-633,-943,22.6,1836.6,22,3,0,2,5,4,1,0,0,0,18433,7.09,18480,221,59,22.1,1843.3
0,20,0,1,6,6,7,1,1,0,1,17473,6.99,16639,204,59,758,85,20.4,1747.3,22,2,0,6,6,4,0,0,0,1,17037,6.79,15485,197,59,19.7,1703.7
0,19,3,1,6,6,4,0,0,0,0,18201,7.25,18130,193,60,625,266,19.3,1820.1,20,1,0,6,6,3,0,1,0,1,14758,6.3,15540,209,70,20.9,1475.8
1,27,2,1,7,8,6,1,1,1,0,15655,7.46,18373,251,67,1436,1163,25.1,1565.5,16,1,0,8,7,7,2,0,1,1,15589,6.85,14352,255,41,25.5,1558.9
0,26,4,1,7,10,7,0,0,1,2,17099,7.11,14934,216,47,-464,-897,21.6,1709.9,13,2,0,10,7,4,1,0,0,1,16772,6.43,17240,225,55,22.5,1677.2
0,25,2,0,5,11,7,0,0,0,1,18216,5.86,14447,225,47,-2382,-196,22.5,1821.6,22,1,1,11,5,9,0,0,0,1,15448,7.09,17288,228,49,22.8,1544.8
0,19,2,1,8,6,9,1,0,1,1,12678,6.63,19259,195,52,392,-444,19.5,1267.8,18,3,0,6,8,7,0,1,0,2,16498,7.23,17507,212,62,21.2,1649.8
0,6,2,0,5,11,1,0,0,1,1,15159,6.3,15766,207,42,-3243,-2186,20.7,1515.9,20,3,1,11,5,12,1,0,0,0,17842,6.98,21345,239,74,23.9,1784.2
0,16,0,0,3,8,3,1,0,0,0,15665,6.14,14768,198,38,-2905,-4194,19.8,1566.5,36,4,1,8,3,12,1,1,1,1,19409,7.52,20762,244,50,24.4,1940.9
0,14,0,0,5,11,2,1,0,0,1,14549,7.12,15289,203,48,-2232,-3038,20.3,1454.9,22,1,1,11,5,10,1,0,0,0,17930,7.03,20332,242,42,24.2,1793.0
0,17,1,0,8,3,7,0,0,0,1,16044,6.5,15555,241,52,-1106,-1281,24.1,1604.4,15,4,1,3,8,5,3,1,1,1,17456,6.52,17019,234,67,23.4,1745.6
1,17,1,1,4,2,6,1,0,0,0,16645,6.65,19212,187,72,1282,566,18.7,1664.5,18,0,0,2,4,7,1,1,0,0,12715,6.74,17662,230,68,23.0,1271.5
0,18,1,1,6,7,3,1,0,0,2,17433,6.85,15709,220,42,-1562,462,22.0,1743.3,20,4,0,7,6,4,0,0,0,0,18277,7.29,18489,267,42,26.7,1827.7
1,14,5,0,9,7,5,0,0,0,0,17243,6.26,15065,239,50,246,1435,23.9,1724.3,20,2,1,7,9,6,1,0,1,1,16112,6.66,16252,254,60,25.4,1611.2
1,16,4,0,10,4,4,0,1,0,1,18833,6.88,18502,246,84,2880,135,24.6,1883.3,21,3,1,4,10,7,1,0,1,1,15264,6.18,15812,190,32,19.0,1526.4
0,25,2,1,9,10,7,0,0,0,1,14480,6.95,15924,237,44,-1455,-1616,23.7,1448.0,13,2,0,10,9,8,0,1,1,1,17570,7.12,17936,260,66,26.0,1757.0
1,17,5,0,12,3,7,1,1,0,1,16769,6.74,18151,213,65,818,203,21.3,1676.9,22,2,1,3,12,1,1,1,1,0,15866,6.76,16548,199,47,19.9,1586.6
0,18,0,1,3,5,11,0,1,0,0,12607,7.26,18013,208,37,-1917,-2656,20.8,1260.7,25,3,0,5,3,9,0,1,1,2,17958,6.85,18695,212,67,21.2,1795.8
1,24,6,1,5,6,4,0,1,1,0,16245,7.06,15346,234,56,1245,-643,23.4,1624.5,17,2,0,6,5,9,2,0,1,0,16866,7.6,18554,227,62,22.7,1686.6
0,23,1,1,5,7,3,1,0,1,0,15630,6.69,14754,197,48,-1624,-572,19.7,1563.0,16,6,0,7,5,8,1,1,1,1,17937,7.28,18626,240,58,24.0,1793.7
0,23,5,0,4,8,8,1,0,0,1,15764,6.91,17831,187,59,-1635,-82,18.7,1576.4,25,1,1,8,4,10,2,1,1,0,15994,6.81,19162,241,61,24.1,1599.4
1,23,5,1,14,8,10,0,0,0,1,17383,6.62,17381,277,58,2335,1851,27.7,1738.3,18,1,0,8,14,5,0,0,0,0,14436,7.87,16572,204,47,20.4,1443.6
0,20,0,0,4,13,5,0,0,0,0,13671,6.45,16612,213,51,-3659,-3647,21.3,1367.1,24,4,1,13,4,11,1,0,0,2,17717,7.43,21393,232,79,23.2,1771.7
1,28,4,1,7,7,6,0,1,0,1,16140,6.57,19288,240,62,2821,101,24.0,1614.0,20,1,0,7,7,8,0,1,1,0,15947,7.26,14520,209,54,20.9,1594.7
0,23,2,1,3,4,4,1,1,1,1,16568,7.39,18663,223,77,733,121,22.3,1656.8,27,1,0,4,3,3,0,0,1,0,15901,6.93,17957,215,51,21.5,1590.1
1,10,1,1,5,7,11,1,0,1,1,16050,7.48,18247,225,43,-2854,-1127,22.5,1605.0,15,3,0,7,5,7,0,0,0,1,17194,6.84,19853,228,46,22.8,1719.4
0,14,2,0,0,10,4,0,0,0,0,12494,6.1,16754,193,35,-2822,-3547,19.3,1249.4,28,5,1,10,0,11,1,0,1,0,19879,7.15,19944,252,61,25.2,1987.9
1,24,1,0,8,4,7,0,0,0,0,18486,6.74,16732,223,54,-61,-1321,22.3,1848.6,20,1,1,4,8,2,1,1,0,1,15962,6.66,19953,224,52,22.4,1596.2
1,16,2,0,0,6,7,0,1,0,1,15349,6.83,19885,217,58,-1238,-1224,21.7,1534.9,13,3,1,6,0,10,2,1,1,1,16257,7.49,16715,223,56,22.3,1625.7
0,29,1,1,10,6,3,2,0,0,1,16077,7.38,16027,231,64,1174,-75,23.1,1607.7,18,4,0,6,10,7,1,1,1,1,17452,6.71,15682,234,54,23.4,1745.2
0,20,2,1,5,3,5,1,0,0,1,17651,7.61,17474,212,50,480,-245,21.2,1765.1,25,2,0,3,5,7,1,0,0,0,16819,7.08,20013,207,54,20.7,1681.9
1,24,5,1,6,5,7,1,1,1,0,20177,7.3,19176,234,83,3921,2104,23.4,2017.7,21,0,0,5,6,6,0,1,1,0,13852,6.51,15789,228,37,22.8,1385.2
1,25,2,0,5,6,6,0,1,0,1,18367,7.35,19221,231,53,40,-837,23.1,1836.7,18,2,1,6,5,6,1,0,0,1,18633,6.88,18289,219,55,21.9,1863.3
0,17,1,0,4,9,1,0,0,0,0,16783,6.69,16964,214,34,-1480,-1186,21.4,1678.3,23,3,1,9,4,5,1,0,1,1,18991,7.18,19901,233,49,23.3,1899.1
1,21,3,0,6,6,8,0,1,0,1,15220,6.81,18641,240,58,-795,-725,24.0,1522.0,23,2,1,6,6,10,0,1,0,0,18132,6.79,17855,216,51,21.6,1813.2
1,25,0,1,10,8,9,1,1,0,1,17355,6.42,18574,199,56,614,1189,19.9,1735.5,17,1,0,8,10,3,0,1,0,1,18012,7.1,19515,222,60,22.2,1801.2
1,15,1,1,10,0,12,1,1,0,1,19604,7.0,18257,249,61,2962,1531,24.9,1960.4,20,5,0,0,10,6,0,0,1,1,14860,6.22,15434,175,53,17.5,1486.0
0,20,2,1,10,7,9,1,0,0,1,18733,7.11,17566,211,62,1873,1095,21.1,1873.3,26,2,0,7,10,5,0,0,1,1,12952,6.91,17574,222,62,22.2,1295.2
0,25,3,0,6,8,7,1,1,0,1,15273,6.84,20427,253,60,1067,197,25.3,1527.3,16,2,1,8,6,7,0,1,1,0,16485,6.52,15208,209,52,20.9,1648.5
1,23,3,1,10,3,8,0,2,1,1,17700,8.22,21320,239,56,1209,2012,23.9,1770.0,15,1,0,3,10,0,0,0,0,0,16206,6.22,11938,224,32,22.4,1620.6
0,25,2,1,1,10,5,0,0,0,0,14080,6.7,15765,205,38,-1900,-1735,20.5,1408.0,26,2,0,10,1,7,1,0,0,1,19297,7.14,18901,236,61,23.6,1929.7
1,11,2,0,5,9,4,0,1,0,1,16610,6.65,15697,216,42,-1569,-240,21.6,1661.0,25,2,1,9,5,9,1,0,0,1,18381,7.08,18307,237,72,23.7,1838.1
0,10,0,0,2,6,0,0,1,1,1,14689,6.13,16622,217,70,-1170,-1534,21.7,1468.9,25,0,1,6,2,9,0,0,0,0,15491,7.02,20736,235,73,23.5,1549.1
1,23,4,1,8,7,4,0,1,0,0,16708,6.67,18696,234,50,228,-672,23.4,1670.8,25,2,0,7,8,5,1,0,0,2,14114,6.84,19203,210,47,21.0,1411.4
0,22,0,0,3,11,5,0,0,0,0,14425,6.36,16264,228,58,-1770,-1546,22.8,1442.5,22,3,1,11,3,9,0,1,0,0,19686,8.05,21588,237,36,23.7,1968.6
1,20,3,0,9,1,4,1,0,0,0,18411,7.03,17684,193,71,920,119,19.3,1841.1,21,0,1,1,9,2,0,0,0,1,14901,6.74,19550,192,51,19.2,1490.1
1,22,2,0,6,8,3,0,0,0,1,16573,7.51,17223,213,50,-1152,-1169,21.3,1657.3,10,3,1,8,6,4,0,0,0,0,15658,7.06,19579,231,50,23.1,1565.8
0,21,2,0,7,9,3,0,0,0,0,14969,6.77,15697,193,51,-2653,-1792,19.3,1496.9,24,5,1,9,7,7,1,0,1,0,15585,7.73,18967,202,62,20.2,1558.5
0,14,1,1,0,10,0,0,0,0,0,12936,6.76,18282,194,55,-1954,-731,19.4,1293.6,29,3,0,10,0,4,1,0,1,2,20004,6.53,17476,225,56,22.5,2000.4
1,17,4,0,6,3,8,0,0,0,0,15990,6.89,16652,198,49,1345,943,19.8,1599.0,17,0,1,3,6,5,0,0,1,2,16149,6.76,18065,244,53,24.4,1614.9
1,23,4,0,6,3,9,0,0,1,1,18632,6.98,18763,231,52,2347,1270,23.1,1863.2,20,1,1,3,6,3,1,0,0,0,16588,6.54,15441,199,51,19.9,1658.8
1,29,4,0,6,0,12,1,0,0,2,19057,7.51,21110,219,73,4213,2324,21.9,1905.7,13,2,1,0,6,5,0,0,1,0,12563,6.69,15351,165,48,16.5,1256.3
1,20,4,1,10,0,12,1,0,0,1,19415,7.84,19944,274,72,4874,5452,27.4,1941.5,20,1,0,0,10,0,0,0,0,0,13326,6.25,14066,166,54,16.6,1332.6
1,20,2,0,9,7,5,1,1,1,1,15446,7.23,17348,210,36,1550,-111,21.0,1544.6,28,0,1,7,9,6,0,0,0,1,15205,6.85,15600,246,57,24.6,1520.5
0,17,6,1,4,7,1,0,1,0,1,13110,6.96,17341,216,43,-1418,-1149,21.6,1311.0,21,2,0,7,4,8,0,1,1,2,18416,7.18,20248,262,52,26.2,1841.6
0,18,0,0,1,9,3,0,0,0,1,14142,6.68,15168,179,34,-5224,-4143,17.9,1414.2,21,4,1,9,1,7,2,1,1,1,20336,6.9,21252,241,59,24.1,2033.6
1,20,3,1,8,8,8,1,0,0,0,19367,6.5,18705,207,53,-481,2116,20.7,1936.7,18,3,0,8,8,0,1,0,1,0,14990,6.99,17072,253,59,25.3,1499.0
0,16,2,1,4,7,2,1,0,0,0,13381,6.79,18092,202,35,-2522,-1956,20.2,1338.1,24,2,0,7,4,6,1,1,0,1,15994,6.88,21837,271,45,27.1,1599.4
1,25,2,0,6,9,2,1,0,0,0,16493,7.21,16824,196,53,-1305,-495,19.6,1649.3,15,1,1,9,6,10,0,0,0,0,16364,7.03,19723,245,41,24.5,1636.4
0,16,2,0,5,5,5,0,0,0,0,15362,6.57,19079,234,54,-404,-2494,23.4,1536.2,17,3,1,5,5,9,1,0,0,1,17098,7.05,16400,233,68,23.3,1709.8
1,18,1,0,7,6,6,0,1,0,0,16211,6.58,19353,225,53,890,1811,22.5,1621.1,14,3,1,6,7,5,1,1,0,0,16902,7.54,19191,237,53,23.7,1690.2
1,14,3,1,7,2,10,1,1,0,1,18340,6.54,18758,248,57,1671,2722,24.8,1834.0,16,0,0,2,7,3,0,0,0,1,14643,6.95,15832,232,36,23.2,1464.3
0,17,3,0,9,7,8,0,0,0,1,14969,6.62,18560,215,49,201,889,21.5,1496.9,26,0,1,7,9,7,1,0,0,0,14639,6.58,15610,178,63,17.8,1463.9
1,22,6,1,3,6,5,0,1,0,0,16454,6.78,17665,239,57,-794,-915,23.9,1645.4,25,1,0,6,3,6,0,1,0,1,15788,7.36,17204,209,36,20.9,1578.8
0,20,3,1,4,10,7,0,0,0,0,17246,7.03,14124,219,34,-1687,-824,21.9,1724.6,22,3,0,10,4,12,0,0,0,1,18222,7.18,19715,250,51,25.0,1822.2
0,20,2,1,5,10,2,0,1,0,0,14578,5.97,17375,182,63,-3585,-3387,18.2,1457.8,24,1,0,10,5,9,2,1,0,2,18307,7.67,19986,227,61,22.7,1830.7
1,22,3,0,5,3,4,1,0,1,1,16059,7.19,15612,217,63,-626,16,21.7,1605.9,24,2,1,3,5,7,0,0,0,2,17137,7.73,16985,220,54,22.0,1713.7
0,30,5,0,5,6,8,0,2,1,1,16684,6.92,18574,234,31,988,-1601,23.4,1668.4,17,3,1,6,5,5,0,0,0,0,15965,7.5,17375,199,56,19.9,1596.5
1,20,1,1,15,0,12,0,1,0,1,18865,6.82,19727,232,81,2996,2098,23.2,1886.5,14,4,0,0,15,0,0,0,0,1,14395,6.29,15580,186,37,18.6,1439.5
1,12,2,1,9,6,9,1,0,0,0,17729,7.16,16122,236,59,-137,-948,23.6,1772.9,8,1,0,6,9,8,0,0,0,1,16297,7.1,17450,238,48,23.8,1629.7
1,17,0,1,8,5,8,2,0,0,0,19390,7.38,20183,203,64,1710,1542,20.3,1939.0,15,0,0,5,8,4,1,0,0,1,14146,6.42,17274,222,62,22.2,1414.6
0,15,3,0,3,9,5,0,0,0,0,15561,6.85,17713,211,48,-1241,-2443,21.1,1556.1,27,3,1,9,3,8,1,1,1,0,16200,6.22,15932,219,51,21.9,1620.0
0,13,3,0,0,8,1,0,1,0,0,13204,6.75,15032,198,55,-1873,-1138,19.8,1320.4,19,3,1,8,0,8,2,1,0,2,18271,7.48,18088,213,79,21.3,1827.1
0,19,0,0,5,5,6,0,0,0,0,16410,6.92,14642,237,45,-931,-889,23.7,1641.0,21,2,1,5,5,5,0,1,0,0,16456,7.49,17653,241,65,24.1,1645.6
1,25,4,1,7,8,3,1,1,0,0,15438,6.78,16706,193,43,-2317,-1266,19.3,1543.8,25,2,0,8,7,7,1,0,1,1,17277,6.85,17580,232,51,23.2,1727.7
1,32,2,1,12,2,5,0,1,0,1,19301,7.76,20582,247,63,2639,3484,24.7,1930.1,17,0,0,2,12,2,0,0,0,1,13869,6.1,13268,203,27,20.3,1386.9
0,21,1,1,0,7,3,0,0,0,0,16584,6.26,17360,238,45,-2101,-524,23.8,1658.4,23,0,0,7,0,4,0,1,1,0,21069,6.78,18905,220,68,22.0,2106.9
1,32,3,0,8,4,6,0,0,0,1,17525,7.24,15689,235,60,1898,695,23.5,1752.5,7,3,1,4,8,5,0,0,0,0,15436,6.13,17113,210,28,21.0,1543.6
1,16,4,0,3,4,0,0,1,0,0,16674,6.81,18066,192,52,-1122,-1631,19.2,1667.4,33,2,1,4,3,6,1,2,0,1,16318,7.46,18820,235,54,23.5,1631.8
1,14,1,1,8,4,6,2,0,0,3,19442,7.52,18441,246,37,3212,1135,24.6,1944.2,26,0,0,4,8,0,0,0,0,2,14048,6.97,15578,228,35,22.8,1404.8
0,26,3,0,11,5,9,1,0,0,0,18471,7.24,18772,262,62,1269,-19,26.2,1847.1,16,0,1,5,11,5,0,1,0,0,17116,5.91,18051,231,46,23.1,1711.6
1,10,3,0,7,4,7,0,0,1,1,16910,6.72,17137,220,53,-409,-122,22.0,1691.0,16,1,1,4,7,6,0,0,0,0,15121,7.28,18662,234,64,23.4,1512.1
1,16,3,1,7,7,7,1,0,0,0,16561,7.1,18494,252,62,-1079,998,25.2,1656.1,18,3,0,7,7,5,1,1,0,0,16956,7.0,18033,254,67,25.4,1695.6
0,21,3,1,4,6,8,0,0,0,0,15192,6.45,14928,224,53,-1156,-926,22.4,1519.2,22,3,0,6,4,7,1,1,1,1,15494,6.76,21022,215,57,21.5,1549.4
0,20,3,0,8,6,5,1,1,0,1,15986,6.69,16385,265,38,962,414,26.5,1598.6,28,0,1,6,8,6,1,0,0,0,16744,6.74,17906,209,61,20.9,1674.4
0,18,1,0,3,8,2,0,0,1,1,17523,6.76,17640,226,54,-947,460,22.6,1752.3,23,1,1,8,3,11,0,1,0,2,16860,6.46,14887,211,73,21.1,1686.0
0,12,4,1,5,9,5,0,0,0,0,14953,6.24,17589,249,43,-2437,-1389,24.9,1495.3,25,4,0,9,5,7,1,0,1,2,18433,7.23,19411,239,56,23.9,1843.3
0,17,1,1,3,6,4,0,0,0,1,14154,6.49,16382,197,28,-1984,-2462,19.7,1415.4,25,4,0,6,3,4,1,0,1,0,19218,7.62,20406,240,80,24.0,1921.8
0,25,2,1,5,5,3,0,0,0,0,17528,7.17,16459,226,50,452,1164,22.6,1752.8,18,1,0,5,5,5,0,0,0,0,12868,6.91,17805,237,63,23.7,1286.8
1,23,5,1,11,7,9,0,1,0,1,20540,7.62,21192,220,53,4234,1698,22.0,2054.0,24,0,0,7,11,0,0,0,0,0,15903,7.03,14579,193,43,19.3,1590.3
0,16,1,1,1,9,8,2,0,0,0,17005,6.57,17804,238,62,-191,-203,23.8,1700.5,25,2,0,9,1,5,1,0,1,0,16308,7.33,19134,199,56,19.9,1630.8
0,14,2,1,5,8,6,0,1,0,0,17645,6.14,16912,223,68,168,-1319,22.3,1764.5,28,0,0,8,5,2,1,0,0,0,16319,6.79,15738,227,53,22.7,1631.9
0,17,1,1,8,6,8,0,0,0,2,18349,6.63,18461,238,60,213,1702,23.8,1834.9,19,2,0,6,8,9,0,0,1,0,16156,6.71,15771,222,41,22.2,1615.6
1,25,6,0,12,1,7,2,1,1,1,18536,7.1,19180,247,70,2041,2544,24.7,1853.6,17,3,1,1,12,2,1,1,0,0,14823,6.48,14550,211,36,21.1,1482.3
1,22,6,1,8,5,3,0,0,0,1,16556,7.76,16541,233,46,448,1254,23.3,1655.6,13,3,0,5,8,5,0,1,0,0,15464,7.0,15555,202,47,20.2,1546.4
0,15,2,1,4,6,3,0,0,1,1,17135,6.55,17476,233,59,461,-434,23.3,1713.5,27,0,0,6,4,4,0,1,0,1,15704,6.94,19024,218,49,21.8,1570.4
1,11,3,1,8,3,10,1,0,1,1,18470,7.79,17750,253,57,2792,-250,25.3,1847.0,21,1,0,3,8,1,0,0,0,1,13708,6.57,18037,216,61,21.6,1370.8
1,23,2,0,8,2,9,0,0,0,2,17491,7.27,19078,234,40,-248,1748,23.4,1749.1,23,4,1,2,8,6,0,0,0,0,16018,6.7,16226,223,59,22.3,1601.8
1,19,2,0,13,5,9,2,1,0,1,18636,7.26,19433,245,63,2987,2937,24.5,1863.6,15,3,1,5,13,0,0,0,1,1,15204,6.2,15310,183,59,18.3,1520.4
1,24,2,0,8,0,10,0,0,1,0,17127,6.89,17707,207,59,-1218,-104,20.7,1712.7,18,0,1,0,8,8,0,1,0,0,17273,6.84,15241,230,55,23.0,1727.3
0,14,1,0,5,11,3,0,0,0,0,14292,7.01,17008,227,59,-2535,-1725,22.7,1429.2,19,3,1,11,5,12,1,0,0,1,18703,6.36,17510,212,60,21.2,1870.3
1,12,0,0,3,11,2,1,1,0,1,14083,6.36,14301,187,43,-1529,-2186,18.7,1408.3,27,2,1,11,3,13,0,1,0,0,16377,6.77,19474,209,74,20.9,1637.7
1,24,3,1,7,7,6,0,1,1,0,21497,7.98,19363,236,54,2529,2728,23.6,2149.7,15,0,0,7,7,2,0,0,1,1,16214,6.16,16010,195,59,19.5,1621.4
1,35,3,0,7,2,9,1,0,1,1,18893,7.54,20875,242,69,2608,2930,24.2,1889.3,14,3,1,2,7,2,0,0,0,1,13996,6.89,17308,200,54,20.0,1399.6
1,23,2,0,5,5,8,0,1,1,1,17204,6.75,16884,192,53,1373,402,19.2,1720.4,19,5,1,5,5,4,0,0,0,0,17133,7.43,16991,220,67,22.0,1713.3
0,20,2,1,7,7,8,0,0,0,1,15639,6.86,12137,191,47,-286,1024,19.1,1563.9,25,0,0,7,7,8,0,0,0,0,16067,6.86,17532,192,66,19.2,1606.7
1,25,2,1,8,4,12,2,1,1,1,20235,7.66,19618,223,66,3600,1699,22.3,2023.5,12,3,0,4,8,0,0,0,0,1,13064,7.31,15242,186,22,18.6,1306.4
0,9,3,1,5,8,5,0,1,0,0,15441,7.25,16973,217,59,-864,-1118,21.7,1544.1,21,6,0,8,5,12,1,0,0,1,19545,6.9,17139,221,78,22.1,1954.5
0,13,2,0,2,5,8,1,0,0,0,15125,6.82,16989,217,48,-1670,-2557,21.7,1512.5,18,4,1,5,2,6,1,0,0,1,17006,7.33,18605,235,50,23.5,1700.6
1,9,4,1,6,6,5,0,0,1,1,15203,6.9,18985,217,87,2020,132,21.7,1520.3,20,0,0,6,6,6,0,0,0,1,15746,6.83,17075,211,43,21.1,1574.6
0,28,3,1,8,7,8,0,0,0,1,15275,6.89,16455,243,41,-760,-1947,24.3,1527.5,12,3,0,7,8,8,0,1,0,1,15651,7.39,17186,204,35,20.4,1565.1
1,28,2,1,8,4,7,0,0,1,0,17499,6.51,16458,213,56,-117,571,21.3,1749.9,20,2,0,4,8,3,1,0,0,0,17581,7.02,16954,231,39,23.1,1758.1
0,22,3,1,5,3,6,0,0,0,2,13696,7.13,18004,249,59,75,-1003,24.9,1369.6,16,0,0,3,5,1,0,1,1,0,16818,6.77,19699,221,52,22.1,1681.8
0,21,0,1,5,11,3,0,0,0,1,15969,6.76,17968,219,40,1471,679,21.9,1596.9,23,2,0,11,5,8,0,0,0,1,17441,6.94,16228,215,51,21.5,1744.1
1,15,6,0,11,5,10,1,0,0,1,14677,7.1,18886,224,64,2413,2745,22.4,1467.7,18,0,1,5,11,6,0,1,0,0,14426,6.33,14845,228,59,22.8,1442.6
1,19,2,0,8,7,9,0,0,0,0,13960,7.25,17053,274,41,784,289,27.4,1396.0,13,2,1,7,8,11,1,0,0,0,17940,6.83,16357,205,51,20.5,1794.0
1,30,6,1,9,4,2,1,0,1,0,17748,7.37,18489,187,52,357,495,18.7,1774.8,21,2,0,4,9,5,0,0,0,1,15341,7.28,16929,199,49,19.9,1534.1
0,17,0,0,1,12,4,1,0,0,1,12122,6.09,15168,202,35,-3324,-4446,20.2,1212.2,17,1,1,12,1,7,1,1,0,2,20015,7.09,20871,256,81,25.6,2001.5
0,17,0,0,3,4,0,2,0,0,0,16827,6.98,16643,205,47,-1723,-929,20.5,1682.7,21,3,1,4,3,7,0,1,0,0,15790,6.51,16781,212,62,21.2,1579.0
1,10,2,0,4,8,1,0,0,0,0,16661,6.73,16419,186,77,-1335,-710,18.6,1666.1,18,1,1,8,4,10,0,1,0,2,16097,7.29,18449,257,60,25.7,1609.7
0,24,2,0,6,9,3,0,0,0,0,14470,6.38,13951,205,45,-3489,-903,20.5,1447.0,23,2,1,9,6,13,1,2,1,2,18954,6.88,16262,232,65,23.2,1895.4
0,18,2,0,2,6,8,0,0,1,1,15252,6.77,17125,242,56,-663,-1860,24.2,1525.2,20,4,1,6,2,9,1,0,0,1,17151,6.69,20240,256,51,25.6,1715.1
0,11,2,0,5,7,5,0,0,0,0,15283,6.82,17428,228,43,-749,575,22.8,1528.3,15,0,1,7,5,5,1,1,0,1,16390,7.13,19405,181,44,18.1,1639.0
1,17,2,0,12,3,9,0,0,0,0,18133,7.05,18922,200,64,1530,3403,20.0,1813.3,25,2,1,3,12,1,0,0,0,1,16292,6.43,17638,210,61,21.0,1629.2
0,11,0,1,2,7,1,1,0,1,0,14656,6.89,15383,181,33,-2188,-611,18.1,1465.6,25,1,0,7,2,7,1,1,1,1,19666,7.25,20153,232,72,23.2,1966.6
1,19,2,1,6,5,6,0,0,0,1,15056,6.46,19493,210,77,-308,-242,21.0,1505.6,19,1,0,5,6,6,0,0,0,2,15346,6.93,16156,242,46,24.2,1534.6
0,20,0,1,2,3,5,2,0,0,0,15273,6.64,16208,195,58,-1250,-166,19.5,1527.3,19,3,0,3,2,9,2,1,0,0,15218,7.16,18097,228,61,22.8,1521.8
0,17,0,0,7,9,9,0,0,0,0,17646,6.61,15124,244,57,-727,-720,24.4,1764.6,21,2,1,9,7,4,0,1,1,0,15379,6.98,19699,225,66,22.5,1537.9
1,26,2,0,7,7,6,1,0,1,1,19513,6.7,18226,243,57,894,2482,24.3,1951.3,17,0,1,7,7,0,0,0,0,0,13124,6.48,14012,190,55,19.0,1312.4
0,21,3,0,4,3,5,0,0,0,1,17417,7.1,16594,217,61,-572,-128,21.7,1741.7,24,0,1,3,4,8,1,0,0,0,14468,6.9,18567,230,52,23.0,1446.8
1,28,6,1,7,5,11,1,0,0,2,15096,6.93,15365,235,81,1942,3087,23.5,1509.6,34,1,0,5,7,3,0,0,0,0,16783,6.26,16241,185,46,18.5,1678.3
1,18,3,0,6,6,5,0,1,0,1,17365,6.66,19668,200,52,-764,-2256,20.0,1736.5,22,4,1,6,6,6,0,0,0,0,13385,6.51,18127,230,53,23.0,1338.5
0,34,4,0,1,8,5,0,0,0,0,13950,6.96,15784,201,54,-2890,-56,20.1,1395.0,19,1,1,8,1,7,0,0,0,1,17844,7.37,18839,248,47,24.8,1784.4
0,17,3,0,2,4,7,0,0,0,1,15509,6.3,18650,193,41,-73,-1029,19.3,1550.9,20,3,1,4,2,6,1,1,0,1,15767,7.01,15641,223,58,22.3,1576.7
1,16,3,0,8,4,5,1,0,0,1,16902,7.16,18279,225,69,190,-310,22.5,1690.2,25,1,1,4,8,5,0,0,0,0,16609,7.16,18309,241,52,24.1,1660.9
1,15,6,1,6,7,1,1,0,0,1,18571,7.45,19248,214,58,936,-187,21.4,1857.1,20,1,0,7,6,5,1,0,0,1,18032,6.75,17461,222,66,22.2,1803.2
0,17,0,0,2,6,7,1,0,0,0,14685,6.74,14925,207,53,-1952,-3307,20.7,1468.5,20,3,1,6,2,10,1,1,0,2,16555,6.94,19485,254,63,25.4,1655.5
1,12,1,0,5,4,6,0,0,0,0,17387,7.2,20336,243,46,-116,428,24.3,1738.7,20,1,1,4,5,4,1,1,0,0,17820,6.62,19207,221,60,22.1,1782.0
0,22,2,0,10,4,3,1,0,0,1,14771,7.88,16427,220,45,442,-540,22.0,1477.1,25,2,1,4,10,4,0,1,0,1,15885,7.29,17749,253,50,25.3,1588.5
1,16,5,1,14,0,13,1,1,0,1,20320,7.62,21002,202,66,3088,3769,20.2,2032.0,8,0,0,0,14,4,0,0,0,0,12026,6.06,14853,174,26,17.4,1202.6
1,25,1,0,10,3,15,2,1,1,1,20355,7.52,19369,278,72,2968,3355,27.8,2035.5,19,0,1,3,10,1,0,0,0,0,13406,6.47,15222,184,45,18.4,1340.6
0,12,3,1,6,9,7,0,0,0,0,14837,7.06,17876,215,54,-834,-1821,21.5,1483.7,26,3,0,9,6,8,1,0,0,1,16864,6.99,17666,195,63,19.5,1686.4
1,18,3,1,6,7,11,1,0,0,0,15924,6.66,17811,192,55,1447,-1247,19.2,1592.4,19,3,0,7,6,8,1,1,0,0,13789,7.0,18612,217,64,21.7,1378.9
0,20,2,1,0,11,0,0,0,0,1,16211,6.28,13036,200,33,-3342,-2467,20.0,1621.1,22,2,0,11,0,8,2,1,0,1,18866,6.95,20467,277,57,27.7,1886.6
0,30,3,0,0,6,5,0,0,0,0,15245,6.75,16391,232,40,-530,-1790,23.2,1524.5,16,3,1,6,0,6,0,0,0,1,16797,6.94,19628,228,56,22.8,1679.7
1,15,4,0,5,9,8,1,1,0,0,17474,6.88,19654,217,57,214,-6,21.7,1747.4,16,3,1,9,5,6,1,0,0,0,14186,6.02,19567,228,66,22.8,1418.6
1,22,3,0,5,1,8,2,1,1,2,17232,6.78,18077,233,37,2707,993,23.3,1723.2,22,0,1,1,5,6,0,0,0,0,13870,6.92,14210,242,40,24.2,1387.0
0,15,2,0,5,7,4,0,0,0,0,15400,6.27,16105,208,42,-1091,-672,20.8,1540.0,18,3,1,7,5,9,0,0,0,1,15554,6.78,16801,216,72,21.6,1555.4
0,14,1,0,3,7,0,1,1,0,1,14319,6.26,16603,245,55,-2441,-347,24.5,1431.9,17,2,1,7,3,8,0,1,0,0,20014,7.21,22086,210,52,21.0,2001.4
0,12,0,0,2,11,6,0,0,0,0,11632,6.19,14152,243,58,-3816,-3296,24.3,1163.2,25,2,1,11,2,9,2,0,0,2,19051,6.95,18975,269,67,26.9,1905.1
0,24,5,1,7,6,2,0,0,1,1,15701,6.48,18888,237,54,-117,-508,23.7,1570.1,17,5,0,6,7,4,1,0,0,2,17650,6.5,18038,236,76,23.6,1765.0
0,15,0,0,5,8,6,0,0,0,1,16439,6.83,15277,241,57,-1995,-1785,24.1,1643.9,22,2,1,8,5,6,1,0,1,1,18423,6.44,19750,240,64,24.0,1842.3
0,30,3,0,3,6,5,2,1,0,1,16076,7.27,16883,184,60,-2380,-801,18.4,1607.6,19,4,1,6,3,7,1,0,0,1,17770,6.53,18895,220,73,22.0,1777.0
0,20,2,0,5,7,4,0,1,0,1,16192,6.85,17391,202,43,-1604,-46,20.2,1619.2,22,2,1,7,5,10,0,1,1,1,19362,6.95,19018,253,60,25.3,1936.2
1,15,4,0,4,1,5,0,0,0,0,15023,6.63,17764,202,72,-379,-2026,20.2,1502.3,22,1,1,1,4,8,0,1,0,0,17565,6.83,20392,231,53,23.1,1756.5
0,15,0,0,4,12,3,0,0,0,0,16586,7.21,16326,213,51,-3206,-4744,21.3,1658.6,24,1,1,12,4,11,1,2,1,1,19592,7.92,19781,222,71,22.2,1959.2
0,13,3,0,5,7,5,0,0,1,0,15602,6.33,15100,227,48,-2096,-2745,22.7,1560.2,31,3,1,7,5,9,0,0,1,2,20038,7.23,20440,268,65,26.8,2003.8
1,28,3,1,12,0,13,2,1,1,1,18304,7.29,19647,242,82,3257,2598,24.2,1830.4,22,1,0,0,12,0,0,0,0,0,13659,5.81,14199,227,45,22.7,1365.9
0,9,0,0,3,7,3,0,0,1,1,14142,6.49,16030,199,57,-2174,-2623,19.9,1414.2,17,5,1,7,3,9,0,2,0,1,20290,7.11,18405,256,74,25.6,2029.0
0,11,1,0,5,10,1,0,0,0,0,13125,6.96,15928,209,56,-1880,-359,20.9,1312.5,20,2,1,10,5,13,1,0,0,1,17909,7.77,20074,218,48,21.8,1790.9
1,21,4,0,7,1,7,0,1,0,0,17094,7.08,19984,227,51,2285,3479,22.7,1709.4,12,0,1,1,7,0,0,0,0,1,13748,7.34,14841,191,57,19.1,1374.8
1,29,5,1,9,0,14,1,0,1,1,21043,8.22,21338,222,76,3590,5484,22.2,2104.3,24,2,0,0,9,1,1,0,0,0,11434,6.41,12630,173,36,17.3,1143.4
0,24,1,1,4,9,3,0,0,0,0,12156,5.95,16408,226,49,-2202,-2327,22.6,1215.6,21,2,0,9,4,9,1,0,0,1,16914,6.78,16529,247,60,24.7,1691.4
1,26,0,0,8,5,3,1,1,0,1,16136,6.57,17248,206,53,-864,-2000,20.6,1613.6,18,2,1,5,8,10,0,0,0,0,15802,6.61,16991,228,72,22.8,1580.2
1,23,1,1,4,5,5,1,0,0,1,16096,7.3,18688,219,65,101,1229,21.9,1609.6,26,2,0,5,4,5,1,0,0,0,14616,6.16,19014,226,42,22.6,1461.6
1,23,4,1,10,4,9,2,1,0,0,19568,8.19,19304,254,59,3369,2752,25.4,1956.8,15,0,0,4,10,0,0,0,1,0,13610,6.33,13935,193,28,19.3,1361.0
0,22,0,1,5,6,1,0,0,0,0,15256,7.21,17143,187,59,-1485,-1770,18.7,1525.6,35,5,0,6,5,6,1,1,0,1,17218,6.93,19703,245,57,24.5,1721.8
0,14,2,0,4,6,5,1,0,0,0,14446,7.06,16724,254,52,-993,-248,25.4,1444.6,24,3,1,6,4,6,1,1,1,0,17489,6.72,17855,254,57,25.4,1748.9
1,12,6,0,7,3,11,1,1,0,0,17279,6.82,21435,239,67,2514,2030,23.9,1727.9,22,2,1,3,7,5,1,1,1,0,14812,6.42,17478,213,60,21.3,1481.2
1,23,3,1,8,7,7,0,1,0,1,17264,6.8,19646,211,43,164,1816,21.1,1726.4,8,3,0,7,8,8,1,2,0,0,16697,6.86,14672,215,47,21.5,1669.7
0,14,3,0,5,7,1,1,1,1,1,16055,7.09,19348,238,55,929,-725,23.8,1605.5,15,1,1,7,5,10,2,1,0,0,16547,6.84,18016,211,52,21.1,1654.7
1,19,0,1,6,6,8,1,0,1,0,16190,7.15,17299,251,34,408,384,25.1,1619.0,27,3,0,6,6,5,1,0,0,1,16037,7.02,18765,205,63,20.5,1603.7
0,18,0,0,1,6,6,0,1,0,0,16047,6.42,14567,168,60,-2450,-327,16.8,1604.7,22,3,1,6,1,8,1,1,1,2,19558,7.18,22459,249,81,24.9,1955.8
0,21,3,0,5,8,8,0,0,0,0,17480,6.7,13710,152,56,-1729,-265,15.2,1748.0,21,0,1,8,5,4,0,1,1,2,15422,7.05,20182,201,29,20.1,1542.2
0,24,1,0,5,9,6,1,1,0,0,14767,7.22,15805,213,50,-1612,-1107,21.3,1476.7,22,1,1,9,5,7,2,0,0,1,17687,6.53,17398,195,59,19.5,1768.7
0,25,4,1,6,4,12,1,1,1,1,15135,7.24,17929,223,61,635,-71,22.3,1513.5,21,1,0,4,6,5,1,0,0,0,16174,7.05,16747,205,32,20.5,1617.4
0,20,2,0,4,8,7,0,1,0,0,14156,6.9,18650,219,51,-1213,-1227,21.9,1415.6,24,1,1,8,4,6,0,0,1,0,16806,6.63,17503,228,58,22.8,1680.6
1,19,8,0,7,6,14,1,0,1,0,16901,6.78,17359,256,46,189,362,25.6,1690.1,23,4,1,6,7,6,1,1,1,0,16178,6.46,16554,237,57,23.7,1617.8
1,23,2,1,6,9,11,1,1,1,2,18158,7.31,18265,238,59,2277,2692,23.8,1815.8,17,3,0,9,6,7,2,0,0,0,14605,6.28,16156,246,45,24.6,1460.5
0,17,3,1,6,7,9,0,0,0,0,18877,6.79,18601,218,51,249,408,21.8,1887.7,16,0,0,7,6,2,0,1,0,0,19364,5.93,17002,226,61,22.6,1936.4
1,20,1,1,6,5,5,0,1,1,0,15902,6.99,15325,242,49,-321,328,24.2,1590.2,22,0,0,5,6,5,2,1,0,0,15486,7.2,19461,224,50,22.4,1548.6
1,33,4,0,4,6,4,0,1,0,0,16564,6.99,18574,250,49,-249,-553,25.0,1656.4,19,1,1,6,4,8,1,0,0,1,17516,6.63,15414,191,48,19.1,1751.6
1,21,3,0,2,6,6,1,0,0,1,16205,7.11,19026,186,52,-212,-889,18.6,1620.5,20,1,1,6,2,10,0,0,0,0,16313,6.98,18687,213,69,21.3,1631.3
0,21,0,1,6,9,4,0,0,0,0,16037,6.04,18750,237,60,-776,-1382,23.7,1603.7,24,0,0,9,6,11,1,0,1,1,16189,7.24,18225,218,54,21.8,1618.9
1,17,2,1,8,3,5,1,0,0,1,16856,7.35,18186,217,67,561,1696,21.7,1685.6,24,1,0,3,8,11,0,1,0,2,16294,6.64,17046,203,56,20.3,1629.4
1,25,4,1,4,8,5,1,0,1,0,15325,7.22,17417,241,59,-149,965,24.1,1532.5,24,4,0,8,4,8,1,0,0,0,18463,6.32,17973,244,57,24.4,1846.3
1,28,5,1,12,0,10,1,1,1,2,19590,7.69,20829,229,81,4760,2041,22.9,1959.0,24,1,0,0,12,4,0,0,0,1,12594,6.45,14763,170,49,17.0,1259.4
1,27,1,1,7,4,8,0,0,1,2,20756,7.43,20714,221,80,1332,1600,22.1,2075.6,17,0,0,4,7,5,1,0,0,0,14923,6.49,16063,219,57,21.9,1492.3
0,22,2,1,6,7,8,1,0,0,0,16958,6.55,19344,240,82,2266,1768,24.0,1695.8,16,0,0,7,6,3,0,0,1,1,14338,7.1,15830,235,60,23.5,1433.8
0,24,5,0,3,9,3,0,0,0,1,17424,7.05,16615,234,40,-2714,-2355,23.4,1742.4,24,5,1,9,3,5,0,1,1,1,16621,6.92,16899,237,58,23.7,1662.1
0,24,1,0,3,9,4,1,0,0,0,14809,6.44,15394,236,56,-3258,-2590,23.6,1480.9,21,4,1,9,3,5,1,0,0,1,18651,7.13,18487,208,56,20.8,1865.1
1,24,3,1,10,4,5,1,1,1,1,19589,6.97,17962,204,70,1885,1779,20.4,1958.9,14,2,0,4,10,6,0,0,0,1,16006,6.97,15533,196,40,19.6,1600.6
0,20,4,1,6,5,7,1,1,1,1,16167,7.66,18375,231,60,-167,0,23.1,1616.7,23,4,0,5,6,6,1,0,1,0,16391,7.35,16331,211,73,21.1,1639.1
1,25,0,1,6,2,7,1,1,0,0,17753,7.12,18672,243,52,2537,2193,24.3,1775.3,12,2,0,2,6,5,0,0,0,0,16756,7.15,17176,193,35,19.3,1675.6
0,12,0,1,4,10,0,1,0,0,0,15418,6.38,14365,168,53,-4002,-3137,16.8,1541.8,24,5,0,10,4,10,0,0,1,2,17867,7.4,20903,259,63,25.9,1786.7
1,18,2,0,8,4,8,1,0,0,1,18801,6.97,18617,199,79,993,903,19.9,1880.1,15,4,1,4,8,7,1,1,0,0,16239,6.9,16286,236,44,23.6,1623.9
1,21,4,0,6,7,7,0,0,0,1,19271,7.08,21184,231,74,727,895,23.1,1927.1,15,2,1,7,6,4,0,1,1,0,15890,6.4,19030,204,62,20.4,1589.0
1,9,3,1,4,8,3,0,0,1,0,18313,6.37,17905,211,63,-591,-1012,21.1,1831.3,23,4,0,8,4,12,0,0,0,1,14925,7.12,20662,232,64,23.2,1492.5
1,23,3,1,7,7,4,1,0,0,0,14046,5.93,19527,220,54,151,-761,22.0,1404.6,19,2,0,7,7,5,1,0,0,0,18449,7.45,19513,236,59,23.6,1844.9
0,16,2,1,9,6,8,0,0,0,0,15483,6.57,18903,214,33,659,803,21.4,1548.3,17,1,0,6,9,5,0,0,0,0,13733,6.97,15762,204,63,20.4,1373.3
0,18,4,0,3,7,6,2,1,0,0,14842,6.91,19588,210,56,-1035,819,21.0,1484.2,15,1,1,7,3,5,1,0,0,1,15416,6.78,17677,177,36,17.7,1541.6
1,18,2,1,3,9,8,0,0,0,2,18406,7.1,16263,254,48,-2115,-1108,25.4,1840.6,17,2,0,9,3,5,0,1,1,1,18568,7.37,16349,204,74,20.4,1856.8
0,20,3,0,8,4,3,1,0,0,1,15624,7.1,18859,211,78,-1071,383,21.1,1562.4,19,2,1,4,8,6,1,1,0,0,15940,7.34,17061,223,56,22.3,1594.0
0,18,3,1,5,8,5,1,0,0,0,15730,7.07,17786,221,55,-2237,-1384,22.1,1573.0,24,2,0,8,5,5,1,1,0,1,16963,7.23,18278,212,55,21.2,1696.3
0,20,5,0,1,5,5,1,0,1,1,17340,6.63,19125,200,53,-847,157,20.0,1734.0,23,2,1,5,1,8,1,1,0,0,15872,6.49,15423,254,56,25.4,1587.2
1,23,3,0,8,4,9,1,2,1,1,18508,7.35,19554,258,65,908,1510,25.8,1850.8,8,1,1,4,8,2,0,1,0,1,12839,6.42,16026,190,62,19.0,1283.9
0,13,0,1,0,15,2,0,0,0,1,13335,6.5,12739,190,46,-4298,-4152,19.0,1333.5,19,5,0,15,0,10,2,2,0,2,20535,8.71,20396,255,52,25.5,2053.5
0,16,4,0,5,2,3,0,0,0,0,15450,7.09,16511,229,53,-1570,1105,22.9,1545.0,21,0,1,2,5,3,1,2,0,0,16806,7.17,17711,251,73,25.1,1680.6
1,26,4,0,8,8,8,0,0,1,0,18479,6.76,19793,252,56,1197,1180,25.2,1847.9,18,1,1,8,8,10,1,0,0,1,14096,6.35,19842,246,50,24.6,1409.6
0,10,1,1,5,5,12,0,0,1,1,15596,7.19,16703,223,68,644,1449,22.3,1559.6,25,3,0,5,5,1,1,1,1,0,17742,6.79,16117,214,54,21.4,1774.2
0,18,0,0,7,5,6,0,0,0,0,15854,6.85,17467,266,36,-714,-1812,26.6,1585.4,24,4,1,5,7,5,1,0,0,0,16796,6.28,17347,237,40,23.7,1679.6
0,14,3,0,3,9,0,0,0,0,0,14358,6.34,14924,229,51,-2572,-1560,22.9,1435.8,18,3,1,9,3,13,0,1,0,0,18140,7.2,18342,217,62,21.7,1814.0
1,23,0,1,4,3,6,1,1,0,1,17750,6.61,19379,223,53,201,252,22.3,1775.0,4,1,0,3,4,5,0,1,0,0,14916,6.81,16964,186,57,18.6,1491.6
1,16,0,1,9,3,9,1,1,1,1,19379,7.25,17847,228,77,3175,3790,22.8,1937.9,17,0,0,3,9,4,0,0,0,0,12866,7.04,17732,208,25,20.8,1286.6
0,14,1,1,4,7,1,0,0,0,0,13976,6.29,14733,182,45,-3596,-2462,18.2,1397.6,22,0,0,7,4,7,1,0,0,1,18525,8.06,18447,276,61,27.6,1852.5
1,21,3,1,8,7,10,0,1,1,0,16860,6.77,16676,218,54,2444,510,21.8,1686.0,17,2,0,7,8,1,0,0,1,0,14629,6.08,18609,239,62,23.9,1462.9
0,25,0,1,6,8,1,0,1,0,1,18131,6.7,16327,187,56,606,619,18.7,1813.1,16,4,0,8,6,6,0,0,1,1,17917,7.06,16599,233,57,23.3,1791.7
1,22,2,0,5,7,7,0,0,1,1,14846,6.73,18478,239,49,-530,-125,23.9,1484.6,21,1,1,7,5,9,1,0,0,0,17467,6.78,17459,251,59,25.1,1746.7
1,12,2,0,5,4,7,0,0,0,1,16028,7.42,13873,222,63,-744,-2736,22.2,1602.8,25,3,1,4,5,5,1,0,1,1,17658,6.93,18712,213,63,21.3,1765.8
1,17,1,1,4,4,8,0,1,1,1,14543,7.13,15829,218,57,-658,-1594,21.8,1454.3,22,2,0,4,4,6,1,0,0,1,17655,7.19,18877,225,50,22.5,1765.5
1,27,6,1,14,3,11,2,0,1,1,18870,7.0,18150,253,53,2969,2275,25.3,1887.0,15,2,0,3,14,2,1,0,1,0,13562,6.87,17046,212,47,21.2,1356.2
0,15,3,1,4,5,6,1,0,0,1,18455,7.43,17858,226,52,974,213,22.6,1845.5,18,3,0,5,4,6,1,0,1,2,17152,6.89,17251,198,70,19.8,1715.2
1,23,5,0,16,4,13,1,1,1,2,17307,7.48,19115,233,65,2910,2393,23.3,1730.7,11,2,1,4,16,2,0,0,0,0,15658,6.61,13475,195,56,19.5,1565.8
1,22,0,1,6,0,9,0,1,1,1,18953,6.72,19196,250,61,1666,3963,25.0,1895.3,12,5,0,0,6,3,0,1,0,0,14199,6.65,11973,215,52,21.5,1419.9
1,19,0,0,10,3,10,0,0,0,0,16339,7.04,19052,216,60,1283,-143,21.6,1633.9,25,0,1,3,10,3,1,0,0,0,14901,6.67,19721,162,46,16.2,1490.1
1,37,4,1,12,4,12,0,1,0,1,16156,7.42,17405,264,51,2038,2877,26.4,1615.6,18,1,0,4,12,5,0,0,0,0,14437,6.19,16256,224,42,22.4,1443.7
1,19,5,1,5,4,8,1,1,1,1,18075,6.91,18593,229,77,976,-1167,22.9,1807.5,19,1,0,4,5,8,0,0,0,0,15554,6.17,16219,226,43,22.6,1555.4
0,24,1,1,9,3,7,1,0,0,0,16384,6.48,18268,275,55,2392,-341,27.5,1638.4,17,3,0,3,9,3,1,1,0,2,15253,6.19,13863,216,65,21.6,1525.3
0,16,2,0,4,3,11,0,0,1,2,15266,6.08,17488,224,45,-1471,-1183,22.4,1526.6,24,2,1,3,4,8,1,0,0,2,15557,6.57,17505,218,50,21.8,1555.7
0,23,0,1,7,8,2,1,0,0,0,14816,7.17,17092,203,45,815,-43,20.3,1481.6,29,1,0,8,7,5,1,0,0,1,16853,7.13,17532,224,37,22.4,1685.3
0,23,1,0,5,6,4,0,0,1,1,14660,6.75,18047,216,41,-238,-1517,21.6,1466.0,19,3,1,6,5,8,0,0,1,0,14633,6.26,19052,221,62,22.1,1463.3
1,19,3,1,7,6,4,2,1,0,0,19571,6.9,18437,239,69,1011,972,23.9,1957.1,20,2,0,6,7,6,0,0,0,0,14579,6.61,16606,227,38,22.7,1457.9
0,17,1,1,2,12,4,0,0,0,1,16979,6.98,17807,204,43,-2381,-222,20.4,1697.9,16,3,0,12,2,8,1,0,0,2,19196,7.5,19211,277,42,27.7,1919.6
1,17,0,0,8,7,8,0,1,1,2,16577,7.12,20516,246,45,737,-38,24.6,1657.7,21,2,1,7,8,0,0,1,0,1,14527,6.54,14992,222,39,22.2,1452.7
0,14,0,1,4,6,4,1,0,0,0,16001,6.44,16938,243,49,-227,-11,24.3,1600.1,23,0,0,6,4,8,2,1,0,0,16548,6.64,16292,264,48,26.4,1654.8
1,28,0,0,7,2,7,1,0,0,1,18445,7.25,19617,239,65,1100,778,23.9,1844.5,15,1,1,2,7,5,0,0,0,0,14671,6.57,17126,209,40,20.9,1467.1
1,19,3,0,10,3,4,0,0,1,1,16270,7.39,18767,248,67,2113,644,24.8,1627.0,19,0,1,3,10,0,1,0,0,1,15685,6.48,16052,179,39,17.9,1568.5
1,12,4,0,11,6,11,1,1,1,0,19797,6.59,20192,245,53,2685,2618,24.5,1979.7,17,1,1,6,11,5,0,1,0,1,14138,6.48,13943,196,39,19.6,1413.8
1,30,3,1,5,4,6,1,1,0,1,19218,7.46,15775,216,35,325,208,21.6,1921.8,25,0,0,4,5,6,0,0,0,1,16507,7.41,17777,264,64,26.4,1650.7
0,13,0,0,0,12,4,1,0,0,0,12816,6.91,11627,164,34,-2435,-675,16.4,1281.6,26,1,1,12,0,10,2,0,0,2,18725,7.5,18278,226,86,22.6,1872.5
0,19,3,1,1,7,5,0,0,0,0,18027,7.08,17590,253,74,-1067,-263,25.3,1802.7,25,2,0,7,1,5,0,0,1,1,16765,6.82,20052,209,41,20.9,1676.5
1,26,2,0,5,8,4,0,0,0,0,13402,6.59,17316,239,25,-2161,-1865,23.9,1340.2,25,1,1,8,5,7,1,0,1,1,17937,7.67,19127,249,61,24.9,1793.7
0,18,2,0,6,7,7,1,0,0,1,15410,6.86,17364,196,40,51,-852,19.6,1541.0,19,2,1,7,6,5,0,2,1,0,19223,6.59,17402,226,47,22.6,1922.3
1,22,3,1,7,5,10,1,1,0,1,21609,6.95,20221,205,66,3486,3273,20.5,2160.9,7,2,0,5,7,1,1,0,1,0,15276,7.04,14687,191,54,19.1,1527.6
0,15,1,1,9,5,8,1,0,0,0,19623,6.75,18710,222,83,2059,-65,22.2,1962.3,25,2,0,5,9,2,0,1,0,1,17087,6.68,14252,204,45,20.4,1708.7
0,10,2,0,9,7,4,1,0,0,0,13875,7.23,16686,210,46,-1519,-1145,21.0,1387.5,21,3,1,7,9,4,1,0,1,1,18268,6.92,17876,235,63,23.5,1826.8
0,17,4,0,0,6,5,0,0,0,1,16079,6.46,17497,185,52,-1889,-209,18.5,1607.9,20,4,1,6,0,9,0,0,0,0,19365,6.9,18621,224,75,22.4,1936.5
0,22,4,1,5,7,5,0,0,1,0,14942,6.77,16975,213,68,467,-712,21.3,1494.2,27,2,0,7,5,5,2,0,1,1,15719,6.37,17476,193,63,19.3,1571.9
0,19,1,0,0,8,3,0,0,0,0,15412,6.85,17074,233,38,-2468,-1028,23.3,1541.2,31,3,1,8,0,9,2,1,0,1,19360,7.24,19039,207,55,20.7,1936.0
0,16,2,0,7,9,6,0,0,0,0,15073,6.04,16325,214,68,-705,-1160,21.4,1507.3,24,3,1,9,7,8,0,1,0,1,17919,7.18,22607,247,71,24.7,1791.9
1,21,1,1,6,11,10,0,1,0,0,17668,6.77,17860,209,48,-656,1516,20.9,1766.8,23,3,0,11,6,7,1,0,0,1,16889,6.7,16647,234,34,23.4,1688.9
1,13,4,0,8,5,7,1,1,0,1,18507,7.02,20749,244,69,2012,3052,24.4,1850.7,5,1,1,5,8,4,1,0,0,1,13848,7.13,12679,230,50,23.0,1384.8
1,24,1,0,8,9,5,1,1,0,2,17642,7.06,18515,221,85,2140,333,22.1,1764.2,25,4,1,9,8,6,0,0,0,0,16289,7.62,16346,226,47,22.6,1628.9
0,16,2,0,0,9,2,0,0,0,1,13053,6.53,15146,174,35,-4441,-3709,17.4,1305.3,18,4,1,9,0,10,0,0,0,1,21706,7.7,23217,264,62,26.4,2170.6
0,30,7,0,6,7,10,0,0,0,1,19615,6.95,19119,192,56,564,-1114,19.2,1961.5,17,0,1,7,6,3,1,0,0,0,15864,6.72,14570,234,54,23.4,1586.4
0,20,1,1,7,9,8,0,1,0,0,16012,6.93,14403,234,51,2113,-593,23.4,1601.2,14,0,0,9,7,7,1,1,1,1,17766,7.2,16773,228,63,22.8,1776.6
1,16,7,0,6,8,7,0,0,0,1,16283,6.49,18561,198,56,176,156,19.8,1628.3,17,1,1,8,6,3,0,0,0,0,15354,7.5,16267,235,58,23.5,1535.4
1,23,4,0,9,5,12,0,1,1,1,20643,6.37,19757,246,60,2805,1459,24.6,2064.3,21,1,1,5,9,6,0,0,0,0,14172,6.45,16969,213,44,21.3,1417.2
0,14,0,0,1,11,0,0,1,0,0,12360,6.29,12919,237,50,-5382,-2923,23.7,1236.0,35,3,1,11,1,4,2,1,0,1,16246,7.12,21394,224,72,22.4,1624.6
1,21,1,1,5,9,7,1,0,0,1,16890,6.44,16228,230,53,-712,-1764,23.0,1689.0,14,5,0,9,5,6,1,1,0,0,15417,6.85,16970,253,50,25.3,1541.7
1,21,6,0,9,2,6,1,0,0,0,16948,6.95,18702,231,62,1643,1068,23.1,1694.8,23,0,1,2,9,2,1,1,0,1,15949,6.68,16255,199,34,19.9,1594.9
0,11,2,0,4,13,4,0,0,0,0,13260,6.65,14169,230,45,-2323,-3620,23.0,1326.0,24,2,1,13,4,7,0,1,0,0,18543,7.43,19780,229,64,22.9,1854.3
1,15,2,0,6,1,11,1,0,1,1,19934,6.8,19751,263,63,4185,2244,26.3,1993.4,22,4,1,1,6,7,0,1,0,1,15508,6.75,12950,208,53,20.8,1550.8
1,22,2,1,10,8,7,0,0,1,1,17382,7.47,16958,261,58,1158,1350,26.1,1738.2,16,0,0,8,10,7,1,0,0,0,14672,6.05,18214,221,60,22.1,1467.2
1,29,3,1,8,6,8,0,0,0,1,17769,7.31,17635,218,61,1462,845,21.8,1776.9,22,3,0,6,8,7,1,0,0,0,16282,6.32,15761,228,50,22.8,1628.2
1,19,2,1,4,10,4,0,0,0,0,15925,6.7,15987,194,48,-360,-2799,19.4,1592.5,18,3,0,10,4,9,0,0,1,0,16842,6.67,19736,242,57,24.2,1684.2
1,26,3,0,6,9,12,1,0,1,1,18468,7.22,19574,200,67,1036,1607,20.0,1846.8,25,1,1,9,6,5,2,0,0,0,16468,6.52,17158,196,38,19.6,1646.8
1,27,5,1,13,6,9,1,1,1,0,16256,6.96,20689,251,60,2472,2280,25.1,1625.6,20,4,0,6,13,6,0,0,0,1,15191,6.13,16443,187,53,18.7,1519.1
1,22,0,0,12,3,7,1,2,0,0,18132,6.74,18563,246,62,2993,293,24.6,1813.2,30,2,1,3,12,3,0,1,0,1,15745,6.45,19702,224,54,22.4,1574.5
0,16,3,0,11,7,10,1,0,1,0,14761,6.27,17120,174,60,2257,-651,17.4,1476.1,15,3,1,7,11,6,1,0,0,0,17847,6.15,17228,232,52,23.2,1784.7
0,22,2,1,7,1,5,0,0,0,0,15566,6.13,18512,246,73,1944,1310,24.6,1556.6,23,2,0,1,7,7,1,1,0,1,17122,7.67,16973,212,59,21.2,1712.2
0,24,1,0,5,8,4,0,1,0,0,16192,6.65,17380,218,38,-1205,-1165,21.8,1619.2,18,2,1,8,5,2,0,0,0,0,19235,7.0,19565,241,47,24.1,1923.5
1,22,4,1,9,5,8,1,0,0,2,17523,6.26,17178,204,55,-1047,234,20.4,1752.3,24,0,0,5,9,8,0,0,0,1,17046,6.13,19413,222,60,22.2,1704.6
0,23,0,1,5,8,10,1,0,0,0,15643,7.1,16078,239,58,-597,347,23.9,1564.3,23,1,0,8,5,6,1,0,0,0,17408,7.24,19021,218,54,21.8,1740.8
1,18,0,1,8,3,7,1,0,0,0,18050,6.91,20292,232,65,2751,510,23.2,1805.0,20,3,0,3,8,2,0,0,0,1,17370,6.49,17771,228,58,22.8,1737.0
1,21,3,1,9,2,9,1,0,0,0,17503,6.95,18410,245,57,1618,1351,24.5,1750.3,19,2,0,2,9,10,0,1,0,1,14084,6.49,16856,209,55,20.9,1408.4
0,17,1,0,8,9,0,1,0,0,0,13046,6.38,16044,188,61,-809,-2568,18.8,1304.6,31,2,1,9,8,9,1,0,0,1,18504,8.01,18919,229,55,22.9,1850.4
0,19,0,1,9,9,9,1,0,0,1,15561,6.13,16569,200,34,-1007,-602,20.0,1556.1,22,1,0,9,9,6,0,0,0,2,18537,6.42,17341,229,57,22.9,1853.7
1,29,0,0,9,3,6,1,0,0,1,16900,7.43,21659,238,65,3057,1847,23.8,1690.0,20,1,1,3,9,5,0,0,0,0,14565,6.84,13387,181,56,18.1,1456.5
0,7,5,1,8,13,3,1,0,0,0,15446,6.9,18241,206,67,-771,-1752,20.6,1544.6,21,3,0,13,8,7,0,0,0,2,16614,7.53,19492,222,51,22.2,1661.4
1,19,2,1,4,7,5,1,2,0,0,15676,6.26,16911,206,50,-2051,-827,20.6,1567.6,26,2,0,7,4,5,1,0,0,1,15821,7.22,17769,226,58,22.6,1582.1
1,20,2,0,5,7,5,1,1,0,0,17295,7.12,19088,251,52,-753,141,25.1,1729.5,20,2,1,7,5,3,1,0,0,0,16710,6.05,14909,211,45,21.1,1671.0
0,15,6,0,7,5,3,0,0,0,1,16073,6.64,18421,239,71,932,865,23.9,1607.3,25,2,1,5,7,4,0,0,1,1,15249,6.86,14547,201,49,20.1,1524.9
1,23,4,0,6,5,3,1,2,0,1,17034,6.35,18861,207,54,859,371,20.7,1703.4,20,2,1,5,6,9,0,0,0,0,17287,6.89,14979,227,29,22.7,1728.7
1,19,5,1,7,6,9,1,0,1,0,19034,7.69,19226,238,48,3675,2094,23.8,1903.4,18,1,0,6,7,4,0,0,0,0,14561,6.96,12283,219,48,21.9,1456.1
1,20,1,1,7,2,11,1,1,1,0,19303,6.48,18939,269,67,977,2747,26.9,1930.3,20,3,0,2,7,2,0,0,1,0,14449,6.7,15030,202,42,20.2,1444.9
1,31,1,1,5,0,11,1,1,1,0,17000,6.46,17770,217,52,837,2320,21.7,1700.0,11,0,0,0,5,0,1,0,0,0,16829,6.56,18970,226,54,22.6,1682.9
0,26,3,1,5,5,8,0,0,0,1,15990,6.74,15704,200,65,99,-46,20.0,1599.0,10,3,0,5,5,3,0,0,1,1,17474,7.07,16745,225,46,22.5,1747.4
1,28,4,0,12,0,11,0,1,1,0,18789,7.66,19614,245,78,5270,3840,24.5,1878.9,19,3,1,0,12,3,0,0,0,0,14771,6.5,12887,209,33,20.9,1477.1
1,21,4,0,8,9,8,0,0,1,0,16441,6.7,17260,205,67,-874,155,20.5,1644.1,16,0,1,9,8,10,1,0,0,1,16258,6.4,17268,175,58,17.5,1625.8
0,15,0,0,4,8,5,0,0,0,0,13652,6.76,13972,202,48,-4953,-1963,20.2,1365.2,23,5,1,8,4,9,1,1,0,2,20056,7.14,18496,269,70,26.9,2005.6
1,33,4,1,10,4,10,0,1,0,1,18525,7.72,22815,238,72,2667,1530,23.8,1852.5,17,2,0,4,10,3,0,0,0,0,15505,5.88,16195,219,34,21.9,1550.5
0,23,3,1,2,8,5,1,0,0,0,15169,6.76,18083,224,51,-1477,-536,22.4,1516.9,21,2,0,8,2,7,1,0,0,0,17217,6.87,17695,246,51,24.6,1721.7
1,16,3,0,4,6,7,0,0,1,1,17366,6.75,18101,214,67,1438,-131,21.4,1736.6,13,2,1,6,4,5,1,0,0,0,15588,6.57,14436,220,58,22.0,1558.8
1,16,2,1,8,5,11,2,1,1,0,18976,7.53,19335,225,74,3087,901,22.5,1897.6,11,4,0,5,8,6,0,1,0,0,14771,7.15,14193,237,51,23.7,1477.1
0,20,2,0,5,9,0,2,0,0,0,13923,6.88,15796,200,55,-2645,-1505,20.0,1392.3,22,5,1,9,5,6,1,0,0,1,19456,6.67,20387,266,71,26.6,1945.6
0,17,0,0,2,9,4,0,0,0,0,17545,6.15,17359,179,56,-966,-1066,17.9,1754.5,21,1,1,9,2,11,1,1,0,0,19681,7.07,20547,205,69,20.5,1968.1
0,10,1,0,0,11,4,1,0,0,0,12653,6.84,15446,218,38,-2697,-2034,21.8,1265.3,27,2,1,11,0,10,0,1,0,1,20135,6.91,18894,219,57,21.9,2013.5
0,21,0,1,7,8,0,0,0,0,0,14747,6.53,15711,268,63,-1697,-1331,26.8,1474.7,21,1,0,8,7,8,1,0,0,1,18283,6.61,18562,227,60,22.7,1828.3
0,20,1,1,5,2,9,1,1,0,0,15897,6.97,17491,220,65,48,734,22.0,1589.7,22,5,0,2,5,5,0,0,0,1,15330,6.74,15246,234,63,23.4,1533.0
1,24,2,1,5,4,10,1,0,0,1,16311,7.36,16663,256,31,626,330,25.6,1631.1,17,6,0,4,5,7,0,1,1,0,15748,6.54,17645,199,56,19.9,1574.8
0,23,1,1,7,5,2,2,0,0,1,16586,6.69,16731,249,71,-847,-410,24.9,1658.6,26,1,0,5,7,5,0,0,0,0,14187,6.82,15958,226,36,22.6,1418.7
0,14,0,0,3,8,2,0,0,0,0,14900,6.93,16739,211,45,-1338,-3443,21.1,1490.0,28,4,1,8,3,9,0,0,0,1,16370,7.86,16971,261,65,26.1,1637.0
0,19,0,0,0,10,0,0,0,0,0,13293,5.89,15485,163,44,-4744,-3271,16.3,1329.3,25,4,1,10,0,12,2,0,1,0,18618,7.54,21601,261,48,26.1,1861.8
1,18,5,1,6,6,4,0,0,0,2,19944,6.93,18651,193,53,-1277,93,19.3,1994.4,12,3,0,6,6,7,1,0,1,2,17495,7.87,16284,244,55,24.4,1749.5
1,17,1,0,3,6,3,0,0,0,0,13884,6.26,15414,190,60,90,-266,19.0,1388.4,15,4,1,6,3,8,1,0,0,0,15560,6.84,19976,244,57,24.4,1556.0
1,18,3,1,6,7,6,1,1,0,1,16708,6.87,19444,196,61,726,-16,19.6,1670.8,21,2,0,7,6,2,0,0,0,0,16753,6.77,15562,231,46,23.1,1675.3
1,27,0,0,7,6,9,1,0,0,1,18241,7.43,17905,207,58,-422,-893,20.7,1824.1,21,0,1,6,7,7,0,0,0,1,16840,7.96,15929,207,39,20.7,1684.0
1,19,4,1,2,0,9,0,1,0,0,13327,6.29,17191,194,38,-1018,187,19.4,1332.7,12,2,0,0,2,5,1,1,1,0,15707,7.13,18551,205,75,20.5,1570.7
0,28,3,1,10,1,9,1,0,1,0,18429,6.52,17266,223,77,252,1691,22.3,1842.9,21,3,0,1,10,5,1,0,0,0,14199,5.9,16765,216,56,21.6,1419.9
1,29,1,1,3,0,4,0,1,1,2,18501,7.3,16005,255,54,-1029,-1387,25.5,1850.1,22,2,0,0,3,9,1,0,0,0,16098,7.1,17494,226,70,22.6,1609.8
1,17,2,0,5,4,9,0,1,0,1,16835,6.85,16900,202,47,608,-661,20.2,1683.5,33,3,1,4,5,5,0,0,0,0,17252,6.52,18164,213,45,21.3,1725.2
0,4,3,1,7,7,6,1,0,0,0,14681,6.62,15431,202,77,-509,-1748,20.2,1468.1,22,3,0,7,7,13,0,0,0,0,17798,6.59,17046,220,76,22.0,1779.8
1,25,0,0,7,7,0,0,0,0,1,15643,7.11,16653,212,66,-177,-1260,21.2,1564.3,24,0,1,7,7,7,0,0,0,0,15331,7.53,17213,196,35,19.6,1533.1
1,19,1,0,7,7,9,1,1,0,2,17175,7.18,18923,210,51,-1307,1263,21.0,1717.5,12,2,1,7,7,7,0,1,0,0,16418,6.63,17813,184,48,18.4,1641.8
1,17,2,1,4,4,8,1,1,0,1,17819,6.65,19676,222,46,894,2430,22.2,1781.9,17,2,0,4,4,8,0,0,0,1,13858,6.68,17288,216,69,21.6,1385.8
1,16,2,1,4,6,6,1,0,1,0,16667,6.77,18073,229,52,-357,-446,22.9,1666.7,18,2,0,6,4,4,1,0,0,0,15118,6.98,16228,235,48,23.5,1511.8
1,19,6,1,7,5,3,1,1,1,1,16218,7.05,17536,213,72,743,1180,21.3,1621.8,24,1,0,5,7,5,1,1,0,1,17677,6.19,16286,179,44,17.9,1767.7
0,26,1,0,5,5,10,0,0,0,1,17220,6.77,16474,201,41,-103,-219,20.1,1722.0,22,0,1,5,5,4,0,0,1,1,16894,6.37,17063,236,79,23.6,1689.4
0,21,3,0,8,3,7,0,0,0,1,16183,6.62,18685,225,52,-111,-903,22.5,1618.3,17,4,1,3,8,10,1,0,0,0,16028,7.01,15211,200,64,20.0,1602.8
1,28,5,1,12,6,10,0,1,0,0,20709,7.23,16612,241,73,512,2105,24.1,2070.9,14,3,0,6,12,3,0,0,0,0,14944,6.44,14824,215,56,21.5,1494.4
0,18,2,1,3,11,0,0,0,0,0,12499,6.2,12221,201,24,-4722,-2257,20.1,1249.9,27,3,0,11,3,12,2,0,0,0,18194,7.43,21399,232,74,23.2,1819.4
0,16,0,0,2,12,5,1,0,0,1,16378,6.62,14170,191,37,-2496,-1386,19.1,1637.8,30,1,1,12,2,11,1,0,1,0,16043,7.06,22404,236,57,23.6,1604.3
0,15,0,0,5,7,4,1,0,0,0,13566,6.51,15945,172,43,-3286,-1745,17.2,1356.6,31,4,1,7,5,5,1,1,0,1,20190,7.72,18129,244,72,24.4,2019.0
0,18,2,1,0,8,1,0,0,0,0,11714,6.46,14395,162,37,-4039,-4470,16.2,1171.4,22,2,0,8,0,11,1,0,1,1,19306,7.29,19224,232,88,23.2,1930.6
1,23,4,0,0,5,1,0,0,0,0,15524,6.13,14970,193,55,-270,-942,19.3,1552.4,22,0,1,5,0,9,1,1,0,1,17329,7.42,18827,207,34,20.7,1732.9
1,26,3,1,5,5,7,1,1,0,2,16131,7.15,18671,239,38,2316,1130,23.9,1613.1,24,3,0,5,5,4,1,1,1,0,16178,6.48,15542,190,49,19.0,1617.8
0,18,4,1,0,9,3,0,0,0,1,16530,7.35,17951,229,59,-1666,-204,22.9,1653.0,15,2,0,9,0,2,0,0,0,1,16919,7.44,18356,290,63,29.0,1691.9
0,21,6,1,6,6,5,1,0,0,1,17962,7.34,21093,226,54,-104,72,22.6,1796.2,25,4,0,6,6,5,1,0,0,0,15340,6.7,16506,242,46,24.2,1534.0
1,25,4,0,8,4,11,1,0,0,1,17448,6.95,20644,227,66,973,832,22.7,1744.8,14,2,1,4,8,6,0,0,0,0,16041,7.0,16701,195,33,19.5,1604.1
1,21,1,1,5,5,9,1,0,1,1,17359,7.35,19591,220,52,2946,426,22.0,1735.9,13,0,0,5,5,3,0,0,0,0,16067,6.38,16941,213,46,21.3,1606.7
0,14,2,1,4,5,6,0,0,1,0,17574,6.71,18595,199,39,174,302,19.9,1757.4,16,1,0,5,4,6,2,1,0,1,19305,6.33,17663,195,53,19.5,1930.5
1,19,5,1,6,5,6,1,1,1,1,17164,6.99,22579,233,57,3653,561,23.3,1716.4,18,1,0,5,6,8,0,0,0,1,14505,6.25,14227,239,41,23.9,1450.5
1,19,2,1,6,10,6,0,0,0,1,14762,6.99,16502,223,55,-322,-805,22.3,1476.2,19,4,0,10,6,8,0,0,0,1,16906,7.0,18731,189,59,18.9,1690.6
0,22,4,1,2,6,4,0,0,0,1,16398,6.61,14597,212,46,-1873,-669,21.2,1639.8,24,2,0,6,2,8,0,0,0,1,18054,6.66,17755,234,68,23.4,1805.4
0,25,2,1,7,7,2,0,0,0,1,15893,6.06,18232,203,39,-1462,-621,20.3,1589.3,22,4,0,7,7,4,0,0,0,1,15776,7.15,18883,209,60,20.9,1577.6
0,10,2,0,3,6,6,0,0,0,0,14368,6.86,15341,197,35,-2238,-1908,19.7,1436.8,26,3,1,6,3,9,0,1,1,1,17000,7.05,17700,232,58,23.2,1700.0
0,15,1,0,8,6,7,0,0,0,0,14137,6.82,14978,213,44,-1242,-589,21.3,1413.7,23,2,1,6,8,6,1,1,0,0,18456,7.27,18726,230,52,23.0,1845.6
0,17,2,1,4,8,3,0,0,0,0,16789,7.11,16902,217,74,-1701,991,21.7,1678.9,17,0,0,8,4,7,1,0,1,1,18863,7.18,16474,251,56,25.1,1886.3
1,26,3,1,12,1,9,1,0,1,1,18531,7.3,17432,222,70,-157,1785,22.2,1853.1,7,1,0,1,12,4,0,0,0,0,15541,6.54,18653,211,63,21.1,1554.1
1,21,0,1,10,0,5,2,1,1,1,16563,7.72,18316,240,66,2895,1938,24.0,1656.3,14,0,0,0,10,5,0,0,1,0,11613,6.07,14748,217,34,21.7,1161.3
0,15,1,0,2,11,4,0,0,1,0,18042,6.72,16577,239,46,-3551,-1451,23.9,1804.2,28,5,1,11,2,9,0,0,0,2,18834,7.23,16763,219,63,21.9,1883.4
1,14,0,1,12,6,9,0,0,1,1,15378,6.61,17251,196,69,340,510,19.6,1537.8,18,6,0,6,12,8,1,0,0,0,17268,6.66,19052,197,60,19.7,1726.8
0,20,1,0,0,10,1,1,0,0,0,14242,6.24,14202,225,49,-1533,-2526,22.5,1424.2,29,4,1,10,0,8,1,0,1,1,18084,7.01,20025,235,75,23.5,1808.4
0,20,1,1,6,2,7,0,0,0,2,16590,6.86,18175,229,58,-268,2369,22.9,1659.0,20,3,0,2,6,6,0,0,0,0,16804,7.36,19207,226,56,22.6,1680.4
0,16,3,1,2,6,6,1,0,0,1,13905,6.56,16829,213,43,-1204,441,21.3,1390.5,24,3,0,6,2,8,1,0,1,1,16630,6.76,17804,222,45,22.2,1663.0
0,15,3,1,0,14,10,0,0,0,0,12770,5.63,15659,197,55,-3447,-3885,19.7,1277.0,28,3,0,14,0,10,1,0,0,1,19356,7.65,18978,262,72,26.2,1935.6
1,27,3,1,3,3,14,1,0,0,1,17066,6.77,18415,203,55,3881,1914,20.3,1706.6,17,2,0,3,3,5,0,1,0,1,15276,6.27,16198,219,55,21.9,1527.6
0,14,0,0,6,6,6,0,0,0,0,15189,7.14,15982,187,43,-1642,-425,18.7,1518.9,25,1,1,6,6,8,1,0,0,1,17782,7.01,18663,219,57,21.9,1778.2
0,15,2,1,2,8,3,0,1,0,1,14788,6.39,18446,212,52,-452,-1075,21.2,1478.8,20,2,0,8,2,5,1,0,0,0,17169,7.07,17357,226,57,22.6,1716.9
0,24,0,1,3,6,4,1,0,0,0,16382,6.71,14645,245,65,-3201,-2280,24.5,1638.2,23,2,0,6,3,13,3,1,1,1,18185,7.44,18814,250,53,25.0,1818.5
1,19,1,1,7,9,8,0,0,1,1,15967,6.44,18098,195,53,104,-664,19.5,1596.7,27,1,0,9,7,9,1,0,0,0,18157,6.94,16169,239,56,23.9,1815.7
1,24,3,1,8,1,3,1,0,0,1,18207,7.01,18119,222,48,582,-1136,22.2,1820.7,17,3,0,1,8,4,2,0,0,1,16017,6.28,19697,173,71,17.3,1601.7
0,22,3,0,6,1,0,0,0,0,0,15833,6.72,18552,236,51,-298,1222,23.6,1583.3,14,3,1,1,6,8,0,0,0,1,17524,7.13,17840,251,71,25.1,1752.4
0,20,3,0,9,6,4,1,0,1,1,17766,6.71,17965,202,65,-42,-2141,20.2,1776.6,17,1,1,6,9,5,0,1,0,0,17073,6.85,18236,194,33,19.4,1707.3
0,19,4,1,10,3,9,1,0,0,0,17240,7.13,18397,213,64,297,1065,21.3,1724.0,14,1,0,3,10,2,2,1,0,1,15557,6.45,18382,223,55,22.3,1555.7
1,27,3,1,6,2,11,1,0,0,0,19256,7.05,19702,234,59,3860,1367,23.4,1925.6,9,2,0,2,6,2,0,1,0,0,16148,7.11,16416,190,44,19.0,1614.8
0,25,1,0,6,9,6,0,0,0,0,14757,6.4,18910,210,35,-1296,-1250,21.0,1475.7,29,2,1,9,6,5,1,1,1,0,17664,6.73,18189,228,57,22.8,1766.4
0,22,3,0,2,11,6,0,0,0,0,15848,6.49,16040,218,47,-3002,-2496,21.8,1584.8,25,2,1,11,2,8,1,0,1,2,20388,7.33,17179,258,69,25.8,2038.8
1,16,4,1,8,1,8,1,0,1,2,18217,7.68,17259,263,66,2036,1516,26.3,1821.7,16,2,0,1,8,0,0,1,0,0,13564,6.67,17238,191,62,19.1,1356.4
0,26,1,1,2,8,5,0,1,0,0,16078,6.56,17374,196,56,-582,660,19.6,1607.8,23,4,0,8,2,6,0,0,1,2,16359,7.58,16661,213,68,21.3,1635.9
1,20,3,1,7,3,9,1,1,0,2,19722,7.14,20374,228,77,1810,1287,22.8,1972.2,20,3,0,3,7,0,0,0,0,0,14802,7.5,16738,211,56,21.1,1480.2
1,17,2,1,6,6,11,0,1,1,0,16696,7.25,19531,244,74,576,2483,24.4,1669.6,16,1,0,6,6,4,0,0,0,1,15560,6.65,16982,176,56,17.6,1556.0
0,19,0,1,9,6,7,1,0,0,0,15878,6.87,16851,262,70,767,125,26.2,1587.8,15,2,0,6,9,8,1,1,0,1,16661,6.82,18524,210,50,21.0,1666.1
1,25,3,0,4,2,6,1,1,1,1,18572,6.47,17201,244,49,1237,785,24.4,1857.2,14,1,1,2,4,9,0,0,0,2,14407,6.61,18039,211,64,21.1,1440.7
1,27,1,0,5,0,11,1,1,0,2,18762,6.95,18552,244,70,3079,2765,24.4,1876.2,9,1,1,0,5,2,0,0,0,0,13378,6.82,13271,160,63,16.0,1337.8
1,23,4,1,11,0,14,1,0,0,1,19163,6.75,21339,263,61,3883,2055,26.3,1916.3,8,3,0,0,11,1,1,1,0,0,13714,6.5,14751,217,49,21.7,1371.4
0,24,0,0,3,6,5,1,0,0,1,14783,6.84,18613,217,53,815,-429,21.7,1478.3,29,2,1,6,3,7,0,0,0,1,16294,6.84,18121,191,72,19.1,1629.4
1,21,1,1,6,7,5,0,1,1,0,15621,6.46,19661,244,61,325,1040,24.4,1562.1,16,1,0,7,6,11,1,0,0,1,15920,7.14,18675,228,50,22.8,1592.0
1,19,2,1,10,2,7,0,0,0,0,19216,6.9,18105,231,52,590,1563,23.1,1921.6,17,0,0,2,10,7,0,0,0,0,14795,6.4,17102,186,48,18.6,1479.5
0,15,3,0,4,8,6,0,1,0,0,15609,6.77,16684,202,52,-307,-1451,20.2,1560.9,25,3,1,8,4,4,0,1,0,2,18065,6.93,16065,245,58,24.5,1806.5
0,23,1,1,6,3,5,1,0,0,1,15659,6.91,17735,233,44,-809,1080,23.3,1565.9,17,2,0,3,6,4,1,1,0,1,16971,7.19,16580,267,57,26.7,1697.1
1,20,0,0,6,9,8,2,1,0,0,15753,6.29,16785,210,56,1783,-458,21.0,1575.3,20,1,1,9,6,7,1,1,0,0,17678,6.79,18234,208,58,20.8,1767.8
1,14,3,0,9,2,3,0,1,0,0,15813,6.92,17857,248,51,434,-1471,24.8,1581.3,13,1,1,2,9,5,0,0,0,1,14938,7.35,17745,200,52,20.0,1493.8
0,23,1,1,2,7,4,1,0,0,0,15763,6.65,14935,236,45,-79,-1957,23.6,1576.3,22,3,0,7,2,3,2,1,0,2,18549,6.65,17947,226,48,22.6,1854.9
0,14,2,1,4,7,3,0,0,0,0,14831,7.0,16399,207,45,-3346,-2357,20.7,1483.1,24,1,0,7,4,11,1,0,0,1,19603,6.69,19180,258,84,25.8,1960.3
0,24,0,1,0,11,6,0,0,0,0,12868,6.42,16090,207,45,-3107,-3067,20.7,1286.8,17,1,0,11,0,12,1,1,0,1,19100,7.61,18909,284,70,28.4,1910.0
0,11,2,0,5,11,6,0,1,0,0,13663,6.93,16950,213,39,-3194,-2791,21.3,1366.3,20,4,1,11,5,10,1,0,0,1,17802,6.79,16943,228,69,22.8,1780.2
0,18,5,1,2,2,4,0,0,0,1,13846,7.43,16915,188,55,-649,189,18.8,1384.6,20,1,0,2,2,7,1,0,0,1,15874,7.54,19132,230,51,23.0,1587.4
0,16,1,0,7,8,4,0,0,0,0,17823,7.25,18265,233,52,-1430,-6,23.3,1782.3,23,1,1,8,7,1,0,1,0,0,15275,6.16,17701,213,50,21.3,1527.5
1,19,3,1,10,5,8,1,0,0,1,18877,6.99,19528,209,60,3795,3571,20.9,1887.7,12,2,0,5,10,0,0,0,0,0,15005,6.74,15176,193,40,19.3,1500.5
1,20,0,1,9,4,5,1,0,0,1,18712,7.1,17146,257,65,3744,1031,25.7,1871.2,13,4,0,4,9,1,1,1,0,0,15378,6.97,16400,228,66,22.8,1537.8
0,27,0,1,6,7,8,1,0,0,1,13878,7.65,15868,204,58,-982,-206,20.4,1387.8,31,0,0,7,6,8,0,0,0,1,17827,6.78,18666,213,79,21.3,1782.7
0,21,3,0,5,5,5,2,0,0,0,16547,6.68,17195,204,77,1187,1066,20.4,1654.7,25,3,1,5,5,2,1,0,0,0,17880,6.87,19296,229,56,22.9,1788.0
1,15,1,0,5,6,9,0,1,0,1,14541,6.77,20102,216,40,-746,-1040,21.6,1454.1,30,3,1,6,5,8,0,0,0,0,17483,7.12,16842,214,71,21.4,1748.3
0,10,3,1,6,11,6,0,0,0,1,16868,7.15,18167,235,65,-1337,-32,23.5,1686.8,25,1,0,11,6,6,0,0,1,0,17479,7.64,17871,186,63,18.6,1747.9
1,12,3,1,6,7,6,0,0,0,2,17684,7.08,17783,246,51,2312,1021,24.6,1768.4,19,0,0,7,6,6,0,1,0,1,16105,6.96,17111,168,66,16.8,1610.5
0,19,0,1,9,7,7,1,0,0,0,18332,6.88,19832,250,62,-408,2433,25.0,1833.2,25,1,0,7,9,8,0,0,0,0,15208,6.74,15966,249,61,24.9,1520.8
0,16,3,0,6,11,8,0,0,1,1,15059,7.15,17942,201,41,641,-504,20.1,1505.9,20,2,1,11,6,4,0,0,1,1,18473,6.83,20844,244,60,24.4,1847.3
1,21,1,0,7,7,6,0,0,0,1,18111,6.68,19028,213,67,2396,2385,21.3,1811.1,17,3,1,7,7,4,0,0,0,1,16659,6.47,14893,197,41,19.7,1665.9
0,6,0,0,6,8,5,0,1,0,0,13437,6.47,15852,200,41,-2394,-842,20.0,1343.7,26,1,1,8,6,12,0,0,0,0,16883,7.2,19461,217,55,21.7,1688.3
0,20,2,0,7,6,6,1,0,0,1,16656,7.06,16460,218,55,668,39,21.8,1665.6,22,2,1,6,7,5,1,1,0,1,16633,7.02,16993,222,48,22.2,1663.3
1,30,6,1,10,5,12,2,2,1,2,21062,7.18,21390,251,63,4926,4520,25.1,2106.2,17,1,0,5,10,0,0,0,0,0,13129,6.68,13748,211,45,21.1,1312.9
0,29,1,0,5,4,6,1,1,0,1,16339,7.41,19013,195,50,519,1366,19.5,1633.9,25,3,1,4,5,5,0,1,0,0,13776,7.42,15134,206,64,20.6,1377.6
1,13,3,0,9,2,8,1,1,0,0,18319,7.49,17674,237,56,2171,982,23.7,1831.9,15,0,1,2,9,6,0,1,0,1,16475,6.37,16776,196,32,19.6,1647.5
1,16,2,0,7,4,7,0,0,0,0,15477,7.37,18261,234,74,-1100,859,23.4,1547.7,16,2,1,4,7,4,1,0,0,0,14163,6.56,18284,240,64,24.0,1416.3
1,17,3,0,2,1,4,0,0,0,3,16310,7.73,18819,218,49,115,1478,21.8,1631.0,14,2,1,1,2,7,1,0,0,0,15059,6.96,17061,229,60,22.9,1505.9
1,21,4,1,4,4,9,0,0,0,0,15436,6.98,16418,220,63,419,-413,22.0,1543.6,21,4,0,4,4,2,1,0,1,0,16245,6.08,19078,229,52,22.9,1624.5
1,14,1,0,4,4,6,0,0,0,1,15398,6.37,17304,240,51,-679,1677,24.0,1539.8,20,2,1,4,4,3,0,0,0,0,17494,7.41,18754,243,46,24.3,1749.4
0,27,3,1,1,6,3,0,0,0,1,16558,6.84,14607,184,43,-1080,-1774,18.4,1655.8,26,1,0,6,1,8,1,0,0,1,18302,7.45,17259,238,65,23.8,1830.2
1,21,4,1,5,6,8,1,1,1,1,16240,7.11,18347,233,60,-253,1654,23.3,1624.0,21,1,0,6,5,4,0,0,0,0,16486,7.09,17099,196,58,19.6,1648.6
0,18,4,0,4,8,3,0,0,1,0,15279,7.08,17023,173,59,-2445,223,17.3,1527.9,23,1,1,8,4,11,0,0,0,0,16611,7.94,17577,271,71,27.1,1661.1
1,29,3,0,6,7,8,1,0,0,2,18405,6.79,19298,203,49,681,925,20.3,1840.5,12,0,1,7,6,7,1,0,0,0,14492,6.02,16223,200,53,20.0,1449.2
1,22,3,0,7,4,8,0,0,1,2,18384,6.72,19465,267,84,3648,3030,26.7,1838.4,23,0,1,4,7,0,0,0,0,0,14553,6.66,16758,173,47,17.3,1455.3
1,23,1,0,4,6,10,1,0,0,1,20107,6.88,19385,210,75,201,31,21.0,2010.7,17,0,1,6,4,3,0,0,0,1,16116,7.17,17185,220,58,22.0,1611.6
1,16,0,0,5,6,6,1,1,1,0,16911,7.33,16266,221,53,-1425,-2368,22.1,1691.1,25,3,1,6,5,9,1,0,0,0,16443,7.08,19912,212,57,21.2,1644.3
0,14,2,0,4,9,4,0,0,0,0,16751,7.1,19036,196,62,2059,-119,19.6,1675.1,20,1,1,9,4,3,0,0,0,0,14552,7.3,20621,239,35,23.9,1455.2
0,16,2,0,9,6,7,1,1,1,0,14350,6.75,16656,210,57,1120,-553,21.0,1435.0,20,3,1,6,9,5,0,0,0,1,17725,7.65,15865,201,61,20.1,1772.5
1,33,2,1,12,6,10,1,1,0,1,19233,7.1,17677,239,61,296,2016,23.9,1923.3,20,2,0,6,12,2,0,1,0,0,12768,7.17,16735,193,64,19.3,1276.8
0,20,2,0,1,7,0,0,0,0,1,13390,6.45,14438,212,51,-4068,-1717,21.2,1339.0,26,2,1,7,1,6,1,1,0,0,18073,7.4,18107,196,71,19.6,1807.3
0,21,0,0,3,6,2,0,0,0,1,15077,7.22,15604,227,46,1304,-640,22.7,1507.7,23,1,1,6,3,5,0,0,1,1,16533,7.14,19592,230,51,23.0,1653.3
0,11,1,0,4,15,7,0,0,0,0,12592,6.48,15357,192,56,-3713,-1758,19.2,1259.2,20,4,1,15,4,9,1,1,1,0,18722,7.39,20333,306,73,30.6,1872.2
0,22,4,0,4,11,2,0,0,0,0,13053,7.18,14112,218,43,-2164,-3441,21.8,1305.3,20,1,1,11,4,11,2,0,0,1,18784,7.79,17661,217,57,21.7,1878.4
1,16,4,0,13,0,8,1,0,0,2,18127,7.25,20410,241,69,2298,3223,24.1,1812.7,20,1,1,0,13,5,0,1,0,1,12453,6.65,17256,208,47,20.8,1245.3
1,14,3,0,13,2,8,1,2,1,0,17123,7.11,19174,198,59,2047,1424,19.8,1712.3,25,1,1,2,13,4,0,1,0,0,15075,6.7,16991,208,61,20.8,1507.5
0,16,2,0,0,11,3,0,0,0,0,15719,7.04,17187,207,44,-1396,-1108,20.7,1571.9,19,2,1,11,0,10,0,1,0,1,15188,7.23,17399,219,66,21.9,1518.8
0,27,1,0,5,9,0,0,0,0,0,17047,6.54,15258,182,35,-3046,-2735,18.2,1704.7,31,1,1,9,5,10,1,0,0,1,17357,7.35,19394,245,77,24.5,1735.7
0,24,0,0,0,12,0,0,0,0,0,12422,7.05,10942,163,34,-6090,-5481,16.3,1242.2,28,3,1,12,0,10,1,1,0,3,19765,7.71,20477,291,81,29.1,1976.5
1,17,2,0,6,5,3,0,0,0,0,17831,6.55,16362,213,50,-943,-2071,21.3,1783.1,23,3,1,5,6,6,0,0,0,0,18928,6.96,19159,257,44,25.7,1892.8
1,21,0,1,13,0,10,0,1,0,1,19499,7.4,20763,230,80,4353,3728,23.0,1949.9,20,2,0,0,13,0,0,0,0,1,13545,5.62,14082,194,52,19.4,1354.5
0,13,2,0,9,8,5,1,1,0,0,16833,6.41,17496,236,52,1559,552,23.6,1683.3,19,1,1,8,9,1,0,1,1,1,16356,6.64,15812,231,62,23.1,1635.6
0,19,2,0,7,6,1,1,1,0,0,12936,7.22,17848,226,62,-1192,-1391,22.6,1293.6,17,2,1,6,7,9,0,0,1,0,18890,6.88,21658,215,57,21.5,1889.0
1,22,2,0,6,4,6,1,1,0,0,18609,7.68,17691,175,44,45,-73,17.5,1860.9,21,3,1,4,6,0,0,0,1,1,16249,7.04,16138,193,43,19.3,1624.9
0,21,4,0,0,11,6,1,0,1,0,13275,6.64,16230,221,40,-3585,-2823,22.1,1327.5,24,3,1,11,0,14,1,0,0,1,18818,7.7,20375,232,68,23.2,1881.8
1,24,5,0,8,4,4,1,0,0,1,17013,7.35,16167,216,63,-770,1441,21.6,1701.3,17,4,1,4,8,9,1,0,0,0,19782,6.58,14855,269,51,26.9,1978.2
1,19,4,0,4,4,6,1,1,0,1,13671,6.42,18843,230,62,-1252,-1136,23.0,1367.1,17,3,1,4,4,9,1,0,0,0,16973,6.85,17509,229,60,22.9,1697.3
1,23,1,0,10,6,9,0,0,0,1,15547,7.17,18989,238,56,478,-1611,23.8,1554.7,26,3,1,6,10,1,0,0,1,1,15977,7.0,17219,198,50,19.8,1597.7
1,18,5,0,6,4,6,0,0,0,1,17748,7.31,17681,206,45,1901,451,20.6,1774.8,15,2,1,4,6,4,0,0,1,1,15162,6.99,16308,218,65,21.8,1516.2
1,23,3,0,6,3,14,1,0,0,1,16717,7.69,19201,225,65,2393,861,22.5,1671.7,22,2,1,3,6,6,1,0,1,0,17677,6.72,17125,211,57,21.1,1767.7
1,19,1,0,7,6,10,1,1,0,0,16416,7.3,18712,241,53,-102,462,24.1,1641.6,25,3,1,6,7,6,1,0,0,0,16402,6.48,16230,199,57,19.9,1640.2
0,21,2,1,1,8,5,0,0,0,0,15761,6.96,15359,214,56,-1601,-793,21.4,1576.1,26,3,0,8,1,5,1,1,0,1,17758,6.86,19004,259,62,25.9,1775.8
1,24,4,0,5,0,7,2,0,0,2,18640,7.02,18883,263,57,907,1660,26.3,1864.0,16,3,1,0,5,5,0,0,0,0,16630,7.04,16999,191,36,19.1,1663.0
0,24,2,1,12,4,13,2,0,0,2,17030,7.66,20221,223,62,3881,3137,22.3,1703.0,14,4,0,4,12,1,0,1,0,0,15361,6.09,15353,162,38,16.2,1536.1
0,22,2,0,0,7,2,0,0,0,0,15724,6.2,14018,209,45,-991,-1141,20.9,1572.4,19,2,1,7,0,7,0,0,0,1,18448,6.89,19455,243,76,24.3,1844.8
0,10,2,1,10,10,3,0,0,0,0,16538,6.56,15446,209,69,-1427,-1355,20.9,1653.8,27,2,0,10,10,9,2,0,0,1,18229,7.16,20559,208,52,20.8,1822.9
1,17,1,0,9,8,13,1,0,0,2,19534,7.16,19590,270,58,2673,3222,27.0,1953.4,24,1,1,8,9,3,0,0,0,0,14359,6.52,13495,210,53,21.0,1435.9
1,18,1,0,3,6,5,1,0,0,0,16250,6.19,15609,227,43,741,-1446,22.7,1625.0,24,3,1,6,3,8,0,0,0,1,16271,6.76,17879,181,47,18.1,1627.1
1,16,1,1,10,1,8,1,1,0,0,18092,7.48,17254,237,68,2274,636,23.7,1809.2,22,3,0,1,10,0,0,0,0,0,15764,5.85,16056,229,43,22.9,1576.4
0,17,3,0,0,10,3,0,0,1,0,16635,6.26,18276,258,33,-246,-974,25.8,1663.5,20,4,1,10,0,7,1,1,0,0,18787,6.37,19895,228,57,22.8,1878.7
1,21,1,0,8,1,4,0,0,1,1,18325,7.67,22002,255,55,3107,2263,25.5,1832.5,21,1,1,1,8,2,0,0,0,1,16187,6.77,14629,201,49,20.1,1618.7
1,27,3,0,6,10,9,1,1,0,1,18172,6.59,18536,211,70,-485,423,21.1,1817.2,21,2,1,10,6,7,0,0,0,1,16246,7.4,15854,210,75,21.0,1624.6
1,21,0,0,4,4,6,0,1,1,1,19639,6.94,17649,222,54,-308,217,22.2,1963.9,21,3,1,4,4,9,0,0,0,0,15192,6.16,17127,257,52,25.7,1519.2
1,28,1,1,8,1,12,1,1,1,1,17274,7.58,18876,256,60,2167,2791,25.6,1727.4,20,0,0,1,8,8,0,0,0,0,13155,6.12,14110,223,58,22.3,1315.5
1,21,0,1,9,12,5,1,1,0,0,16401,7.58,18217,200,73,522,-463,20.0,1640.1,10,1,0,12,9,8,1,1,0,1,15791,6.61,17946,234,55,23.4,1579.1
1,15,1,0,4,9,3,0,0,0,0,15071,6.49,15658,226,50,-1073,-1576,22.6,1507.1,18,2,1,9,4,11,1,0,0,0,17515,7.14,19360,240,52,24.0,1751.5
0,20,2,0,6,11,3,1,0,0,1,13459,6.56,18748,240,45,379,-260,24.0,1345.9,23,0,1,11,6,9,2,0,0,1,17486,7.15,19543,252,65,25.2,1748.6
0,25,3,0,5,5,9,1,0,0,0,17603,7.4,18613,238,64,192,12,23.8,1760.3,15,4,1,5,5,4,0,0,1,0,15769,6.54,16468,238,54,23.8,1576.9
0,23,0,1,0,9,1,0,0,0,0,14138,6.6,16446,190,42,-1355,-2448,19.0,1413.8,26,2,0,9,0,9,1,1,0,2,18646,6.65,18423,223,67,22.3,1864.6
1,21,2,0,7,0,8,0,0,1,2,18383,7.28,19150,222,58,387,2513,22.2,1838.3,26,3,1,0,7,7,0,0,1,0,13403,7.32,18481,166,58,16.6,1340.3
0,11,1,1,0,9,5,1,1,0,0,16820,6.91,15937,227,50,-2430,-841,22.7,1682.0,26,2,0,9,0,9,1,0,1,1,17540,7.01,19370,233,75,23.3,1754.0
1,14,3,0,6,4,6,0,1,0,1,18311,7.18,20578,243,44,-155,3140,24.3,1831.1,10,2,1,4,6,5,0,0,0,1,13457,6.15,16456,204,57,20.4,1345.7
0,14,0,1,0,11,0,0,1,0,0,14268,6.24,15122,240,47,-4610,-2478,24.0,1426.8,22,2,0,11,0,12,2,1,0,1,17386,7.21,21364,262,75,26.2,1738.6
0,7,1,1,0,9,4,0,1,0,0,13899,7.3,14860,195,72,-1570,-218,19.5,1389.9,25,1,0,9,0,9,1,1,0,1,17202,7.63,19706,262,62,26.2,1720.2
0,26,0,1,4,10,2,0,0,0,0,14059,6.03,13907,213,24,-3709,-2865,21.3,1405.9,23,3,0,10,4,10,0,1,0,1,18901,6.87,18250,236,64,23.6,1890.1
0,21,4,0,4,6,9,1,0,0,1,16745,6.2,13603,206,64,-3391,-1714,20.6,1674.5,28,3,1,6,4,3,0,1,0,0,16672,7.88,16715,190,66,19.0,1667.2
1,17,0,0,5,6,7,0,0,0,1,17853,6.64,17719,176,54,1225,459,17.6,1785.3,15,3,1,6,5,7,1,0,0,1,15543,6.67,18597,221,36,22.1,1554.3
1,14,1,0,7,6,5,1,1,1,0,16042,7.47,17062,244,47,-235,-806,24.4,1604.2,19,1,1,6,7,3,1,1,0,0,16875,6.39,18770,225,65,22.5,1687.5
0,25,2,1,2,8,5,1,0,1,0,16660,7.57,18419,213,57,44,62,21.3,1666.0,21,3,0,8,2,9,0,1,0,1,18109,6.8,18263,226,64,22.6,1810.9
0,14,2,0,3,6,5,1,1,0,0,15307,7.19,19551,245,61,946,320,24.5,1530.7,23,1,1,6,3,4,0,0,0,0,17708,6.99,18815,238,62,23.8,1770.8
1,15,1,1,9,5,5,0,0,0,1,18634,6.31,18513,240,58,-1251,1330,24.0,1863.4,14,0,0,5,9,4,0,0,1,1,16447,6.81,17221,184,58,18.4,1644.7
0,14,0,1,9,7,2,0,1,1,0,16213,6.89,13874,225,41,-959,-2577,22.5,1621.3,28,3,0,7,9,6,1,0,0,2,18656,7.27,20076,207,75,20.7,1865.6
1,22,1,0,9,3,9,2,0,0,1,17638,7.06,19244,222,56,1584,-132,22.2,1763.8,24,4,1,3,9,5,0,0,1,0,14992,6.83,17143,207,57,20.7,1499.2
1,24,1,1,8,3,11,0,0,1,2,17889,6.75,17732,218,60,2116,-318,21.8,1788.9,20,3,0,3,8,2,0,0,0,0,16017,6.47,15755,230,58,23.0,1601.7
1,27,5,0,6,6,6,1,1,0,0,17606,7.52,18254,268,61,1811,-897,26.8,1760.6,13,1,1,6,6,7,0,0,0,2,17017,7.19,17835,170,49,17.0,1701.7
0,26,6,1,6,3,8,1,0,0,1,18022,7.55,20081,235,69,859,2358,23.5,1802.2,32,2,0,3,6,0,0,1,0,0,16787,6.8,16846,197,57,19.7,1678.7
1,21,2,0,7,3,5,2,1,0,1,16585,6.76,16900,266,42,3348,341,26.6,1658.5,18,3,1,3,7,4,1,0,0,1,15124,7.12,18254,217,59,21.7,1512.4
1,29,1,1,13,3,10,1,1,0,2,20163,7.78,18356,246,69,4841,3843,24.6,2016.3,8,0,0,3,13,4,0,1,0,0,15224,6.47,14330,183,56,18.3,1522.4
1,16,3,0,7,6,3,1,0,0,0,18746,6.69,17362,229,53,-461,-719,22.9,1874.6,16,2,1,6,7,6,0,0,0,1,18226,6.91,18387,270,50,27.0,1822.6
1,10,0,1,7,8,3,1,1,0,0,17125,6.87,15155,230,53,-1220,-117,23.0,1712.5,10,0,0,8,7,9,3,0,0,1,19031,6.99,17968,240,71,24.0,1903.1
0,15,1,0,2,7,2,0,1,0,0,15045,6.25,16428,236,60,-2461,-1251,23.6,1504.5,16,0,1,7,2,8,1,1,1,0,17384,7.21,20667,248,42,24.8,1738.4
0,14,1,1,5,7,4,0,0,0,0,14646,6.39,16253,164,42,-2350,-2959,16.4,1464.6,21,1,0,7,5,12,1,0,0,1,15545,7.23,19012,256,70,25.6,1554.5
0,14,1,1,2,5,1,0,0,0,0,15033,6.1,13646,198,40,-1943,-246,19.8,1503.3,33,3,0,5,2,11,1,0,0,1,19639,7.76,17590,245,59,24.5,1963.9
0,13,1,1,4,5,0,0,1,0,1,17074,6.54,15505,222,37,-1928,-480,22.2,1707.4,16,5,0,5,4,6,1,0,0,1,19815,6.78,17419,201,76,20.1,1981.5
1,18,0,1,7,4,2,0,0,0,1,16943,6.29,18722,251,55,870,-1661,25.1,1694.3,27,0,0,4,7,8,1,0,0,0,17116,6.38,18729,204,72,20.4,1711.6
1,24,1,1,6,6,6,2,1,0,0,14820,7.94,19808,244,48,1756,-97,24.4,1482.0,21,3,0,6,6,0,1,1,0,0,15659,6.41,17384,254,59,25.4,1565.9
1,29,4,0,4,6,4,2,0,0,0,15363,6.72,19233,214,46,654,1186,21.4,1536.3,16,1,1,6,4,4,1,1,0,0,15864,6.83,17000,203,62,20.3,1586.4
0,10,2,1,5,5,3,0,0,0,1,14226,6.84,18001,222,53,-1559,-442,22.2,1422.6,8,2,0,5,5,9,0,0,1,1,17328,7.88,17286,231,53,23.1,1732.8
1,15,3,1,8,0,8,1,1,0,1,18528,7.33,19018,287,56,2814,1039,28.7,1852.8,17,1,0,0,8,5,0,1,0,1,17366,6.83,16041,203,57,20.3,1736.6
1,18,0,1,8,5,5,0,0,0,2,16028,6.54,16393,236,55,1441,2935,23.6,1602.8,15,0,0,5,8,3,0,0,1,0,15892,6.67,14867,179,34,17.9,1589.2
0,24,3,1,7,8,5,1,1,0,1,17569,7.05,18328,216,59,1549,71,21.6,1756.9,32,1,0,8,7,6,1,1,0,1,17459,6.53,18065,255,43,25.5,1745.9
1,18,1,0,7,10,10,0,0,0,0,17623,6.5,16399,230,44,-2737,-2263,23.0,1762.3,17,1,1,10,7,8,1,0,0,1,17088,6.91,19726,218,70,21.8,1708.8
1,17,4,0,9,3,6,2,0,1,0,18316,7.12,15184,225,62,1187,1634,22.5,1831.6,20,1,1,3,9,4,1,0,0,0,13495,6.09,16061,215,50,21.5,1349.5
0,24,2,0,8,8,6,0,0,0,0,14313,6.94,18206,230,67,841,-637,23.0,1431.3,16,3,1,8,8,3,1,1,0,1,19823,7.37,17681,211,46,21.1,1982.3
0,22,0,0,2,10,4,0,0,0,0,13461,6.44,15462,215,40,-934,-1774,21.5,1346.1,23,2,1,10,2,11,1,1,0,1,17050,6.88,20362,216,50,21.6,1705.0
0,20,0,1,5,7,4,0,0,1,2,16093,6.62,17529,210,64,-329,315,21.0,1609.3,24,3,0,7,5,5,0,1,0,0,17441,7.8,16262,232,54,23.2,1744.1
0,16,5,1,8,4,5,0,2,1,1,16222,7.42,16800,214,46,1201,-853,21.4,1622.2,14,4,0,4,8,8,0,1,0,0,16901,7.18,17051,221,59,22.1,1690.1
0,20,3,0,3,8,4,0,0,0,0,14137,7.2,15259,250,69,-3556,-1589,25.0,1413.7,24,0,1,8,3,10,0,0,0,1,19062,7.17,17276,240,65,24.0,1906.2
1,19,3,0,7,10,7,1,1,0,1,15804,7.17,17986,203,61,244,2660,20.3,1580.4,17,1,1,10,7,8,0,1,0,1,17561,6.74,19649,256,60,25.6,1756.1
0,16,4,1,1,13,1,0,0,0,0,14572,6.68,15270,185,41,-1906,-3474,18.5,1457.2,21,2,0,13,1,8,1,0,0,1,19307,7.22,18816,245,42,24.5,1930.7
1,20,3,1,13,3,10,1,0,1,1,17747,6.92,18896,240,73,2840,146,24.0,1774.7,18,1,0,3,13,0,0,0,0,0,15150,6.68,15745,207,38,20.7,1515.0
1,27,5,0,9,4,12,1,0,1,1,17869,7.38,17858,219,53,2024,2138,21.9,1786.9,25,1,1,4,9,4,0,0,0,0,16389,6.17,16475,208,44,20.8,1638.9
1,21,1,0,6,2,1,0,0,0,1,17004,6.7,15596,231,37,-1345,435,23.1,1700.4,27,2,1,2,6,7,0,0,1,1,19358,6.93,17853,205,48,20.5,1935.8
1,26,3,0,6,8,8,0,0,0,0,14281,6.37,17043,232,47,625,939,23.2,1428.1,14,4,1,8,6,5,1,1,1,1,14928,6.24,16074,208,57,20.8,1492.8
0,22,0,1,5,13,1,1,1,0,0,11190,6.12,15376,208,27,-4232,-3718,20.8,1119.0,24,4,0,13,5,10,0,1,1,2,19119,7.69,19947,264,66,26.4,1911.9
0,20,1,0,1,9,3,0,0,0,1,14295,6.56,16879,231,34,-2039,-2019,23.1,1429.5,26,3,1,9,1,9,2,1,0,0,18935,6.71,21129,209,61,20.9,1893.5
0,17,2,0,4,5,6,1,0,0,0,15595,7.17,14855,227,60,1341,600,22.7,1559.5,21,5,1,5,4,7,1,1,1,1,17801,6.81,19265,237,45,23.7,1780.1
0,23,0,0,6,9,7,0,0,0,0,14262,6.71,16109,233,55,-2651,-1344,23.3,1426.2,20,0,1,9,6,9,1,1,0,1,18813,7.42,19374,230,65,23.0,1881.3
1,24,3,1,8,8,8,1,1,0,1,17516,7.04,17644,195,53,2329,1013,19.5,1751.6,18,2,0,8,8,3,1,0,1,1,14341,6.75,13481,223,57,22.3,1434.1
1,37,3,1,9,2,12,2,0,1,2,18846,7.36,22712,245,81,4049,3019,24.5,1884.6,15,0,0,2,9,0,0,0,0,0,13690,6.42,13160,196,49,19.6,1369.0
0,19,0,1,2,14,4,1,0,0,0,16671,6.94,14988,172,36,-2440,-1656,17.2,1667.1,21,2,0,14,2,10,1,0,1,2,17986,6.78,18656,243,59,24.3,1798.6
0,22,1,0,4,10,5,0,0,0,0,14090,6.34,15203,218,62,-789,-1187,21.8,1409.0,13,2,1,10,4,9,1,1,0,1,17238,6.56,18436,230,66,23.0,1723.8
1,22,2,1,7,3,5,1,0,0,1,16946,7.01,16703,252,47,1874,118,25.2,1694.6,14,0,0,3,7,6,1,0,0,0,17414,6.87,17426,213,47,21.3,1741.4
1,23,4,1,13,2,9,1,1,0,0,18439,7.71,21265,215,67,1611,1221,21.5,1843.9,13,0,0,2,13,4,1,0,0,0,14972,6.59,13304,225,37,22.5,1497.2
0,16,2,1,5,7,3,0,1,0,1,14716,6.64,13597,168,43,-112,-2326,16.8,1471.6,16,3,0,7,5,13,0,1,2,1,18161,6.97,17981,204,77,20.4,1816.1
0,22,4,0,9,7,7,1,0,0,0,16456,6.9,16400,211,55,2201,-1161,21.1,1645.6,27,3,1,7,9,6,0,0,0,0,16824,6.84,16704,237,45,23.7,1682.4
1,26,4,1,9,5,6,1,1,0,0,20104,7.29,19958,260,68,4265,2352,26.0,2010.4,19,0,0,5,9,3,0,0,0,1,13970,6.04,15054,241,41,24.1,1397.0
0,22,0,0,4,13,0,0,0,0,1,14633,5.83,15974,206,40,-3217,-1556,20.6,1463.3,26,0,1,13,4,7,0,1,1,1,20200,7.05,20606,222,49,22.2,2020.0
0,19,1,0,0,8,6,0,0,0,1,13353,6.65,16553,195,46,-2842,-991,19.5,1335.3,22,0,1,8,0,10,1,1,1,1,18118,7.04,18136,243,60,24.3,1811.8
0,17,1,0,5,8,9,0,0,0,0,17375,6.36,13919,221,45,1502,-1290,22.1,1737.5,27,3,1,8,5,7,0,0,0,2,17797,7.27,18687,210,52,21.0,1779.7
0,17,2,0,5,10,1,0,1,1,1,16375,6.81,15843,185,39,-47,728,18.5,1637.5,18,2,1,10,5,4,0,1,1,1,15742,6.46,16067,194,51,19.4,1574.2
1,15,2,1,12,8,6,0,0,1,0,17213,6.9,19174,235,42,2657,2026,23.5,1721.3,25,2,0,8,12,4,0,0,0,1,15148,6.42,16782,233,48,23.3,1514.8
0,29,1,1,10,3,5,0,0,0,0,17765,7.65,16732,210,57,2458,1752,21.0,1776.5,21,5,0,3,10,8,1,0,0,0,14286,6.72,16989,227,66,22.7,1428.6
0,14,1,1,2,11,3,0,0,1,0,13257,6.35,13625,217,62,-1674,-3761,21.7,1325.7,24,1,0,11,2,7,2,1,0,1,19326,7.77,18768,248,53,24.8,1932.6
1,26,3,1,5,2,7,0,0,0,1,17445,6.26,19075,199,50,777,245,19.9,1744.5,15,3,0,2,5,5,0,0,0,1,15374,6.69,18863,221,66,22.1,1537.4
0,20,0,1,3,6,7,1,0,0,1,14351,6.73,18269,216,58,-1696,-2050,21.6,1435.1,27,3,0,6,3,8,1,1,0,1,15491,6.3,19359,216,43,21.6,1549.1
1,24,3,1,8,0,5,1,0,0,0,19213,6.73,18449,230,73,1646,3046,23.0,1921.3,12,2,0,0,8,2,0,0,1,0,13750,5.99,16937,180,49,18.0,1375.0
0,18,0,0,7,6,6,1,0,0,0,16068,6.89,16289,235,47,-1236,45,23.5,1606.8,28,2,1,6,7,8,1,1,0,1,19995,6.91,18230,232,54,23.2,1999.5
0,15,3,1,6,4,4,2,0,0,1,15605,7.06,15460,198,44,-2157,-2904,19.8,1560.5,13,1,0,4,6,8,1,1,0,1,17688,7.28,18460,229,61,22.9,1768.8
1,16,3,0,8,2,5,1,2,0,0,17895,6.7,19184,188,62,1200,1101,18.8,1789.5,14,1,1,2,8,9,0,0,0,0,15591,6.74,17584,209,52,20.9,1559.1
1,30,5,1,9,2,9,0,1,0,2,15713,7.2,20854,243,67,129,2406,24.3,1571.3,15,0,0,2,9,1,1,0,0,0,17688,7.03,19691,202,42,20.2,1768.8
0,21,1,0,5,6,6,0,1,0,0,18104,7.1,18199,201,66,2118,-195,20.1,1810.4,15,1,1,6,5,9,0,0,1,1,15018,6.45,14422,226,58,22.6,1501.8
0,22,3,0,1,10,2,1,0,1,1,13219,6.11,15128,198,35,-1439,-3551,19.8,1321.9,22,2,1,10,1,12,0,1,0,2,16193,7.06,19394,231,63,23.1,1619.3
1,28,4,1,8,1,10,0,1,0,1,19293,6.86,18068,235,78,1565,1153,23.5,1929.3,18,1,0,1,8,13,0,0,0,1,15702,6.49,16792,183,38,18.3,1570.2
0,16,1,0,2,14,4,0,0,0,0,14995,7.13,16310,163,47,-1273,-2119,16.3,1499.5,19,4,1,14,2,9,1,0,0,0,17517,6.93,17306,206,65,20.6,1751.7
0,23,2,0,3,4,11,1,1,0,1,15289,6.9,14541,201,55,1326,1667,20.1,1528.9,20,2,1,4,3,7,0,0,0,2,16814,7.58,16951,260,57,26.0,1681.4
0,17,0,0,0,6,0,0,0,1,0,17207,6.43,13461,225,48,-3363,-3079,22.5,1720.7,22,4,1,6,0,8,1,1,0,0,20841,7.79,18641,237,89,23.7,2084.1
1,15,0,1,9,6,7,2,0,0,1,17945,7.07,19866,245,69,124,1337,24.5,1794.5,28,2,0,6,9,7,0,1,0,0,15061,6.95,17600,239,71,23.9,1506.1
1,17,0,1,3,8,2,0,1,0,0,14127,6.59,18809,209,75,-978,-1221,20.9,1412.7,30,0,0,8,3,9,1,1,0,0,15957,7.3,17724,231,70,23.1,1595.7
0,20,0,0,4,7,1,2,0,0,0,15018,6.52,15301,184,49,-4096,-1997,18.4,1501.8,20,2,1,7,4,6,1,1,1,1,18004,7.43,19295,233,59,23.3,1800.4
1,19,5,0,5,5,6,0,0,0,1,18716,7.24,17383,282,50,1578,1604,28.2,1871.6,17,1,1,5,5,2,1,1,0,0,13973,6.59,17337,191,58,19.1,1397.3
0,19,0,0,7,4,9,0,1,0,1,13127,7.02,19317,230,60,1525,-290,23.0,1312.7,11,0,1,4,7,6,0,0,0,1,16141,7.65,18552,229,62,22.9,1614.1
0,18,2,1,4,7,4,0,0,0,0,15844,7.68,17913,231,57,-1778,-2044,23.1,1584.4,16,2,0,7,4,10,1,0,0,0,18085,7.16,17889,212,42,21.2,1808.5
1,33,3,0,10,6,6,0,1,1,0,18541,7.84,20585,225,58,3493,1280,22.5,1854.1,19,0,1,6,10,5,0,0,0,0,15714,6.36,15582,234,46,23.4,1571.4
0,10,2,0,4,7,7,1,0,0,0,15937,6.81,15316,194,40,-335,-1235,19.4,1593.7,25,5,1,7,4,8,1,0,0,0,16722,7.11,17873,204,44,20.4,1672.2
0,23,3,1,7,7,3,0,0,0,1,14635,7.01,15483,242,69,-31,595,24.2,1463.5,13,4,0,7,7,7,0,0,0,1,15993,6.47,15813,199,45,19.9,1599.3
1,19,4,0,5,4,11,0,0,0,0,16558,6.59,15920,220,69,-217,-483,22.0,1655.8,13,1,1,4,5,10,1,0,0,1,15940,7.23,16688,208,55,20.8,1594.0
0,16,1,1,4,8,2,1,0,0,0,13816,6.53,16038,218,53,-1114,-264,21.8,1381.6,14,0,0,8,4,9,1,0,0,0,18047,6.77,19671,206,69,20.6,1804.7
1,20,2,1,6,3,6,0,0,0,0,17590,7.01,17418,223,71,731,1642,22.3,1759.0,19,2,0,3,6,3,1,0,0,0,15248,6.91,16924,201,71,20.1,1524.8
0,22,1,0,5,5,10,0,0,0,0,15065,7.13,17278,243,50,-773,-752,24.3,1506.5,22,3,1,5,5,8,1,2,0,0,18564,6.94,16979,233,46,23.3,1856.4
1,23,4,0,6,6,4,0,0,0,2,16141,6.92,18442,212,40,-1041,484,21.2,1614.1,21,1,1,6,6,7,0,1,1,0,16461,6.94,16946,217,59,21.7,1646.1
0,24,6,0,8,1,10,1,0,0,2,18406,7.33,17681,248,74,1972,2203,24.8,1840.6,10,2,1,1,8,0,2,0,0,0,15940,6.81,15407,186,28,18.6,1594.0
0,23,0,0,3,11,4,0,0,0,0,15288,6.51,17217,211,48,-1960,-788,21.1,1528.8,25,1,1,11,3,8,0,1,0,0,16948,7.44,18680,248,67,24.8,1694.8
0,22,0,0,1,13,1,0,0,0,0,12538,5.86,15821,162,62,-3994,-4624,16.2,1253.8,30,5,1,13,1,9,1,2,0,1,20721,7.44,20085,234,61,23.4,2072.1
1,27,4,1,11,0,7,0,0,1,0,18753,7.06,23073,223,48,4207,3183,22.3,1875.3,11,0,0,0,11,0,0,0,0,0,13399,6.44,16282,196,67,19.6,1339.9
1,22,5,1,11,4,12,2,1,0,2,20276,7.35,21038,257,76,5335,4170,25.7,2027.6,13,0,0,4,11,0,0,0,0,0,12842,6.75,15875,200,47,20.0,1284.2
0,22,5,1,3,8,9,1,0,0,0,17568,7.01,16966,207,41,-1672,320,20.7,1756.8,20,1,0,8,3,7,0,1,0,1,18151,6.03,16195,250,71,25.0,1815.1
0,19,2,0,2,13,0,0,0,0,1,14122,6.96,14675,192,53,-3059,-2397,19.2,1412.2,19,3,1,13,2,10,2,1,0,2,18463,7.81,19650,220,68,22.0,1846.3
0,15,4,1,7,6,3,0,0,0,0,16921,6.52,17297,246,64,299,-443,24.6,1692.1,18,0,0,6,7,6,0,0,0,1,19165,7.18,18349,205,57,20.5,1916.5
0,12,4,1,2,3,4,0,0,0,1,16977,6.88,19991,211,46,638,-1561,21.1,1697.7,20,2,0,3,2,7,0,0,0,2,17493,7.65,18406,240,67,24.0,1749.3
1,10,4,1,3,4,3,1,0,1,0,16207,7.47,18307,262,72,-414,-55,26.2,1620.7,28,2,0,4,3,5,1,0,1,0,17193,6.79,16552,221,72,22.1,1719.3
0,18,3,0,2,12,5,0,0,0,0,15686,6.56,16309,202,31,607,-1483,20.2,1568.6,33,4,1,12,2,8,0,1,0,1,20129,6.97,18226,239,56,23.9,2012.9
0,23,0,1,7,1,6,0,2,0,2,17866,7.35,16069,215,64,1467,-206,21.5,1786.6,22,2,0,1,7,4,0,1,0,0,17809,6.22,16344,218,70,21.8,1780.9
1,15,2,0,2,2,7,0,0,1,0,15193,6.57,18695,257,63,638,14,25.7,1519.3,14,2,1,2,2,6,0,1,0,1,16300,7.01,15022,201,42,20.1,1630.0
0,22,2,1,4,8,7,0,0,0,0,15146,7.24,14192,208,51,-3953,-3131,20.8,1514.6,15,1,0,8,4,9,1,0,0,0,19648,6.73,19947,210,85,21.0,1964.8
1,22,2,0,7,1,3,0,0,1,1,18735,6.85,20167,257,70,2111,1365,25.7,1873.5,17,4,1,1,7,8,0,0,0,0,15156,7.08,17259,211,40,21.1,1515.6
1,31,3,1,5,3,11,1,1,1,1,19888,7.13,19803,221,71,3325,2516,22.1,1988.8,18,0,0,3,5,3,1,0,0,0,13759,5.9,17305,165,41,16.5,1375.9
0,22,4,0,4,7,6,0,0,0,1,15520,7.57,15334,181,60,-896,178,18.1,1552.0,13,2,1,7,4,6,1,0,1,0,14391,7.14,17959,202,54,20.2,1439.1
0,14,1,0,5,8,5,1,0,0,0,15016,7.15,15280,164,42,-706,82,16.4,1501.6,28,3,1,8,5,9,0,0,0,1,17541,7.02,18788,267,64,26.7,1754.1
0,22,3,0,2,5,3,1,0,0,1,15347,6.58,16416,190,46,1497,-176,19.0,1534.7,25,3,1,5,2,5,1,1,0,0,18564,6.94,17146,208,69,20.8,1856.4
1,25,3,0,9,5,6,0,1,0,0,17745,7.21,18190,200,56,975,1090,20.0,1774.5,19,2,1,5,9,8,0,1,0,0,16113,7.01,15246,209,41,20.9,1611.3
0,14,0,1,3,14,3,0,0,0,0,15058,6.67,14868,210,56,-3579,-1806,21.0,1505.8,17,4,0,14,3,10,1,1,1,0,20022,6.5,19476,261,53,26.1,2002.2
0,13,0,1,8,2,6,0,0,0,0,14268,6.53,17140,218,61,-420,764,21.8,1426.8,22,4,0,2,8,7,1,1,1,2,15626,6.99,17142,223,57,22.3,1562.6
0,20,0,0,3,9,7,0,1,0,0,15447,6.42,19208,209,55,1256,-470,20.9,1544.7,15,3,1,9,3,4,1,1,0,1,14663,7.12,17734,195,44,19.5,1466.3
1,19,4,1,11,4,7,2,1,1,0,19064,7.7,19200,216,41,2963,2667,21.6,1906.4,21,2,0,4,11,4,0,0,0,0,11613,6.54,16322,186,40,18.6,1161.3
1,25,2,0,4,6,2,1,0,0,1,16495,7.09,16382,236,40,-254,1379,23.6,1649.5,12,2,1,6,4,5,0,1,0,1,14940,7.05,16283,267,54,26.7,1494.0
1,21,2,1,9,3,4,0,1,0,1,17804,6.92,19696,254,68,3643,3722,25.4,1780.4,20,0,0,3,9,5,0,0,0,0,13825,5.95,16497,218,66,21.8,1382.5
0,26,0,1,4,9,4,0,0,0,0,14902,6.59,15515,175,43,-3410,-3165,17.5,1490.2,21,4,0,9,4,10,0,0,1,0,17432,6.99,19205,257,72,25.7,1743.2
1,11,3,1,7,3,9,0,0,1,1,17455,7.3,18489,220,56,313,192,22.0,1745.5,11,0,0,3,7,4,1,0,0,0,14770,6.63,16185,184,58,18.4,1477.0
1,21,2,0,8,2,4,1,0,0,0,16814,7.04,16604,208,66,419,892,20.8,1681.4,24,3,1,2,8,8,1,0,0,0,16184,7.54,15261,225,58,22.5,1618.4
0,25,0,0,4,10,1,1,0,1,1,15625,6.57,16551,245,51,-2077,-100,24.5,1562.5,25,1,1,10,4,8,1,0,0,2,15843,6.92,18400,215,78,21.5,1584.3
0,16,1,0,5,3,11,1,0,0,1,16551,6.68,15305,227,41,58,-532,22.7,1655.1,13,2,1,3,5,6,0,0,0,1,17635,6.77,20575,186,45,18.6,1763.5
1,22,2,0,11,1,12,1,0,0,0,18495,7.38,17860,234,57,4310,1099,23.4,1849.5,20,1,1,1,11,4,1,0,0,0,15683,6.85,13848,209,54,20.9,1568.3
1,17,3,1,8,6,9,0,0,0,0,15145,6.79,16479,220,56,872,-703,22.0,1514.5,14,1,0,6,8,9,0,0,0,0,17506,6.61,17823,230,44,23.0,1750.6
0,13,1,1,2,10,3,1,0,0,0,14067,6.44,14626,204,53,-4443,-1801,20.4,1406.7,24,3,0,10,2,6,2,1,0,3,19900,7.24,18841,265,68,26.5,1990.0
1,21,0,1,9,5,8,0,0,0,1,15874,6.93,17471,225,48,-250,-95,22.5,1587.4,19,1,0,5,9,8,1,0,1,1,15105,7.03,17323,241,56,24.1,1510.5
0,12,1,1,3,6,3,0,0,0,0,15329,6.99,15009,167,59,-472,-1412,16.7,1532.9,17,3,0,6,3,7,0,0,0,0,16665,7.21,18031,233,68,23.3,1666.5
0,19,3,0,5,9,2,1,1,0,0,16007,6.12,16999,216,31,-807,-619,21.6,1600.7,24,3,1,9,5,9,0,0,1,0,16099,6.66,17501,185,85,18.5,1609.9
0,22,2,0,6,5,2,0,0,0,0,15731,6.7,17858,278,53,-1018,-641,27.8,1573.1,20,3,1,5,6,3,1,1,1,1,16236,6.61,17289,206,60,20.6,1623.6
0,16,1,0,2,8,3,0,1,0,0,13675,6.59,14876,180,29,-2003,-3032,18.0,1367.5,15,0,1,8,2,6,1,1,0,1,19563,7.49,20316,254,55,25.4,1956.3
0,12,1,0,2,10,5,0,1,0,0,13906,6.57,15508,219,36,-2686,-4047,21.9,1390.6,9,1,1,10,2,14,0,1,1,1,16225,7.79,19885,264,81,26.4,1622.5
1,26,1,1,5,5,7,0,0,0,1,16801,7.71,17553,238,65,-80,-845,23.8,1680.1,16,1,0,5,5,8,1,0,1,1,15780,6.91,16673,225,41,22.5,1578.0
0,23,0,0,3,7,6,0,0,0,1,13395,6.89,16634,212,47,-1503,199,21.2,1339.5,12,3,1,7,3,11,1,1,0,1,18599,7.57,16889,228,52,22.8,1859.9
0,10,0,0,1,13,1,0,0,0,0,14430,6.7,13658,170,31,-4858,-3910,17.0,1443.0,31,2,1,13,1,12,1,1,0,1,18041,6.87,19900,248,74,24.8,1804.1
1,15,4,1,10,4,8,0,1,0,1,17265,7.39,22001,240,52,806,694,24.0,1726.5,29,1,0,4,10,3,0,0,0,0,15611,7.02,18919,180,52,18.0,1561.1
1,16,3,1,8,7,8,0,0,0,1,17544,7.36,17829,216,70,-389,-241,21.6,1754.4,14,0,0,7,8,4,1,0,0,0,16344,6.95,17368,205,52,20.5,1634.4
0,21,2,1,5,4,8,0,0,1,0,13426,6.65,15161,209,59,-634,-2869,20.9,1342.6,11,2,0,4,5,7,1,1,0,1,17361,6.89,16900,239,64,23.9,1736.1
0,19,2,1,6,12,4,0,0,0,0,14850,6.18,15398,213,47,-2949,-1865,21.3,1485.0,24,4,0,12,6,6,1,1,1,1,18526,7.32,20491,215,63,21.5,1852.6
1,26,3,0,8,2,13,2,1,0,1,17424,7.79,16876,211,44,-58,-160,21.1,1742.4,16,5,1,2,8,3,0,0,0,1,15044,7.29,16944,185,60,18.5,1504.4
1,19,1,0,5,2,6,0,0,0,2,15057,7.02,14958,217,38,1419,-212,21.7,1505.7,23,2,1,2,5,11,0,1,1,0,14552,7.3,13464,207,39,20.7,1455.2
1,20,3,1,10,0,14,1,0,1,0,21687,7.44,20675,263,63,4455,3157,26.3,2168.7,15,3,0,0,10,3,0,0,1,0,13552,6.04,16828,200,26,20.0,1355.2
1,25,1,0,7,4,8,1,0,1,0,18698,6.64,19359,224,54,267,-241,22.4,1869.8,16,1,1,4,7,2,1,0,0,1,13414,6.92,17013,237,41,23.7,1341.4
0,18,6,1,6,4,2,0,0,0,2,17521,7.23,18637,188,84,1460,1444,18.8,1752.1,20,0,0,4,6,3,0,0,0,1,16817,7.28,16393,226,61,22.6,1681.7
0,21,3,0,7,4,9,0,0,0,1,17261,5.9,17413,226,46,-258,306,22.6,1726.1,10,3,1,4,7,7,1,0,0,1,17080,7.21,18674,215,59,21.5,1708.0
1,14,3,0,10,6,5,2,1,1,0,18151,6.55,19690,241,56,1772,614,24.1,1815.1,20,2,1,6,10,6,0,0,0,0,15693,6.54,13138,220,40,22.0,1569.3
0,18,4,1,4,3,7,1,0,0,2,16893,6.46,17700,241,56,1135,1742,24.1,1689.3,12,3,0,3,4,1,0,1,0,0,16426,6.62,18082,224,51,22.4,1642.6
0,28,4,0,8,0,11,2,0,1,1,16139,6.8,15892,231,54,2446,1812,23.1,1613.9,16,1,1,0,8,3,0,0,0,0,16737,5.91,16664,198,43,19.8,1673.7
0,15,0,1,0,6,3,1,1,0,0,14489,6.65,17448,195,70,-796,915,19.5,1448.9,22,4,0,6,0,5,0,0,0,0,15277,6.84,19371,207,70,20.7,1527.7
1,23,1,1,5,11,5,1,0,0,1,15224,7.03,16465,190,49,-150,-1215,19.0,1522.4,17,3,0,11,5,6,0,1,1,0,17372,6.75,18305,247,74,24.7,1737.2
1,7,2,0,5,5,7,0,0,1,1,18300,6.69,17501,206,33,-1600,-895,20.6,1830.0,21,2,1,5,5,12,1,1,0,1,18484,6.64,17440,219,59,21.9,1848.4
1,19,3,1,12,2,6,0,0,0,1,16510,7.43,19139,244,65,1337,1538,24.4,1651.0,11,2,0,2,12,6,0,0,0,0,17905,6.81,16323,202,57,20.2,1790.5
1,22,2,1,13,2,8,2,0,0,2,18191,8.06,19457,224,69,3138,2980,22.4,1819.1,13,2,0,2,13,5,1,0,0,0,12417,6.46,15813,212,32,21.2,1241.7
0,28,2,0,7,10,4,1,0,0,1,15930,6.87,17093,251,61,-1991,1232,25.1,1593.0,18,0,1,10,7,4,1,0,0,1,16726,6.94,16105,208,62,20.8,1672.6
0,13,1,1,3,6,8,1,0,0,1,16475,7.16,17641,203,49,-510,207,20.3,1647.5,29,4,0,6,3,9,1,0,0,1,19193,6.95,20166,202,38,20.2,1919.3
0,24,4,1,4,3,11,1,0,1,0,16682,7.26,17448,252,44,397,1539,25.2,1668.2,22,4,0,3,4,6,0,0,0,0,15532,7.49,16848,194,55,19.4,1553.2
1,25,0,0,3,7,3,0,0,0,1,15651,6.98,18121,225,54,205,1446,22.5,1565.1,16,1,1,7,3,9,1,0,0,0,15508,6.82,17830,234,52,23.4,1550.8
1,18,2,0,11,5,8,2,1,0,2,20807,6.69,21683,221,61,1827,2359,22.1,2080.7,16,3,1,5,11,0,0,0,0,1,18028,6.32,14702,207,51,20.7,1802.8
0,14,0,0,0,12,0,0,0,0,0,12742,6.34,14831,170,36,-3378,-2444,17.0,1274.2,21,1,1,12,0,12,1,1,0,2,17130,7.71,21096,225,74,22.5,1713.0
0,19,0,0,3,5,4,0,1,0,0,18224,6.39,16896,220,43,-496,-672,22.0,1822.4,22,2,1,5,3,4,1,1,0,0,18346,7.07,18339,225,54,22.5,1834.6
0,11,2,0,2,6,9,0,0,0,1,14917,6.86,18180,208,55,-2618,-2681,20.8,1491.7,30,1,1,6,2,0,0,1,1,1,16787,7.18,18305,233,64,23.3,1678.7
0,13,1,0,0,14,2,0,0,0,0,13346,6.46,15941,177,34,-3668,-3947,17.7,1334.6,14,1,1,14,0,12,1,0,0,1,18804,7.94,20669,238,59,23.8,1880.4
0,24,1,0,5,9,3,0,0,0,0,16104,6.5,16089,210,63,-341,-897,21.0,1610.4,9,1,1,9,5,6,0,0,0,1,18697,7.06,17702,193,62,19.3,1869.7
0,21,3,0,4,10,1,0,0,0,0,14773,6.92,14050,214,58,-1539,-1282,21.4,1477.3,23,4,1,10,4,6,1,0,0,0,18148,7.72,17602,211,55,21.1,1814.8
0,19,4,0,1,6,8,2,0,0,0,14610,6.73,16017,200,65,27,-2138,20.0,1461.0,25,3,1,6,1,9,0,0,0,0,16868,6.96,16315,237,59,23.7,1686.8
1,23,2,0,6,6,7,0,1,0,1,18379,7.31,19222,235,52,1898,1935,23.5,1837.9,22,2,1,6,6,6,0,0,0,1,15573,6.69,15094,205,53,20.5,1557.3
1,22,2,0,6,7,4,0,0,0,0,14635,6.43,16645,173,54,250,-302,17.3,1463.5,18,2,1,7,6,6,0,0,0,1,15657,7.45,18742,210,57,21.0,1565.7
0,22,1,0,4,7,5,0,1,0,1,12215,6.1,15113,180,43,-1630,-3586,18.0,1221.5,22,1,1,7,4,6,0,0,0,2,18325,7.25,16276,237,56,23.7,1832.5
1,17,3,0,5,8,7,0,0,0,0,16933,7.41,17867,238,48,1308,1680,23.8,1693.3,21,3,1,8,5,2,0,1,0,0,16529,7.43,16470,251,64,25.1,1652.9
0,30,1,1,10,2,7,0,0,0,1,16649,7.55,17983,225,78,2324,1498,22.5,1664.9,22,4,0,2,10,2,1,0,0,0,16079,6.67,15699,237,44,23.7,1607.9
0,25,4,1,1,12,2,0,0,0,1,16189,6.84,17939,221,60,-3177,-1746,22.1,1618.9,25,1,0,12,1,9,1,0,0,0,16862,7.04,20239,243,47,24.3,1686.2
1,22,3,1,3,10,8,1,0,0,1,15514,6.38,15358,220,52,-1209,-2694,22.0,1551.4,22,5,0,10,3,7,2,0,1,0,18056,7.09,19504,244,57,24.4,1805.6
1,17,0,1,8,4,9,1,1,0,1,18141,6.71,18244,246,74,683,1080,24.6,1814.1,28,1,0,4,8,7,0,0,1,0,16909,7.31,17032,204,52,20.4,1690.9
0,14,1,1,4,6,8,0,0,0,0,17782,6.38,16747,231,65,-409,-19,23.1,1778.2,24,2,0,6,4,8,1,0,1,2,17904,6.83,16672,236,59,23.6,1790.4
1,20,3,1,8,5,6,2,0,0,0,18262,7.02,17826,245,54,-62,1146,24.5,1826.2,13,1,0,5,8,5,1,0,0,1,14104,7.06,18396,227,49,22.7,1410.4
1,20,1,1,3,6,4,0,0,1,1,17759,7.05,17852,190,39,-1332,-1542,19.0,1775.9,24,2,0,6,3,7,0,0,0,0,16018,6.98,19389,201,62,20.1,1601.8
1,13,3,0,6,7,6,0,0,1,1,16705,6.91,15203,261,35,1323,1762,26.1,1670.5,19,2,1,7,6,2,1,0,1,0,16681,6.68,17554,245,45,24.5,1668.1
0,20,1,1,0,7,0,0,0,0,0,16380,7.18,16141,219,37,-147,-2015,21.9,1638.0,28,0,0,7,0,8,1,1,0,1,19384,6.79,19545,244,66,24.4,1938.4
1,26,4,0,1,3,5,0,0,1,0,17128,6.13,18522,269,70,-1616,551,26.9,1712.8,18,1,1,3,1,9,1,1,0,1,18670,6.91,16202,210,53,21.0,1867.0
0,22,2,0,4,6,4,0,1,1,0,16786,7.13,18347,214,52,-1307,618,21.4,1678.6,24,4,1,6,4,8,1,1,0,0,16345,6.76,16820,239,49,23.9,1634.5
0,14,5,0,4,10,3,1,0,0,0,16029,6.55,16518,188,55,-2174,-2292,18.8,1602.9,26,1,1,10,4,10,1,0,1,2,18362,7.74,21343,199,76,19.9,1836.2
0,13,2,0,2,12,3,0,0,0,0,15599,6.53,16153,224,50,-1449,-3027,22.4,1559.9,29,5,1,12,2,11,0,1,1,1,20660,7.48,18493,222,68,22.2,2066.0
0,23,0,1,10,5,8,0,0,0,0,17835,6.07,19058,245,58,1391,-326,24.5,1783.5,14,0,0,5,10,4,0,0,0,0,15348,7.06,16589,239,70,23.9,1534.8
0,19,5,0,4,5,4,1,1,0,0,13791,6.55,18787,181,47,-2022,326,18.1,1379.1,28,2,1,5,4,4,1,0,1,1,18579,6.83,18147,230,46,23.0,1857.9
0,20,3,0,0,8,1,0,0,0,0,16720,6.22,16498,206,53,-2822,-2641,20.6,1672.0,12,2,1,8,0,8,1,0,0,1,17258,6.99,18779,186,65,18.6,1725.8
1,23,3,1,7,5,2,0,1,0,2,15768,7.33,17168,206,74,-961,1013,20.6,1576.8,13,3,0,5,7,5,1,1,1,0,16809,6.87,17586,252,47,25.2,1680.9
1,28,4,1,6,0,9,0,0,1,1,18486,6.96,17993,223,65,1969,2646,22.3,1848.6,16,3,0,0,6,2,1,1,1,0,15099,6.59,19016,191,40,19.1,1509.9
0,10,0,0,1,9,2,0,0,0,1,14119,5.66,14203,194,25,-3239,-2763,19.4,1411.9,33,4,1,9,1,16,1,1,0,1,20074,7.41,19116,227,58,22.7,2007.4
0,18,0,0,0,10,0,0,1,0,0,11879,6.64,16335,183,27,-1587,-2525,18.3,1187.9,24,3,1,10,0,14,1,1,0,1,17066,7.07,18567,241,75,24.1,1706.6
0,16,1,0,3,7,8,1,0,0,0,14804,7.01,17322,231,51,-2237,-901,23.1,1480.4,7,1,1,7,3,12,2,0,0,1,18114,7.27,21796,248,76,24.8,1811.4
1,22,5,0,11,2,11,1,0,0,1,18756,7.5,18778,221,60,2953,2623,22.1,1875.6,19,2,1,2,11,7,0,0,0,0,12712,6.3,16015,211,46,21.1,1271.2
1,25,3,0,8,8,4,0,1,0,2,20507,6.96,17234,207,42,1015,346,20.7,2050.7,17,6,1,8,8,10,1,0,1,0,16187,7.48,16148,253,58,25.3,1618.7
1,26,5,0,7,2,8,0,0,1,2,18666,7.35,19170,204,71,3021,739,20.4,1866.6,21,2,1,2,7,11,1,0,0,0,13892,6.81,16191,189,56,18.9,1389.2
0,25,3,1,3,7,3,0,0,1,1,13814,6.26,17593,212,43,-1160,-1884,21.2,1381.4,26,4,0,7,3,6,0,0,1,0,18141,7.55,19769,227,65,22.7,1814.1
0,20,1,1,2,9,4,1,0,0,0,16373,6.72,18943,183,54,-3404,-2407,18.3,1637.3,23,3,0,9,2,11,1,1,0,1,18186,6.88,17957,232,61,23.2,1818.6
1,20,4,1,6,3,7,1,0,0,0,18897,7.17,18797,237,67,2838,1410,23.7,1889.7,19,2,0,3,6,5,0,0,0,0,16858,6.48,15956,219,51,21.9,1685.8
1,19,4,1,8,4,8,0,1,0,0,16294,6.92,16873,243,41,731,2177,24.3,1629.4,25,0,0,4,8,4,1,1,0,1,17989,7.06,14331,227,42,22.7,1798.9
1,12,2,1,6,8,11,0,0,0,0,17344,6.9,16994,216,57,1889,85,21.6,1734.4,21,2,0,8,6,6,0,0,0,0,14969,6.85,17863,196,39,19.6,1496.9
0,26,2,1,4,4,6,1,0,0,2,16864,6.52,19397,247,45,-2,182,24.7,1686.4,22,0,0,4,4,2,0,1,0,1,16589,7.03,17632,221,66,22.1,1658.9
1,19,2,0,3,4,8,1,0,0,2,17523,6.75,18341,218,63,232,879,21.8,1752.3,17,0,1,4,3,9,1,0,0,1,14787,6.73,16524,218,55,21.8,1478.7
0,23,0,1,8,7,10,0,0,1,0,16688,7.32,17315,245,69,731,1554,24.5,1668.8,18,1,0,7,8,5,1,1,1,0,18593,6.47,16073,230,57,23.0,1859.3
1,25,3,0,7,4,6,1,0,0,2,16301,6.84,17814,246,62,1713,1079,24.6,1630.1,16,2,1,4,7,4,0,1,1,1,17554,6.53,16603,213,49,21.3,1755.4
1,15,3,0,5,1,5,1,0,0,2,15648,6.97,20520,217,63,-63,845,21.7,1564.8,18,3,1,1,5,6,1,0,0,1,14854,6.67,16077,199,64,19.9,1485.4
0,12,1,1,4,13,4,0,0,0,1,13084,6.73,15036,203,43,-2289,-2963,20.3,1308.4,21,3,0,13,4,8,1,0,0,0,18684,7.53,21290,228,56,22.8,1868.4
0,23,1,1,1,9,0,1,0,0,0,12699,5.86,16176,198,47,-4314,-1729,19.8,1269.9,26,3,0,9,1,10,1,1,0,1,19014,7.46,21656,240,64,24.0,1901.4
0,23,2,1,6,3,6,2,0,1,1,17738,6.86,19817,214,51,2195,2654,21.4,1773.8,15,4,0,3,6,3,0,1,0,1,14461,6.57,16476,193,51,19.3,1446.1
1,19,0,0,10,4,12,1,1,0,0,19018,6.55,18683,212,42,3652,795,21.2,1901.8,20,2,1,4,10,3,0,0,0,1,15854,6.8,17557,207,52,20.7,1585.4
0,17,4,0,3,13,0,0,1,1,0,14036,7.38,18452,196,56,-3103,-167,19.6,1403.6,18,0,1,13,3,9,0,0,0,1,18109,7.25,21583,257,63,25.7,1810.9
0,22,1,1,0,9,3,0,0,0,2,12822,6.32,15083,183,49,-5606,-2787,18.3,1282.2,23,3,0,9,0,11,1,1,1,2,17323,8.08,20244,275,63,27.5,1732.3
1,25,1,0,8,4,3,0,1,0,0,17225,7.14,17051,172,65,-219,140,17.2,1722.5,20,2,1,4,8,11,0,1,0,1,16580,6.34,19899,248,56,24.8,1658.0
0,15,5,0,6,5,9,2,0,1,0,16859,7.9,20569,274,66,1044,427,27.4,1685.9,23,0,1,5,6,0,0,1,0,0,17333,7.24,15991,214,51,21.4,1733.3
1,32,4,1,16,7,14,1,1,0,1,18222,6.87,20913,232,54,3025,3843,23.2,1822.2,11,1,0,7,16,2,0,0,0,0,14010,6.48,14392,177,56,17.7,1401.0
1,26,3,0,6,5,5,1,0,1,2,17063,6.99,17628,252,47,2216,624,25.2,1706.3,18,1,1,5,6,5,1,0,0,0,16486,6.73,15847,211,52,21.1,1648.6
0,18,3,0,1,6,0,1,0,1,1,15705,6.6,18133,227,63,-1248,-192,22.7,1570.5,28,1,1,6,1,5,0,0,0,0,19407,7.17,18399,236,60,23.6,1940.7
0,12,0,1,8,9,5,0,0,0,0,13879,6.56,17797,194,39,-1341,-2664,19.4,1387.9,23,4,0,9,8,6,0,1,1,1,18195,6.74,18467,183,52,18.3,1819.5
1,25,2,0,6,1,4,1,0,0,0,17361,6.92,18400,237,53,-159,197,23.7,1736.1,23,1,1,1,6,9,0,0,0,0,18570,6.9,18658,231,64,23.1,1857.0
0,22,4,1,6,5,5,0,0,0,1,17424,7.32,16438,199,43,268,-2083,19.9,1742.4,11,3,0,5,6,4,1,0,0,1,16668,6.93,18057,236,52,23.6,1666.8
0,11,0,0,4,4,5,0,0,0,1,14545,6.85,16606,246,62,-1081,-1491,24.6,1454.5,21,4,1,4,4,9,0,0,0,0,18328,7.35,19113,228,72,22.8,1832.8
1,23,2,1,7,1,12,1,1,1,1,21999,7.99,18803,231,53,4872,2650,23.1,2199.9,10,1,0,1,7,3,0,0,0,1,13566,6.54,14669,196,48,19.6,1356.6
0,39,3,1,5,1,11,0,1,1,0,18125,7.38,19359,226,71,2225,1820,22.6,1812.5,13,0,0,1,5,2,0,0,1,0,14610,6.56,15680,198,50,19.8,1461.0
1,22,3,0,13,0,8,1,0,0,1,18104,6.99,18568,258,53,3039,2335,25.8,1810.4,17,0,1,0,13,0,1,0,0,0,14269,6.63,16411,222,53,22.2,1426.9
0,14,3,1,0,8,5,1,1,0,0,13651,7.06,17382,208,55,-1505,-2050,20.8,1365.1,23,6,0,8,0,10,1,1,0,1,16354,7.4,18995,239,76,23.9,1635.4
1,17,0,1,11,5,7,2,1,1,1,17122,6.9,19840,262,66,939,1657,26.2,1712.2,17,3,0,5,11,1,0,0,0,0,15163,6.67,15749,232,48,23.2,1516.3
1,30,0,1,8,4,6,1,0,0,1,19597,7.09,16580,210,62,1009,1043,21.0,1959.7,18,1,0,4,8,3,1,0,0,1,16286,7.06,18332,188,57,18.8,1628.6
1,25,4,0,7,2,7,0,0,1,1,17537,7.21,18660,267,72,1048,642,26.7,1753.7,20,2,1,2,7,6,0,0,1,0,15739,6.37,17748,233,47,23.3,1573.9
1,30,1,0,8,6,10,2,1,0,0,18310,7.52,19067,212,82,2448,3821,21.2,1831.0,17,0,1,6,8,7,0,1,0,0,13458,6.29,16280,209,33,20.9,1345.8
0,23,1,1,12,9,6,1,0,0,1,16388,7.03,18823,238,21,1449,1638,23.8,1638.8,22,0,0,9,12,3,1,0,0,1,15844,6.94,17281,228,49,22.8,1584.4
1,28,0,1,6,5,8,1,2,0,1,15858,7.34,20491,215,58,2287,1872,21.5,1585.8,16,1,0,5,6,4,1,1,0,0,14834,6.48,15816,232,34,23.2,1483.4
1,17,4,0,6,4,6,1,0,0,0,18876,6.82,17814,227,53,2591,760,22.7,1887.6,25,1,1,4,6,3,0,0,0,1,17864,6.54,17007,220,49,22.0,1786.4
1,21,3,0,8,4,5,0,1,0,1,17454,6.87,17604,250,67,1281,604,25.0,1745.4,25,3,1,4,8,6,1,0,0,1,16353,6.26,14765,217,45,21.7,1635.3
0,18,2,1,0,11,5,0,0,0,0,13016,6.64,16123,183,55,-3405,-4099,18.3,1301.6,19,2,0,11,0,10,1,1,0,2,19333,7.0,19731,248,46,24.8,1933.3
0,27,2,1,4,6,7,0,0,1,0,15534,6.93,17738,256,40,-355,-494,25.6,1553.4,21,2,0,6,4,2,0,0,0,0,18086,6.7,17449,225,66,22.5,1808.6
0,20,0,1,5,8,6,0,0,0,1,16378,6.52,14818,228,51,-1023,-1139,22.8,1637.8,26,1,0,8,5,9,1,0,0,0,18563,6.77,18857,208,63,20.8,1856.3
0,14,0,1,5,10,1,0,0,0,0,15920,6.88,18118,167,40,-1505,-1715,16.7,1592.0,24,3,0,10,5,10,0,1,0,1,18277,7.38,20256,263,53,26.3,1827.7
1,24,2,1,14,1,9,0,0,1,1,17117,7.39,20055,233,71,4115,1276,23.3,1711.7,22,2,0,1,14,4,0,0,0,0,14870,6.78,16295,196,61,19.6,1487.0
1,15,2,0,14,0,11,1,1,0,1,18861,6.81,21037,243,77,2724,3006,24.3,1886.1,19,2,1,0,14,5,0,0,0,0,14640,6.17,14857,185,49,18.5,1464.0
1,11,2,0,5,2,10,1,0,1,0,18688,7.39,18739,240,53,1429,1980,24.0,1868.8,20,3,1,2,5,4,0,0,0,2,14691,7.26,16786,185,36,18.5,1469.1
1,25,2,1,9,6,13,1,0,0,2,16987,7.15,16070,203,57,290,599,20.3,1698.7,21,0,0,6,9,6,0,1,1,0,15574,6.55,16838,211,60,21.1,1557.4
1,21,4,0,7,0,9,2,0,0,2,18234,7.22,19172,224,53,2666,2992,22.4,1823.4,24,0,1,0,7,0,0,0,0,0,12884,6.0,16164,216,37,21.6,1288.4
0,19,0,0,4,5,4,1,1,0,1,14770,6.99,17857,195,39,-651,-1033,19.5,1477.0,21,2,1,5,4,6,1,0,0,0,17461,7.62,17620,241,55,24.1,1746.1
1,25,2,0,5,5,5,1,0,0,0,16867,7.36,19344,253,68,-360,72,25.3,1686.7,28,3,1,5,5,2,1,0,0,1,16776,7.02,18110,212,62,21.2,1677.6
0,25,3,1,2,7,2,0,0,1,0,15911,6.02,15534,172,59,-3167,-1844,17.2,1591.1,27,4,0,7,2,10,1,1,0,0,18961,6.86,20136,212,65,21.2,1896.1
0,23,1,1,4,8,5,1,2,0,2,15356,7.3,19355,190,47,79,-107,19.0,1535.6,18,3,0,8,4,1,0,0,0,0,14695,7.1,16513,227,60,22.7,1469.5
1,30,2,1,1,9,6,1,0,0,0,16783,6.06,15892,204,67,501,86,20.4,1678.3,10,0,0,9,1,4,0,0,0,0,14009,7.28,16385,201,56,20.1,1400.9
0,20,2,0,6,10,2,0,0,0,0,15183,6.32,15386,193,35,-2628,-2213,19.3,1518.3,21,3,1,10,6,9,1,1,0,0,17229,7.38,20969,232,65,23.2,1722.9
0,21,2,0,8,10,9,1,0,0,0,15092,6.26,17773,206,63,324,-84,20.6,1509.2,14,0,1,10,8,6,1,0,0,0,16934,7.13,17695,227,70,22.7,1693.4
1,21,3,0,6,8,8,1,0,0,0,15647,7.38,16010,214,44,-297,-454,21.4,1564.7,23,2,1,8,6,7,0,1,0,1,14447,7.17,17221,229,57,22.9,1444.7
1,17,3,1,8,2,12,0,0,1,2,17982,7.24,21917,264,66,1956,1588,26.4,1798.2,10,2,0,2,8,2,0,1,0,0,13947,6.01,14514,217,34,21.7,1394.7
1,27,2,1,11,3,7,1,0,0,1,17798,7.12,18410,214,59,1178,809,21.4,1779.8,17,2,0,3,11,2,0,1,0,1,15144,6.46,16822,185,44,18.5,1514.4
1,8,0,0,6,5,8,1,0,0,1,15192,6.8,16604,208,31,633,-883,20.8,1519.2,13,3,1,5,6,4,2,0,0,1,18646,6.59,16814,221,56,22.1,1864.6
1,18,2,0,5,6,9,0,0,0,0,14816,6.91,16534,237,53,656,-755,23.7,1481.6,19,4,1,6,5,6,0,0,0,0,14498,6.28,17615,229,59,22.9,1449.8
1,20,2,0,2,5,10,0,0,1,0,17084,6.86,16025,252,54,-1886,82,25.2,1708.4,20,5,1,5,2,4,0,0,0,0,16061,6.93,18148,245,49,24.5,1606.1
1,16,0,0,7,3,4,1,0,0,1,17480,7.16,18216,233,42,476,-444,23.3,1748.0,14,0,1,3,7,7,1,0,1,0,16921,6.51,18218,190,64,19.0,1692.1
0,16,2,0,3,8,4,0,0,0,0,14617,6.72,15102,163,43,-2758,-1462,16.3,1461.7,19,4,1,8,3,7,2,1,0,1,19858,7.57,19432,233,63,23.3,1985.8
0,29,4,1,6,9,4,1,0,1,1,13937,6.59,17799,220,65,-1009,-87,22.0,1393.7,10,4,0,9,6,11,1,0,0,1,16657,6.92,16871,240,67,24.0,1665.7
0,24,1,0,5,2,11,0,0,0,1,14045,6.11,16027,237,50,109,-246,23.7,1404.5,21,2,1,2,5,9,1,0,0,1,18491,6.59,17052,257,71,25.7,1849.1
0,14,0,1,5,12,3,1,0,0,2,14134,7.01,17116,164,42,-4051,-464,16.4,1413.4,31,3,0,12,5,11,2,2,1,0,17971,6.94,18800,236,56,23.6,1797.1
1,19,1,0,7,6,10,1,1,1,2,17432,7.19,18679,226,44,309,947,22.6,1743.2,21,2,1,6,7,6,1,0,0,0,15560,7.07,17706,222,52,22.2,1556.0
0,14,0,0,6,5,7,0,0,0,1,16108,6.89,18958,218,49,2351,-982,21.8,1610.8,20,1,1,5,6,5,0,0,0,2,14894,6.96,17894,187,50,18.7,1489.4
0,20,4,0,3,11,5,0,0,0,0,14267,6.81,18505,241,43,-2102,-3001,24.1,1426.7,32,3,1,11,3,11,1,0,0,1,18211,7.15,18922,247,64,24.7,1821.1
1,19,1,1,8,8,6,1,2,0,1,15272,7.63,16809,226,51,2540,748,22.6,1527.2,20,2,0,8,8,6,0,0,1,1,15710,7.4,18804,225,41,22.5,1571.0
1,12,1,1,11,4,10,0,1,0,1,19284,7.16,19033,244,51,1598,1142,24.4,1928.4,15,1,0,4,11,1,0,0,0,0,15761,5.93,15249,190,38,19.0,1576.1
1,23,1,0,6,6,9,0,0,0,1,16142,7.63,19156,256,54,2214,181,25.6,1614.2,13,2,1,6,6,1,0,0,1,0,13751,7.07,14835,237,40,23.7,1375.1
1,24,2,1,11,6,12,1,0,0,0,17652,7.17,19395,177,52,2822,1663,17.7,1765.2,18,3,0,6,11,0,0,0,0,0,14483,6.36,15031,205,44,20.5,1448.3
0,25,1,0,2,6,7,0,1,0,2,15838,7.54,17046,232,70,-1152,-507,23.2,1583.8,18,3,1,6,2,11,1,0,0,2,16580,7.43,19350,222,72,22.2,1658.0
0,18,4,1,6,5,3,0,0,0,1,15510,6.73,17316,195,63,-1517,-2539,19.5,1551.0,18,2,0,5,6,8,0,0,0,1,16347,7.32,18372,216,52,21.6,1634.7
0,16,0,1,2,8,5,1,1,1,1,13349,6.48,18904,184,49,-2542,-1449,18.4,1334.9,25,2,0,8,2,9,1,1,1,3,16676,7.42,19727,229,64,22.9,1667.6
1,31,0,1,8,1,7,1,0,0,1,17117,7.46,17892,216,61,-365,-107,21.6,1711.7,28,1,0,1,8,4,0,1,1,0,14712,7.02,17357,214,72,21.4,1471.2
0,21,3,0,10,6,4,0,0,0,2,16362,7.04,18032,220,72,-71,1755,22.0,1636.2,18,3,1,6,10,7,0,0,0,2,16015,6.91,17705,250,54,25.0,1601.5
1,26,2,1,9,2,10,1,1,1,2,18533,7.24,17961,242,72,2767,1487,24.2,1853.3,15,2,0,2,9,2,1,0,0,0,14486,6.48,14837,236,54,23.6,1448.6
1,20,2,0,8,2,7,1,1,0,0,17338,7.47,16864,250,53,1486,3439,25.0,1733.8,18,2,1,2,8,5,0,0,0,1,14108,6.6,13503,228,41,22.8,1410.8
0,23,3,0,5,8,5,1,1,0,0,17647,6.84,16101,249,58,-24,-714,24.9,1764.7,22,0,1,8,5,0,1,0,0,0,16063,7.18,17400,220,61,22.0,1606.3
0,10,2,0,2,6,4,0,0,0,1,14722,5.98,14222,189,44,-2160,-612,18.9,1472.2,22,1,1,6,2,10,1,0,0,0,19061,7.02,18759,264,51,26.4,1906.1
1,17,2,1,8,7,0,0,0,1,1,15623,6.7,15558,216,62,-213,-558,21.6,1562.3,20,2,0,7,8,7,0,1,0,0,17270,6.78,19383,246,46,24.6,1727.0
1,14,0,1,6,5,5,0,0,0,0,16424,6.74,16967,169,33,1690,1677,16.9,1642.4,24,2,0,5,6,3,0,0,0,0,16723,6.81,16560,234,51,23.4,1672.3
0,17,0,1,1,6,8,1,0,0,2,15873,6.55,15980,200,26,-1210,-41,20.0,1587.3,20,0,0,6,1,7,0,0,1,1,17053,6.97,20068,241,62,24.1,1705.3
0,25,1,0,7,8,4,1,0,1,0,16431,7.12,15641,221,56,-732,-172,22.1,1643.1,15,2,1,8,7,7,0,0,0,1,15666,6.89,17147,232,47,23.2,1566.6
1,17,0,0,8,9,2,1,0,0,0,16910,6.79,16555,238,59,1261,2059,23.8,1691.0,22,0,1,9,8,6,1,1,0,0,17328,7.33,16786,201,38,20.1,1732.8
0,23,2,1,5,8,5,0,0,0,0,15451,6.61,15561,268,57,-1397,-3337,26.8,1545.1,24,4,0,8,5,9,1,1,0,1,17842,7.32,17887,268,43,26.8,1784.2
0,26,0,0,3,10,6,1,0,0,1,16491,6.72,19728,208,42,249,-58,20.8,1649.1,19,3,1,10,3,11,0,0,0,0,16966,7.33,17320,207,34,20.7,1696.6
0,20,1,1,4,8,6,1,0,0,2,19436,7.1,16847,208,42,-206,427,20.8,1943.6,15,1,0,8,4,10,1,0,0,1,14606,6.07,16328,187,41,18.7,1460.6
0,24,2,1,3,9,5,0,0,0,1,15122,6.97,16257,213,47,461,-85,21.3,1512.2,13,3,0,9,3,8,0,0,0,1,16169,6.92,16836,222,52,22.2,1616.9
1,23,2,0,7,1,5,1,0,0,0,17119,7.02,18337,219,39,1187,-705,21.9,1711.9,26,2,1,1,7,7,0,0,0,0,15271,6.33,18610,196,57,19.6,1527.1
0,21,3,1,3,5,8,1,1,0,1,15912,7.02,16180,202,45,167,769,20.2,1591.2,23,2,0,5,3,5,1,0,0,1,16153,6.38,17340,171,36,17.1,1615.3
0,21,1,1,4,6,2,0,1,0,0,15516,6.21,13907,216,57,-327,301,21.6,1551.6,26,4,0,6,4,8,1,1,0,2,19896,7.11,16734,228,62,22.8,1989.6
0,28,1,0,5,13,6,1,0,0,0,17378,6.95,15400,187,48,-1897,-657,18.7,1737.8,26,3,1,13,5,4,0,1,1,2,18386,7.04,16986,226,55,22.6,1838.6
1,20,5,1,12,1,8,1,1,1,2,16849,6.92,19175,247,58,2931,1705,24.7,1684.9,10,3,0,1,12,4,0,0,0,1,13052,7.2,16969,251,41,25.1,1305.2
0,13,1,0,5,5,7,1,0,0,2,15267,7.01,16130,209,38,-3309,-1271,20.9,1526.7,20,1,1,5,5,10,2,1,0,0,17788,7.31,17921,281,52,28.1,1778.8
0,11,3,1,0,5,1,0,1,0,0,11530,6.28,15579,201,37,-3777,-2655,20.1,1153.0,23,3,0,5,0,7,2,1,0,2,19689,7.93,19056,223,68,22.3,1968.9
0,21,1,1,0,8,0,0,0,0,0,13188,5.98,15636,211,46,-3736,-4542,21.1,1318.8,22,4,0,8,0,12,1,1,1,2,18182,6.76,19139,263,55,26.3,1818.2
1,26,2,1,4,6,8,1,0,0,0,16426,6.99,19679,250,60,-573,1276,25.0,1642.6,20,1,0,6,4,2,1,0,1,0,17748,7.22,16937,230,44,23.0,1774.8
0,17,2,0,9,8,7,1,0,0,1,17270,7.18,17617,222,42,481,-1093,22.2,1727.0,16,4,1,8,9,5,0,0,0,1,15150,7.74,17554,237,52,23.7,1515.0
0,9,2,0,6,4,7,2,0,0,2,15040,6.75,17392,220,55,-11,-717,22.0,1504.0,26,2,1,4,6,9,1,1,0,1,17359,7.38,17745,220,42,22.0,1735.9
1,19,2,1,10,6,11,1,0,0,0,16727,7.43,17890,241,81,2643,1729,24.1,1672.7,12,2,0,6,10,0,1,1,0,1,14558,6.28,16670,190,50,19.0,1455.8
0,17,1,1,0,12,0,0,0,0,0,11858,6.73,14022,181,31,-5009,-3177,18.1,1185.8,20,4,0,12,0,16,1,0,0,3,20979,8.21,20220,218,71,21.8,2097.9
1,20,4,0,8,4,5,0,1,1,1,17255,7.12,17030,248,61,-207,1803,24.8,1725.5,14,0,1,4,8,6,0,0,0,0,17314,6.69,17548,214,45,21.4,1731.4
1,24,4,1,6,3,12,1,1,0,0,16905,6.84,17960,212,61,3523,2300,21.2,1690.5,20,0,0,3,6,7,0,0,0,0,14249,6.05,12692,197,51,19.7,1424.9
0,15,3,0,6,12,5,0,0,0,1,17800,6.61,18398,215,48,-994,-2672,21.5,1780.0,21,3,1,12,6,9,1,0,0,0,18928,6.93,18950,254,70,25.4,1892.8
0,24,0,1,3,7,4,0,0,0,1,15114,6.63,15372,210,61,-827,-525,21.0,1511.4,15,1,0,7,3,7,1,0,0,1,15252,6.65,16993,232,58,23.2,1525.2
0,20,0,1,0,5,0,0,1,0,1,14378,6.03,18902,223,54,-318,-1962,22.3,1437.8,15,1,0,5,0,7,1,0,0,1,16410,6.82,16022,215,63,21.5,1641.0
0,21,2,1,9,9,1,0,0,0,0,13644,6.2,17853,193,55,233,-2745,19.3,1364.4,18,3,0,9,9,9,0,0,0,1,17144,6.62,18293,239,48,23.9,1714.4
0,20,3,1,6,8,3,0,0,0,0,16643,7.45,16968,260,42,749,-1519,26.0,1664.3,18,0,0,8,6,6,1,0,0,2,18508,6.63,18424,228,59,22.8,1850.8
1,25,2,1,9,2,7,1,0,1,0,17841,7.13,17577,250,58,2930,1263,25.0,1784.1,15,4,0,2,9,3,0,0,0,1,16018,6.66,14931,181,39,18.1,1601.8
1,26,2,1,6,4,10,1,0,1,1,19735,7.29,19673,236,75,2824,2425,23.6,1973.5,20,2,0,4,6,4,0,0,0,1,15133,6.51,16308,198,42,19.8,1513.3
0,15,4,0,7,2,2,1,1,0,0,16434,6.39,15780,221,43,-1612,-243,22.1,1643.4,31,0,1,2,7,4,0,1,1,0,16702,6.95,19725,222,75,22.2,1670.2
1,26,4,1,12,3,8,1,0,0,1,21434,8.08,22074,246,69,4143,2745,24.6,2143.4,16,2,0,3,12,4,0,0,0,0,13736,6.92,14405,210,43,21.0,1373.6
0,24,4,1,6,8,3,1,0,0,0,15116,7.05,18370,231,65,-408,1827,23.1,1511.6,16,1,0,8,6,7,0,0,1,0,14844,7.16,15938,205,80,20.5,1484.4
1,29,2,1,12,0,8,2,0,0,0,18876,7.22,21106,242,73,3886,2260,24.2,1887.6,6,1,0,0,12,5,0,0,0,0,11868,7.31,15280,185,34,18.5,1186.8
0,22,1,1,8,3,12,1,0,0,0,16059,7.15,17022,242,49,-1001,184,24.2,1605.9,13,3,0,3,8,8,0,0,0,3,16682,6.6,16810,204,57,20.4,1668.2
0,15,3,1,7,8,9,1,0,1,1,14203,7.39,17581,167,53,1479,-1242,16.7,1420.3,13,4,0,8,7,7,0,0,0,1,14850,6.64,17989,226,37,22.6,1485.0
1,17,2,1,2,8,8,0,0,0,0,17540,6.27,18746,212,60,228,1705,21.2,1754.0,17,0,0,8,2,4,0,0,0,1,16524,7.04,19399,218,43,21.8,1652.4
1,24,3,1,10,2,11,2,1,0,2,20580,8.12,21151,260,66,4778,4854,26.0,2058.0,11,0,0,2,10,1,0,0,0,0,10092,6.1,12773,182,50,18.2,1009.2
1,23,1,1,12,3,5,1,0,1,0,18559,6.8,20574,202,51,1657,278,20.2,1855.9,18,4,0,3,12,4,0,0,0,0,15948,6.53,15123,190,57,19.0,1594.8
1,18,1,1,5,8,4,1,0,0,0,15696,6.15,15845,220,46,-2008,-3311,22.0,1569.6,27,1,0,8,5,7,0,1,0,1,16121,6.72,19059,268,61,26.8,1612.1
1,16,4,1,8,5,4,1,1,0,1,17760,7.86,20535,250,73,997,1579,25.0,1776.0,28,0,0,5,8,8,0,0,0,1,16308,6.9,16382,245,39,24.5,1630.8
0,14,0,1,3,3,7,1,1,0,0,17566,6.93,15852,254,40,113,212,25.4,1756.6,20,3,0,3,3,8,0,0,1,0,18428,6.56,16246,216,54,21.6,1842.8
0,9,3,0,4,7,5,0,0,0,1,14922,6.55,16157,233,55,-1303,-228,23.3,1492.2,22,0,1,7,4,8,1,0,0,1,17445,7.09,16027,205,40,20.5,1744.5
0,6,1,1,11,4,8,1,1,0,0,18739,7.78,18315,241,64,2419,1553,24.1,1873.9,23,1,0,4,11,9,0,0,0,0,16275,6.46,15418,184,64,18.4,1627.5
0,19,2,1,9,8,2,1,0,0,2,16950,6.74,17015,233,72,522,448,23.3,1695.0,16,0,0,8,9,5,1,0,1,0,16431,7.44,17209,206,55,20.6,1643.1
1,32,2,1,8,4,7,0,0,0,1,18825,6.62,16869,215,77,470,102,21.5,1882.5,19,2,0,4,8,8,0,0,0,1,16442,6.7,17268,231,34,23.1,1644.2
0,29,2,0,7,9,5,1,1,0,0,16226,7.21,14832,209,45,-65,1204,20.9,1622.6,16,1,1,9,7,9,1,1,0,1,18274,6.88,17815,237,52,23.7,1827.4
1,16,2,1,8,5,4,0,1,1,0,19663,6.43,18113,225,64,132,730,22.5,1966.3,26,3,0,5,8,0,1,1,0,1,14112,6.24,15384,248,45,24.8,1411.2
1,22,2,1,7,9,7,1,1,0,1,16542,7.02,17093,238,52,239,-377,23.8,1654.2,18,1,0,9,7,13,0,1,0,0,15833,7.27,16596,213,53,21.3,1583.3
0,9,0,0,0,12,1,0,0,0,0,14296,5.91,14417,180,48,-3203,-2237,18.0,1429.6,26,4,1,12,0,6,1,0,0,2,19247,6.81,19735,265,60,26.5,1924.7
1,15,4,1,4,5,8,1,0,0,0,16692,6.68,19188,247,48,1859,742,24.7,1669.2,30,2,0,5,4,3,0,0,0,0,17099,6.86,16371,238,44,23.8,1709.9
1,12,2,1,7,6,6,0,0,0,0,16120,6.86,15252,216,53,-1153,-2623,21.6,1612.0,20,5,0,6,7,9,1,1,1,2,17663,6.84,20333,218,50,21.8,1766.3
0,16,1,0,3,6,0,0,0,1,0,13831,6.2,15529,210,64,-1277,-2658,21.0,1383.1,23,4,1,6,3,9,1,2,0,1,19710,6.8,20112,235,55,23.5,1971.0
0,19,1,0,7,10,6,1,0,0,0,19607,7.17,16443,205,43,-6,-148,20.5,1960.7,24,3,1,10,7,5,1,0,1,0,13812,6.62,17312,219,47,21.9,1381.2
1,21,1,0,7,8,6,1,0,0,0,16842,6.16,19775,226,65,1701,-6,22.6,1684.2,26,4,1,8,7,0,0,0,0,0,16502,6.47,17372,200,53,20.0,1650.2
0,22,1,1,5,7,8,0,1,0,1,15419,6.65,17679,240,57,-1183,-1105,24.0,1541.9,19,0,0,7,5,6,1,0,0,1,20655,7.36,17778,210,54,21.0,2065.5
1,20,4,1,9,3,10,1,0,0,1,16544,6.91,18525,250,74,1792,660,25.0,1654.4,21,3,0,3,9,3,1,0,1,0,16455,6.51,15024,206,44,20.6,1645.5
0,17,0,1,5,9,2,1,0,0,0,12204,6.48,15816,212,49,-114,-2368,21.2,1220.4,27,4,0,9,5,8,1,1,1,0,18890,7.64,19258,221,64,22.1,1889.0
0,14,0,0,3,4,4,2,0,0,0,16318,6.65,14743,202,55,233,619,20.2,1631.8,24,4,1,4,3,8,0,0,0,1,18119,6.8,17758,249,77,24.9,1811.9
0,12,2,1,7,6,5,0,1,0,0,14384,6.88,15880,206,60,-809,293,20.6,1438.4,19,3,0,6,7,10,1,1,0,0,16333,6.71,19852,215,74,21.5,1633.3
0,12,2,0,4,7,3,1,1,0,1,17300,7.03,19396,220,76,657,-1558,22.0,1730.0,19,2,1,7,4,8,0,0,1,2,15640,7.17,19101,251,47,25.1,1564.0
0,24,1,0,7,7,4,0,0,0,0,13665,6.83,17088,217,57,819,-568,21.7,1366.5,15,1,1,7,7,10,0,0,0,0,18224,7.13,16262,244,51,24.4,1822.4
0,16,3,0,1,7,3,0,0,0,0,13790,6.46,15989,226,53,78,-1407,22.6,1379.0,18,4,1,7,1,8,2,1,0,1,16830,7.42,17958,237,54,23.7,1683.0
0,12,0,1,7,8,1,0,0,0,0,17599,7.22,16235,194,62,1074,929,19.4,1759.9,20,2,0,8,7,0,0,0,0,0,16762,6.59,15945,209,48,20.9,1676.2
1,20,4,0,5,8,4,0,1,0,0,18258,7.1,18198,206,43,-970,-102,20.6,1825.8,21,0,1,8,5,4,0,0,0,0,14701,7.14,16848,204,40,20.4,1470.1
0,10,3,0,2,8,1,0,0,0,0,13749,5.65,14854,201,36,-3437,-3878,20.1,1374.9,15,3,1,8,2,10,0,1,0,1,19374,6.86,20639,247,56,24.7,1937.4
0,24,0,0,3,8,9,1,0,0,0,13955,5.93,13510,176,33,-3886,-2907,17.6,1395.5,26,4,1,8,3,10,2,1,0,3,19046,7.41,21894,264,66,26.4,1904.6
0,17,1,0,6,7,4,1,1,0,0,15124,6.46,15701,199,61,-357,-1258,19.9,1512.4,22,2,1,7,6,8,0,1,1,2,14049,7.55,19254,192,49,19.2,1404.9
0,23,3,0,10,5,7,1,0,0,0,16167,6.68,19856,232,51,-1514,1137,23.2,1616.7,24,4,1,5,10,2,0,0,0,0,19309,6.81,19055,219,58,21.9,1930.9
0,25,3,0,8,5,5,1,0,0,1,15845,6.19,16702,209,51,836,1278,20.9,1584.5,17,2,1,5,8,3,1,0,0,0,15282,7.02,18368,231,59,23.1,1528.2
0,15,1,1,5,7,7,1,0,0,0,18419,7.05,16548,197,60,613,552,19.7,1841.9,10,3,0,7,5,9,1,0,0,1,15388,7.22,19149,231,73,23.1,1538.8
0,21,0,0,6,7,4,1,1,0,0,14353,6.61,18732,211,48,2174,1383,21.1,1435.3,28,1,1,7,6,6,1,1,0,0,13930,6.28,19121,183,41,18.3,1393.0
1,25,6,1,9,6,4,0,0,0,0,18694,7.38,16025,218,59,2206,1947,21.8,1869.4,15,3,0,6,9,3,0,1,0,0,15970,6.2,14591,235,37,23.5,1597.0
0,18,3,0,5,9,7,0,1,0,0,14081,6.38,18007,240,57,-1011,-4919,24.0,1408.1,6,3,1,9,5,7,1,0,0,2,17596,7.29,17284,220,66,22.0,1759.6
0,19,2,0,1,4,0,0,0,1,0,14611,6.91,15302,182,50,-2117,-2733,18.2,1461.1,24,3,1,4,1,7,1,0,1,1,17741,7.25,19310,243,54,24.3,1774.1
0,11,2,0,5,11,8,0,1,0,0,14720,6.49,15666,219,57,-2383,461,21.9,1472.0,26,4,1,11,5,8,0,1,0,2,17901,7.04,18729,210,78,21.0,1790.1
1,23,3,1,4,4,6,0,1,0,0,16289,6.89,16729,247,39,-201,1183,24.7,1628.9,14,0,0,4,4,9,1,0,0,2,15272,6.63,16338,229,38,22.9,1527.2
1,20,4,0,10,4,6,1,1,0,1,16928,7.44,19096,232,65,3327,1470,23.2,1692.8,20,3,1,4,10,6,0,0,0,1,15457,6.48,15002,203,47,20.3,1545.7
1,21,0,1,7,7,4,1,1,0,1,14025,6.61,15967,189,53,-33,-448,18.9,1402.5,21,2,0,7,7,4,1,0,0,0,16862,6.95,18321,256,33,25.6,1686.2
0,20,0,0,1,16,5,0,0,0,0,15972,5.69,13970,216,45,-3881,-4335,21.6,1597.2,24,1,1,16,1,9,2,0,0,2,20420,7.61,20572,300,65,30.0,2042.0
0,20,0,0,0,14,1,0,0,0,1,13926,5.89,13865,200,32,-3542,-1993,20.0,1392.6,20,5,1,14,0,10,2,1,1,0,18612,8.04,19115,222,65,22.2,1861.2
0,20,1,0,0,7,3,0,0,1,1,14088,7.02,16508,213,44,73,-638,21.3,1408.8,30,1,1,7,0,9,1,0,1,0,18297,6.94,18337,246,74,24.6,1829.7
1,22,3,1,6,4,7,1,0,0,0,16565,6.3,16161,193,40,-1200,-589,19.3,1656.5,20,4,0,4,6,10,0,1,1,1,19441,6.8,15931,230,52,23.0,1944.1
1,23,0,0,0,4,6,0,1,0,2,16963,6.64,17076,215,48,-717,-157,21.5,1696.3,25,3,1,4,0,10,0,1,0,0,18461,6.33,17959,216,53,21.6,1846.1
0,28,0,0,7,7,11,1,1,0,0,16583,7.39,17024,202,75,-212,-708,20.2,1658.3,17,0,1,7,7,2,1,0,0,0,14934,6.84,17734,209,36,20.9,1493.4
1,19,1,1,7,5,8,0,1,0,1,14832,6.6,19122,172,50,-265,-874,17.2,1483.2,25,2,0,5,7,7,1,0,1,0,17742,6.96,17501,212,57,21.2,1774.2
1,23,3,0,11,1,6,0,1,0,2,19091,6.89,18560,205,51,2970,3263,20.5,1909.1,19,0,1,1,11,2,1,0,0,0,15033,6.84,14974,222,45,22.2,1503.3
0,23,3,0,4,6,8,1,0,1,0,14551,6.8,17428,176,38,-1042,-458,17.6,1455.1,30,3,1,6,4,7,1,1,0,1,16610,7.03,17057,246,71,24.6,1661.0
0,16,4,1,5,9,0,0,0,0,0,14191,7.14,16190,213,42,-1598,-362,21.3,1419.1,19,2,0,9,5,5,0,0,0,1,19971,7.04,18918,246,63,24.6,1997.1
1,14,2,1,8,5,9,1,0,1,0,15864,7.59,19114,213,56,-13,956,21.3,1586.4,21,3,0,5,8,2,1,0,1,1,16042,6.98,16694,188,50,18.8,1604.2
0,19,2,1,0,8,1,1,0,0,1,13025,6.23,14672,230,52,-1241,-2033,23.0,1302.5,20,5,0,8,0,5,1,1,1,0,18931,7.02,18900,254,71,25.4,1893.1
1,20,3,1,8,4,8,0,1,1,2,17912,7.18,17477,236,62,-539,1980,23.6,1791.2,12,1,0,4,8,7,0,1,0,1,15147,6.76,16048,259,63,25.9,1514.7
1,14,3,1,9,5,11,1,1,0,0,15992,6.87,17591,227,63,-931,-1168,22.7,1599.2,15,2,0,5,9,5,2,1,0,1,15585,7.45,17650,201,50,20.1,1558.5
1,22,2,1,7,7,2,0,0,1,0,19204,6.83,14517,253,65,239,-100,25.3,1920.4,17,0,0,7,7,8,1,1,0,0,16874,7.04,16066,251,48,25.1,1687.4
1,30,2,0,8,3,11,1,1,0,1,19026,7.45,19945,210,72,2763,1721,21.0,1902.6,25,0,1,3,8,3,0,0,0,0,15000,6.63,18303,244,38,24.4,1500.0
0,11,0,0,6,4,7,1,1,0,2,15790,6.85,15637,255,60,-655,-217,25.5,1579.0,20,2,1,4,6,8,1,0,1,1,17091,6.75,18478,238,54,23.8,1709.1
1,29,1,0,13,2,12,1,1,0,0,19677,7.04,19611,226,93,3664,4649,22.6,1967.7,14,0,1,2,13,0,0,0,0,0,13634,6.0,14964,206,50,20.6,1363.4
0,7,2,0,8,6,3,2,1,1,0,15483,6.47,18263,243,59,-1698,474,24.3,1548.3,25,4,1,6,8,7,1,0,0,0,15972,6.55,16810,194,50,19.4,1597.2
0,15,1,0,5,7,3,0,0,0,1,15722,7.14,15766,176,48,-3654,-2069,17.6,1572.2,33,5,1,7,5,5,0,1,1,1,17757,7.57,21517,231,75,23.1,1775.7
0,29,1,0,3,5,4,1,0,0,0,15568,6.72,16867,225,55,-1404,715,22.5,1556.8,24,2,1,5,3,6,1,0,0,0,15308,6.15,16123,234,56,23.4,1530.8
1,16,2,1,5,11,5,1,0,1,2,14410,6.83,16347,235,44,132,-2172,23.5,1441.0,29,4,0,11,5,11,0,1,0,0,18257,6.76,18030,211,63,21.1,1825.7
0,19,1,0,6,9,1,1,0,1,2,16495,7.23,15669,223,42,-2314,-1957,22.3,1649.5,17,4,1,9,6,6,1,1,0,0,17291,7.35,17965,229,58,22.9,1729.1
1,25,1,0,9,5,6,0,0,0,1,18686,6.93,17931,227,42,326,-241,22.7,1868.6,19,3,1,5,9,9,0,0,0,0,13256,6.35,18498,213,49,21.3,1325.6
1,13,2,0,8,3,9,0,0,0,1,19767,7.52,16942,266,85,1986,-666,26.6,1976.7,7,3,1,3,8,6,1,0,1,1,14615,7.18,17928,200,39,20.0,1461.5
1,19,3,0,8,4,3,0,0,0,1,15096,6.51,17873,189,44,-233,-1135,18.9,1509.6,29,2,1,4,8,9,1,1,0,0,15568,6.68,18828,248,80,24.8,1556.8
1,22,1,0,4,2,7,0,0,0,2,18537,7.51,17178,233,69,1096,2220,23.3,1853.7,20,1,1,2,4,0,1,0,0,1,13846,6.65,16174,211,41,21.1,1384.6
1,32,3,1,10,3,6,0,0,0,1,15942,7.22,19518,210,63,1586,6,21.0,1594.2,21,2,0,3,10,7,0,0,0,0,16653,6.72,15155,200,57,20.0,1665.3
1,17,3,1,10,3,10,1,2,0,0,20401,7.17,16783,235,63,2505,842,23.5,2040.1,26,1,0,3,10,1,0,0,0,0,14849,5.98,14938,190,51,19.0,1484.9
1,19,1,1,9,3,7,0,1,0,0,17041,7.3,18055,208,61,359,1264,20.8,1704.1,15,1,0,3,9,6,0,0,0,0,16675,7.45,17659,237,56,23.7,1667.5
1,18,2,1,12,5,7,0,2,0,2,19257,7.15,19734,234,65,3066,1778,23.4,1925.7,17,2,0,5,12,3,1,0,0,0,15070,7.33,16710,191,63,19.1,1507.0
0,11,0,1,0,11,1,0,0,0,0,14636,6.18,13752,182,24,-754,-2419,18.2,1463.6,21,4,0,11,0,8,1,1,1,1,17987,6.84,19820,269,73,26.9,1798.7
1,25,2,1,9,1,6,1,0,0,1,16623,6.23,17631,202,55,-965,-641,20.2,1662.3,25,1,0,1,9,8,1,0,0,0,17664,7.12,18863,265,75,26.5,1766.4
0,18,0,1,6,8,2,0,0,0,1,14527,6.88,16332,205,57,-2106,-1898,20.5,1452.7,26,1,0,8,6,5,1,1,0,1,19574,7.27,20215,264,65,26.4,1957.4
0,17,4,0,6,7,6,1,1,0,0,15783,7.16,17104,233,63,882,1110,23.3,1578.3,23,0,1,7,6,4,1,1,0,1,18005,6.96,15856,233,42,23.3,1800.5
0,16,2,0,3,8,5,0,0,0,0,16797,7.38,16910,203,43,-3275,-587,20.3,1679.7,21,4,1,8,3,5,1,0,0,1,20630,6.28,19841,219,46,21.9,2063.0
0,17,1,0,6,8,6,1,0,0,0,15652,7.01,18945,209,60,-106,271,20.9,1565.2,22,2,1,8,6,9,0,1,0,0,17703,7.53,17873,189,55,18.9,1770.3
1,21,5,1,11,1,8,2,1,0,2,18297,7.08,20250,229,57,2558,2064,22.9,1829.7,12,0,0,1,11,8,0,0,0,0,13759,6.39,14827,219,38,21.9,1375.9
0,13,0,0,6,6,7,1,0,1,1,16133,6.89,15754,213,25,1136,-1291,21.3,1613.3,24,3,1,6,6,9,1,1,0,0,18832,6.84,18323,215,54,21.5,1883.2
0,20,1,1,6,5,9,1,1,0,0,16918,6.95,16808,178,40,-44,1506,17.8,1691.8,24,3,0,5,6,6,0,0,1,0,15477,6.43,19645,210,46,21.0,1547.7
0,18,0,1,7,7,7,0,0,0,0,15668,7.24,16029,206,37,-470,-531,20.6,1566.8,18,2,0,7,7,9,0,0,1,0,17123,6.8,18164,213,64,21.3,1712.3
1,16,4,1,5,5,7,2,1,0,1,16433,7.33,16983,230,72,12,1686,23.0,1643.3,13,1,0,5,5,9,0,0,0,0,16920,6.87,16594,210,62,21.0,1692.0
0,21,5,1,9,8,2,2,1,0,1,16837,7.74,18009,188,56,345,607,18.8,1683.7,28,2,0,8,9,5,1,0,1,0,16000,7.03,18018,201,65,20.1,1600.0
1,22,0,0,11,8,11,1,1,0,0,15917,6.95,18878,231,40,1489,1041,23.1,1591.7,26,0,1,8,11,5,0,0,0,1,15908,7.04,15342,239,59,23.9,1590.8
0,20,1,1,7,2,8,2,0,1,1,16733,7.61,19588,262,70,2533,2505,26.2,1673.3,19,1,0,2,7,6,0,0,0,0,14805,6.14,16299,186,46,18.6,1480.5
1,23,3,0,10,0,10,1,0,1,1,19489,7.83,15482,243,74,1993,807,24.3,1948.9,18,1,1,0,10,1,0,0,1,1,14199,6.28,15204,201,45,20.1,1419.9
0,31,1,1,9,2,5,1,0,0,0,17424,7.24,18351,221,63,783,1633,22.1,1742.4,14,0,0,2,9,6,0,0,0,1,13276,7.24,15990,194,50,19.4,1327.6
1,32,2,1,8,6,7,1,0,0,2,16917,6.87,17728,248,59,2015,1616,24.8,1691.7,20,2,0,6,8,5,1,0,0,0,16021,6.35,17413,222,57,22.2,1602.1
0,12,1,1,0,10,7,0,0,0,0,14217,6.48,16770,209,52,-2677,-2729,20.9,1421.7,19,3,0,10,0,3,0,1,0,0,15754,7.62,18949,227,40,22.7,1575.4
0,15,3,1,8,7,8,0,0,0,0,17333,7.16,18822,243,46,-521,-2392,24.3,1733.3,15,1,0,7,8,2,1,0,0,1,15193,6.71,16583,245,33,24.5,1519.3
0,17,1,0,7,5,7,1,0,0,0,16404,7.34,16711,221,66,2318,1917,22.1,1640.4,21,0,1,5,7,5,0,0,0,1,15495,6.26,15610,226,62,22.6,1549.5
0,27,3,1,8,3,12,2,0,0,0,16351,6.68,18342,263,61,522,1155,26.3,1635.1,27,3,0,3,8,4,0,0,0,1,16145,6.48,17553,180,38,18.0,1614.5
0,18,0,1,4,1,4,1,0,0,0,15876,6.57,18755,222,37,900,31,22.2,1587.6,20,2,0,1,4,4,1,0,0,1,18780,6.83,17567,231,42,23.1,1878.0
1,23,2,0,10,3,4,1,1,1,0,14804,7.3,19099,245,54,2109,2396,24.5,1480.4,12,0,1,3,10,6,0,1,0,0,14715,6.76,15044,190,24,19.0,1471.5
1,31,0,1,6,9,2,1,0,0,0,19568,6.23,19541,229,58,-203,-927,22.9,1956.8,17,2,0,9,6,7,1,0,1,0,15373,6.43,17003,193,40,19.3,1537.3
1,22,2,1,11,4,10,1,0,1,0,16616,7.27,20534,257,46,2607,2872,25.7,1661.6,21,4,0,4,11,8,0,0,0,0,14808,6.9,13842,212,60,21.2,1480.8
1,24,1,1,6,6,5,0,1,0,2,18130,6.76,17494,259,54,393,-232,25.9,1813.0,29,2,0,6,6,3,0,1,0,0,12177,7.39,16674,240,56,24.0,1217.7
1,22,3,1,4,9,5,0,0,1,1,16346,6.49,15998,211,44,-1118,-57,21.1,1634.6,9,1,0,9,4,6,1,0,0,1,16024,7.53,16136,222,61,22.2,1602.4
1,18,2,0,8,3,9,0,0,0,0,17424,6.8,16848,207,39,1307,498,20.7,1742.4,17,4,1,3,8,11,0,0,0,0,14356,6.39,18577,197,62,19.7,1435.6
0,19,1,0,0,13,1,0,0,0,0,14392,6.23,14840,147,49,-6042,-4682,14.7,1439.2,24,3,1,13,0,11,1,1,1,0,19971,8.21,20417,236,59,23.6,1997.1
1,17,2,1,11,6,4,1,0,0,0,17582,6.98,18842,226,61,865,1744,22.6,1758.2,15,1,0,6,11,6,1,0,1,0,15050,6.64,16298,202,61,20.2,1505.0
0,19,0,0,0,12,3,0,0,0,0,11327,5.54,13109,177,28,-6300,-5187,17.7,1132.7,28,7,1,12,0,17,2,1,1,3,22612,7.43,24362,272,80,27.2,2261.2
0,14,0,0,1,11,2,0,1,1,0,15872,5.84,15212,229,54,-2648,-2426,22.9,1587.2,18,4,1,11,1,7,1,2,1,1,17968,7.7,19893,224,66,22.4,1796.8
0,19,2,1,6,8,7,1,1,0,1,14554,7.07,18718,234,73,2026,872,23.4,1455.4,19,1,0,8,6,6,0,0,1,0,17462,6.52,17759,228,38,22.8,1746.2
1,16,3,1,7,4,5,1,0,0,1,18702,7.18,18264,187,47,1337,1565,18.7,1870.2,10,2,0,4,7,3,0,0,0,0,15035,6.96,16854,209,44,20.9,1503.5
0,13,1,1,6,5,1,0,0,1,1,14989,6.86,15449,195,61,-1924,-410,19.5,1498.9,25,3,0,5,6,11,1,0,0,2,18536,7.09,17309,242,74,24.2,1853.6
0,16,0,1,2,8,5,0,0,0,0,15404,6.13,18144,205,60,-1788,-1124,20.5,1540.4,23,3,0,8,2,9,2,0,0,1,16895,7.38,16432,208,43,20.8,1689.5
1,11,2,1,8,2,5,0,1,0,2,18125,7.33,17731,235,71,3152,3386,23.5,1812.5,23,1,0,2,8,2,0,0,0,1,13758,6.34,16944,203,75,20.3,1375.8
0,18,1,1,5,7,5,0,0,0,0,16249,6.98,17961,226,67,-372,-1602,22.6,1624.9,22,5,0,7,5,5,0,1,0,1,16970,6.61,16510,253,54,25.3,1697.0
1,22,4,1,14,0,14,1,1,0,1,19045,7.26,18928,237,92,3221,2962,23.7,1904.5,12,0,0,0,14,0,0,0,0,0,13364,6.14,12281,201,21,20.1,1336.4
0,24,3,0,8,6,8,0,0,0,0,15344,6.75,17881,237,63,-208,-140,23.7,1534.4,17,0,1,6,8,0,2,0,0,2,16282,7.25,15712,253,63,25.3,1628.2
1,23,1,1,10,8,7,2,0,0,1,17163,6.82,19499,254,65,-44,924,25.4,1716.3,22,1,0,8,10,7,0,0,1,0,15605,6.59,16296,212,44,21.2,1560.5
1,20,3,0,10,2,6,1,1,0,1,19613,7.09,20614,221,62,3301,1743,22.1,1961.3,20,0,1,2,10,3,1,0,0,0,12166,6.79,15719,202,45,20.2,1216.6
0,18,2,1,9,2,6,0,0,0,0,16535,7.36,17796,272,51,208,-810,27.2,1653.5,16,3,0,2,9,7,0,1,0,0,16350,6.9,17125,216,56,21.6,1635.0
0,17,2,0,7,9,2,1,0,0,1,15676,6.42,13881,224,58,-1361,-2317,22.4,1567.6,10,3,1,9,7,10,1,0,0,1,17565,7.4,19008,224,41,22.4,1756.5
0,27,4,0,7,6,9,1,0,0,1,17211,6.59,15998,210,48,-425,-808,21.0,1721.1,22,0,1,6,7,10,1,0,0,0,16943,6.62,16676,219,51,21.9,1694.3
0,16,2,0,8,7,5,0,1,0,0,17246,6.09,17974,205,69,162,6,20.5,1724.6,15,0,1,7,8,5,1,0,1,0,16901,6.48,16642,173,59,17.3,1690.1
0,14,3,0,2,11,1,0,0,0,0,15275,6.77,15331,221,41,-2138,-996,22.1,1527.5,19,4,1,11,2,8,1,1,0,1,17954,7.07,21211,201,57,20.1,1795.4
1,14,0,1,9,5,5,0,1,0,0,16887,6.53,16421,245,74,73,-284,24.5,1688.7,27,2,0,5,9,6,2,0,1,1,16490,7.03,18076,217,70,21.7,1649.0
1,11,1,1,4,7,3,0,1,0,1,15809,6.4,12955,215,57,-1262,-1842,21.5,1580.9,21,3,0,7,4,9,1,1,1,0,18269,6.64,18320,193,57,19.3,1826.9
0,23,0,1,9,2,8,1,0,0,1,15238,7.65,18234,257,60,697,983,25.7,1523.8,21,1,0,2,9,3,0,1,0,0,17382,6.41,16933,192,47,19.2,1738.2
1,21,2,0,8,6,11,2,0,1,0,15686,6.46,17571,255,43,942,1119,25.5,1568.6,31,2,1,6,8,10,0,1,0,1,14257,6.45,16337,187,46,18.7,1425.7
0,26,3,0,2,7,5,0,1,0,1,15779,6.28,16349,245,41,400,-453,24.5,1577.9,23,3,1,7,2,7,0,0,0,1,17780,6.8,16719,242,52,24.2,1778.0
1,25,0,0,6,6,3,1,0,0,0,17338,6.33,17320,247,61,1104,-1224,24.7,1733.8,25,3,1,6,6,11,0,0,0,2,16017,7.23,17767,219,57,21.9,1601.7
1,32,2,1,7,7,6,0,0,0,0,16233,6.41,17209,220,71,-434,-370,22.0,1623.3,27,1,0,7,7,7,0,0,0,1,15692,6.53,18477,227,55,22.7,1569.2
1,21,3,0,7,2,4,1,0,1,0,18538,6.78,19126,220,44,614,3394,22.0,1853.8,22,0,1,2,7,6,1,0,0,0,17246,6.75,14414,215,45,21.5,1724.6
0,17,2,0,4,8,11,1,0,1,0,16820,6.59,15951,200,58,-2686,-2340,20.0,1682.0,28,1,1,8,4,6,1,2,0,1,17300,6.98,18470,232,59,23.2,1730.0
0,11,0,0,7,10,8,0,0,0,0,17678,6.5,15782,199,54,-3761,-2667,19.9,1767.8,19,2,1,10,7,6,2,0,1,0,18087,6.83,18380,236,46,23.6,1808.7
1,26,4,1,7,2,11,0,1,1,1,18806,7.45,18726,222,76,2758,911,22.2,1880.6,13,2,0,2,7,5,0,0,0,0,15024,6.97,16547,219,59,21.9,1502.4
0,20,2,0,2,4,7,0,0,0,0,15125,6.92,16217,187,61,-2042,304,18.7,1512.5,22,4,1,4,2,6,0,1,0,0,18408,6.87,19075,171,57,17.1,1840.8
0,20,2,0,2,5,3,0,1,0,0,14986,6.59,16911,245,55,-1958,-1612,24.5,1498.6,17,3,1,5,2,12,2,0,0,2,18024,7.22,20519,233,62,23.3,1802.4
1,15,2,1,9,5,7,1,1,0,1,18118,7.1,17204,212,61,-448,350,21.2,1811.8,23,2,0,5,9,9,2,0,0,1,16814,6.82,14424,235,58,23.5,1681.4
0,23,3,1,9,9,6,0,0,0,0,15349,7.19,18960,221,62,-674,-57,22.1,1534.9,23,2,0,9,9,2,0,0,0,1,19363,6.37,18668,240,69,24.0,1936.3
0,18,3,0,4,8,9,0,0,0,0,15791,6.44,14380,200,44,-3132,-3417,20.0,1579.1,13,2,1,8,4,11,2,0,0,2,18736,7.56,18285,255,67,25.5,1873.6
1,21,2,0,9,6,6,0,0,0,1,16214,7.49,19873,221,50,802,1040,22.1,1621.4,15,0,1,6,9,7,0,0,0,0,16908,7.0,15078,210,49,21.0,1690.8
1,18,3,1,8,0,6,1,0,0,1,17774,6.83,21552,223,58,-267,-342,22.3,1777.4,17,1,0,0,8,6,1,0,0,2,15748,6.62,16264,199,49,19.9,1574.8
1,27,4,0,6,6,6,0,0,0,1,15791,6.76,18508,233,50,184,-649,23.3,1579.1,22,2,1,6,6,3,0,1,0,1,15141,6.92,15794,221,42,22.1,1514.1
1,32,2,1,5,2,9,1,0,1,1,18667,6.72,19005,235,55,-216,1152,23.5,1866.7,23,2,0,2,5,7,0,0,0,0,13868,6.68,16937,215,49,21.5,1386.8
0,12,0,0,0,8,0,1,0,0,1,12308,6.23,15558,211,56,-1899,-639,21.1,1230.8,13,1,1,8,0,7,2,0,0,0,18686,7.3,19682,198,69,19.8,1868.6
1,24,3,0,6,5,8,0,1,0,0,16891,6.53,18008,214,48,587,1122,21.4,1689.1,22,0,1,5,6,3,1,0,0,1,16474,7.05,16713,223,56,22.3,1647.4
0,5,4,1,7,3,0,0,0,0,0,15477,6.39,16044,205,53,-527,-122,20.5,1547.7,26,0,0,3,7,4,1,0,1,0,18420,7.25,18549,190,58,19.0,1842.0
0,22,4,1,5,14,9,0,0,1,0,16767,6.68,15539,242,38,-74,-1523,24.2,1676.7,17,5,0,14,5,10,0,0,1,0,20189,6.93,18075,261,67,26.1,2018.9
1,12,4,0,8,3,3,0,0,1,1,17209,7.01,19207,243,58,1363,2715,24.3,1720.9,14,2,1,3,8,7,0,0,1,0,16046,6.95,15939,223,44,22.3,1604.6
1,20,0,1,7,4,7,1,0,1,2,20066,7.07,18287,251,77,3057,2844,25.1,2006.6,14,1,0,4,7,0,0,1,0,0,14719,6.4,16461,195,49,19.5,1471.9
1,17,2,1,16,5,5,1,0,0,1,18665,7.03,20577,244,67,4679,2556,24.4,1866.5,9,1,0,5,16,4,0,1,0,0,13690,6.43,15375,168,39,16.8,1369.0
1,22,2,1,7,4,13,0,1,0,1,19071,7.66,20284,229,52,2400,2530,22.9,1907.1,20,3,0,4,7,3,0,1,0,0,13626,6.3,16439,224,39,22.4,1362.6
1,24,2,1,6,4,6,1,1,0,0,17186,7.38,18945,247,53,-1804,-866,24.7,1718.6,19,5,0,4,6,8,0,1,0,1,16580,6.93,19047,223,44,22.3,1658.0
1,11,5,1,9,5,12,0,1,0,0,17459,7.21,16797,240,55,1046,-968,24.0,1745.9,21,1,0,5,9,4,1,0,0,1,13475,6.35,17454,180,60,18.0,1347.5
0,20,1,1,8,0,13,1,1,0,0,18223,7.17,17039,260,55,619,1941,26.0,1822.3,30,3,0,0,8,0,0,0,0,0,16443,7.09,17021,226,61,22.6,1644.3
1,18,5,0,4,5,9,2,1,0,0,14764,7.44,18468,209,60,-161,223,20.9,1476.4,19,2,1,5,4,4,1,0,0,0,16724,6.4,19898,238,66,23.8,1672.4
1,28,1,0,8,9,3,0,1,0,1,15994,7.02,18539,228,52,-375,894,22.8,1599.4,26,2,1,9,8,8,1,1,1,0,17219,6.54,20804,206,45,20.6,1721.9
1,24,1,0,5,1,8,0,0,0,1,17056,6.6,19376,235,62,1657,1688,23.5,1705.6,19,1,1,1,5,6,0,0,0,0,13663,6.62,16636,200,49,20.0,1366.3
1,14,3,1,10,4,9,0,0,1,1,17213,6.52,18374,224,47,-249,-499,22.4,1721.3,15,2,0,4,10,2,0,0,0,1,17020,7.29,16649,220,48,22.0,1702.0
0,16,3,1,5,12,6,0,1,0,1,16892,6.73,15340,234,58,-1479,-1096,23.4,1689.2,21,4,0,12,5,8,1,1,0,1,16487,7.34,17546,242,61,24.2,1648.7
0,27,3,0,5,7,4,0,0,0,1,16254,7.01,16899,186,70,-170,-239,18.6,1625.4,24,0,1,7,5,8,1,1,1,0,18098,6.96,16824,233,78,23.3,1809.8
1,25,1,0,4,3,8,1,0,1,0,17023,7.5,17966,177,55,928,1494,17.7,1702.3,25,3,1,3,4,6,1,0,0,0,14060,6.51,17722,233,57,23.3,1406.0
0,15,3,0,3,7,7,0,0,0,0,16533,7.34,18473,242,55,160,-2213,24.2,1653.3,20,3,1,7,3,3,1,0,0,2,17565,6.6,16168,191,45,19.1,1756.5
1,19,1,1,7,4,3,0,1,0,2,17341,7.29,18608,225,60,1701,2094,22.5,1734.1,20,0,0,4,7,6,0,1,1,0,16139,6.46,19062,274,65,27.4,1613.9
0,20,1,1,12,0,6,1,1,0,0,17337,7.41,19030,249,60,2430,626,24.9,1733.7,22,1,0,0,12,5,0,0,0,1,16092,6.63,15605,207,53,20.7,1609.2
0,17,2,0,6,4,7,1,0,0,0,15180,6.68,17323,214,59,1058,530,21.4,1518.0,10,2,1,4,6,7,1,0,0,0,20509,6.9,17592,205,65,20.5,2050.9
1,13,1,1,8,9,10,1,1,0,1,16170,6.94,18599,208,69,2658,-43,20.8,1617.0,25,1,0,9,8,8,1,0,0,0,14151,7.03,16696,260,41,26.0,1415.1
1,17,4,0,8,6,7,1,1,1,0,15820,6.83,17536,224,44,-663,818,22.4,1582.0,21,1,1,6,8,1,1,1,0,0,15779,6.71,17705,220,55,22.0,1577.9
0,24,1,1,8,12,3,0,0,0,0,13393,6.61,16113,201,51,-2896,-1961,20.1,1339.3,19,3,0,12,8,10,0,1,0,1,18296,7.56,19963,211,51,21.1,1829.6
1,21,2,1,8,1,8,1,1,0,0,18723,7.52,20065,230,66,3168,2687,23.0,1872.3,18,0,0,1,8,0,0,0,1,0,15790,6.92,16267,222,59,22.2,1579.0
0,18,0,1,8,7,3,2,1,0,1,15036,7.89,18108,248,68,-470,-531,24.8,1503.6,18,3,0,7,8,7,1,0,1,0,18114,7.76,16422,222,68,22.2,1811.4
0,17,3,0,1,9,2,0,0,0,0,14942,6.33,16888,212,46,-3153,-3197,21.2,1494.2,20,3,1,9,1,7,2,1,0,0,20655,7.49,20815,277,86,27.7,2065.5
0,29,0,0,2,7,6,0,0,0,0,12370,6.41,16866,194,41,-1140,-1728,19.4,1237.0,22,3,1,7,2,10,1,0,1,1,19107,7.25,20361,235,62,23.5,1910.7
0,18,3,0,4,9,10,0,0,0,0,14101,6.87,17764,201,63,-2751,-2571,20.1,1410.1,24,3,1,9,4,7,1,1,0,1,16859,7.36,18689,243,60,24.3,1685.9
0,26,4,0,6,3,3,0,0,0,1,16361,6.76,18433,244,68,744,-1422,24.4,1636.1,19,4,1,3,6,3,0,0,0,0,16902,7.03,17327,220,62,22.0,1690.2
1,16,1,1,7,9,9,1,0,0,2,16321,7.28,15145,211,65,424,-212,21.1,1632.1,28,3,0,9,7,8,1,0,1,1,18644,7.17,19122,244,60,24.4,1864.4
0,18,2,0,0,8,6,1,0,1,0,16122,7.32,18136,224,67,-2074,-857,22.4,1612.2,12,3,1,8,0,8,0,1,0,0,15690,6.49,18436,238,52,23.8,1569.0
1,21,2,0,8,4,3,0,1,0,1,18540,7.72,16974,249,51,1212,-260,24.9,1854.0,13,2,1,4,8,5,0,0,0,0,15452,6.56,17674,234,35,23.4,1545.2
1,17,3,0,5,6,6,1,0,0,2,18758,7.15,19803,267,48,835,32,26.7,1875.8,12,3,1,6,5,4,0,0,0,0,15178,6.19,16375,202,60,20.2,1517.8
0,20,2,0,5,5,6,0,1,0,2,17492,7.54,15296,213,62,-331,30,21.3,1749.2,22,1,1,5,5,0,1,0,0,1,16543,7.44,15642,206,69,20.6,1654.3
1,25,2,1,4,1,7,0,0,1,0,17222,6.56,15352,244,57,-444,1364,24.4,1722.2,17,0,0,1,4,8,1,1,0,0,16502,6.39,18310,213,56,21.3,1650.2
1,17,2,1,7,2,10,0,1,0,2,18006,7.52,20504,230,47,1335,668,23.0,1800.6,14,3,0,2,7,7,1,0,0,0,13729,7.16,17775,253,49,25.3,1372.9
0,16,0,0,0,10,7,0,0,0,0,13427,6.66,17221,200,41,-3329,-3487,20.0,1342.7,21,2,1,10,0,11,1,0,1,0,17001,7.43,21099,225,68,22.5,1700.1
0,23,2,0,4,6,9,0,1,0,0,17429,6.9,18547,221,63,-802,-821,22.1,1742.9,16,2,1,6,4,1,1,1,0,2,18073,7.01,17559,270,54,27.0,1807.3
0,12,2,0,0,12,2,0,0,0,0,13397,6.3,16502,204,19,-4289,-4249,20.4,1339.7,24,5,1,12,0,9,1,2,1,1,19485,7.75,21145,248,66,24.8,1948.5
1,26,2,0,6,7,7,1,0,1,0,16321,5.91,15901,261,62,468,537,26.1,1632.1,15,0,1,7,6,5,2,0,0,1,16046,6.43,17847,247,69,24.7,1604.6
0,20,3,1,4,5,11,1,1,0,0,17089,7.16,18861,225,38,-1340,-28,22.5,1708.9,23,2,0,5,4,1,0,1,0,0,16753,7.38,19124,217,41,21.7,1675.3
1,21,2,1,5,2,5,2,1,1,2,17163,6.98,17728,255,60,3071,1985,25.5,1716.3,17,0,0,2,5,0,0,0,0,0,12773,6.75,15846,186,77,18.6,1277.3
1,12,2,1,7,5,11,1,0,1,1,20008,7.08,20508,227,61,4138,990,22.7,2000.8,16,1,0,5,7,2,1,0,0,0,16350,6.69,15113,231,41,23.1,1635.0
0,19,0,0,5,6,4,0,0,0,1,14976,7.04,17199,228,51,461,111,22.8,1497.6,14,3,1,6,5,4,0,1,0,0,15070,7.88,17280,209,54,20.9,1507.0
1,21,1,0,5,6,1,0,0,0,0,14559,6.9,16722,175,53,313,-2099,17.5,1455.9,15,3,1,6,5,9,0,0,0,1,16977,7.43,18577,237,58,23.7,1697.7
1,30,5,0,6,2,9,1,0,0,0,18496,6.76,19449,178,74,1682,144,17.8,1849.6,16,0,1,2,6,1,0,0,0,0,17796,6.84,16453,190,38,19.0,1779.6
0,22,2,0,2,6,1,0,0,0,0,17718,6.48,16766,263,48,1342,-1081,26.3,1771.8,22,0,1,6,2,7,1,1,0,1,18081,6.53,18840,248,55,24.8,1808.1
1,26,1,1,4,7,5,1,0,0,2,18886,6.57,18153,242,57,-2159,-134,24.2,1888.6,19,2,0,7,4,8,1,0,0,0,14200,6.79,17118,245,53,24.5,1420.0
1,16,1,1,4,8,11,2,0,1,1,17236,7.18,17893,217,62,2363,1806,21.7,1723.6,14,0,0,8,4,4,0,1,0,2,14866,6.25,17513,190,66,19.0,1486.6
0,18,0,1,7,7,3,0,0,0,0,15619,7.18,15833,224,52,-3270,-416,22.4,1561.9,19,3,0,7,7,9,1,0,0,1,16777,6.85,19004,250,61,25.0,1677.7
1,28,1,1,11,2,12,1,1,0,0,18015,7.17,18200,247,56,594,1911,24.7,1801.5,21,3,0,2,11,6,1,0,0,0,14237,6.66,14384,190,52,19.0,1423.7
1,17,3,0,11,9,2,1,0,1,0,17991,7.18,16980,242,48,1160,2890,24.2,1799.1,22,3,1,9,11,4,0,1,0,0,12672,6.56,14820,232,56,23.2,1267.2
0,23,1,0,3,7,7,0,0,0,0,16453,6.59,17138,161,45,-2057,-3300,16.1,1645.3,19,1,1,7,3,11,0,1,0,2,17509,7.19,18148,249,55,24.9,1750.9
1,26,1,0,11,2,4,1,1,1,1,18406,6.98,19194,208,79,2826,1932,20.8,1840.6,22,0,1,2,11,5,0,0,1,0,13769,6.58,17220,221,70,22.1,1376.9
1,23,1,1,8,4,7,0,1,0,1,20592,6.85,16665,222,69,2856,409,22.2,2059.2,24,4,0,4,8,4,1,0,0,1,16133,6.78,17258,184,55,18.4,1613.3
1,19,3,0,4,5,7,1,0,1,0,17995,6.79,19533,204,51,586,397,20.4,1799.5,21,3,1,5,4,6,1,1,0,1,14092,6.85,20651,191,66,19.1,1409.2
0,14,1,0,3,10,4,1,0,0,1,16895,6.22,18437,203,67,957,-1782,20.3,1689.5,15,4,1,10,3,10,0,0,1,1,18134,7.18,20243,217,65,21.7,1813.4
0,27,1,1,4,4,4,1,0,0,1,14257,7.15,16322,187,33,-2622,-639,18.7,1425.7,24,4,0,4,4,13,1,0,0,1,20403,7.11,18783,200,65,20.0,2040.3
0,22,1,0,5,8,1,1,1,0,1,16850,6.86,16129,230,53,-1806,-1080,23.0,1685.0,16,2,1,8,5,6,0,1,0,1,16730,7.64,18753,223,50,22.3,1673.0
1,23,6,0,8,5,11,0,1,1,1,18654,7.11,19842,230,41,-31,2122,23.0,1865.4,16,0,1,5,8,4,1,0,0,1,18689,7.13,13608,259,45,25.9,1868.9
0,16,3,1,4,7,1,1,1,0,1,16311,6.8,15106,194,65,-776,-1055,19.4,1631.1,27,3,0,7,4,9,0,2,0,0,16800,6.91,17422,225,64,22.5,1680.0
1,21,4,0,6,4,4,1,2,0,1,15102,6.87,20156,219,49,1930,990,21.9,1510.2,22,2,1,4,6,4,0,0,0,0,16564,6.3,14820,211,47,21.1,1656.4
0,18,0,1,6,8,3,0,0,0,0,13873,6.7,15880,208,57,-3611,-3706,20.8,1387.3,26,3,0,8,6,13,1,1,0,0,19033,7.54,20883,258,60,25.8,1903.3
0,22,2,1,5,7,4,1,1,0,1,15339,6.62,18985,248,63,-1128,-1118,24.8,1533.9,27,6,0,7,5,6,1,0,0,1,15491,7.54,17646,212,65,21.2,1549.1
1,24,1,1,6,5,8,0,1,1,2,16481,6.75,18635,211,66,-6,1091,21.1,1648.1,16,0,0,5,6,6,0,0,0,2,14730,6.84,17858,226,43,22.6,1473.0
1,21,4,1,11,0,10,1,0,1,2,19599,7.5,24185,257,69,3871,4459,25.7,1959.9,13,0,0,0,11,0,0,0,0,0,12262,6.24,12853,188,36,18.8,1226.2
0,10,3,0,3,7,3,1,0,0,0,18328,6.58,16735,186,24,-3043,-2615,18.6,1832.8,31,0,1,7,3,7,2,0,0,2,17548,7.45,18430,253,56,25.3,1754.8
0,23,3,1,6,8,9,0,0,0,1,18011,7.79,21953,209,66,2392,2158,20.9,1801.1,15,3,0,8,6,1,0,0,0,1,15936,6.06,14815,223,26,22.3,1593.6
1,12,1,0,4,8,9,1,1,0,0,16812,6.62,17085,259,52,-592,-809,25.9,1681.2,25,0,1,8,4,3,0,0,0,0,15090,6.72,18690,200,58,20.0,1509.0
1,19,1,0,12,6,6,0,0,0,0,17880,6.67,16807,209,56,1667,638,20.9,1788.0,24,1,1,6,12,6,1,1,0,0,15333,6.33,18814,226,54,22.6,1533.3
0,18,3,0,3,5,2,0,0,1,1,16847,6.78,17384,195,49,1694,-165,19.5,1684.7,23,2,1,5,3,7,0,0,0,1,16276,6.86,15838,228,74,22.8,1627.6
1,23,3,1,8,7,5,1,1,0,0,19495,7.37,18247,231,48,-485,1333,23.1,1949.5,20,2,0,7,8,3,0,1,0,1,16579,6.65,18447,202,61,20.2,1657.9
0,30,2,1,6,7,9,1,0,0,0,16958,6.96,17446,200,42,6,153,20.0,1695.8,28,2,0,7,6,2,0,0,0,1,15429,7.07,16817,254,46,25.4,1542.9
1,13,3,1,11,3,10,1,2,1,1,18286,8.05,19417,245,66,3199,1499,24.5,1828.6,19,3,0,3,11,7,0,1,1,0,12962,7.03,17840,184,46,18.4,1296.2
0,30,2,1,6,6,4,0,1,0,1,15568,6.76,17362,191,49,-1649,-757,19.1,1556.8,16,4,0,6,6,1,1,0,0,0,17384,7.64,18167,224,62,22.4,1738.4
1,21,3,1,13,4,8,1,1,0,1,19302,7.31,20023,261,53,532,-41,26.1,1930.2,22,2,0,4,13,3,0,0,0,0,15280,6.77,17287,180,38,18.0,1528.0
0,20,3,0,5,11,4,0,0,0,0,17252,6.77,15010,204,42,-1323,-1246,20.4,1725.2,23,3,1,11,5,7,1,0,0,1,20449,7.12,17496,229,67,22.9,2044.9
0,13,3,0,9,6,8,1,0,0,0,17197,6.98,17244,215,48,-633,608,21.5,1719.7,21,0,1,6,9,8,0,1,0,0,15572,7.11,16535,239,53,23.9,1557.2
0,23,1,1,6,8,5,0,0,0,0,14451,6.37,15565,228,31,-2299,-1203,22.8,1445.1,20,5,0,8,6,10,0,1,1,0,19656,7.25,18596,242,55,24.2,1965.6
1,21,2,1,10,5,6,0,0,1,1,16515,7.04,18396,243,56,1355,-803,24.3,1651.5,19,2,0,5,10,7,0,0,0,1,15395,7.23,15139,252,30,25.2,1539.5
1,23,3,0,9,3,11,2,1,0,0,19330,6.87,19294,245,60,3667,2307,24.5,1933.0,15,4,1,3,9,3,0,0,0,1,13210,6.04,14724,202,34,20.2,1321.0
0,10,1,0,7,5,9,0,1,0,1,18410,7.0,19175,255,40,2269,17,25.5,1841.0,18,3,1,5,7,4,0,1,1,2,17406,7.0,15508,215,39,21.5,1740.6
0,20,1,0,5,5,3,0,1,0,0,17233,7.01,17867,226,56,7,-219,22.6,1723.3,17,2,1,5,5,3,0,1,0,1,16908,7.27,18373,233,48,23.3,1690.8
0,22,2,0,4,10,2,0,0,0,2,14609,6.55,17453,174,44,-2074,-611,17.4,1460.9,17,2,1,10,4,11,1,0,0,1,17129,7.13,20790,230,47,23.0,1712.9
1,18,1,0,6,9,12,1,0,0,0,16053,6.61,16897,218,58,-1607,542,21.8,1605.3,18,2,1,9,6,1,0,0,0,0,17724,5.88,18947,211,50,21.1,1772.4
0,23,2,1,0,14,4,1,0,0,1,11937,6.24,16598,199,58,-2401,-2388,19.9,1193.7,21,4,0,14,0,9,1,0,1,0,18233,7.35,20142,241,71,24.1,1823.3
0,24,1,0,4,9,8,0,0,0,0,16666,6.34,15640,183,45,-1460,-502,18.3,1666.6,19,3,1,9,4,7,2,0,0,2,18741,6.61,21345,212,74,21.2,1874.1
1,17,3,1,8,6,9,0,0,0,1,15493,6.7,16544,236,70,289,1066,23.6,1549.3,28,2,0,6,8,4,0,1,1,0,15767,7.09,16288,207,71,20.7,1576.7
1,31,4,0,6,5,10,0,1,0,2,19773,8.1,20971,208,61,2509,877,20.8,1977.3,20,1,1,5,6,8,0,0,0,0,14019,6.69,16343,219,30,21.9,1401.9
1,26,5,1,10,0,6,2,0,0,2,20638,7.7,21085,249,79,3420,3536,24.9,2063.8,23,0,0,0,10,1,0,0,0,0,11332,5.83,13793,196,37,19.6,1133.2
1,19,1,0,7,9,2,0,0,0,0,18244,6.67,16700,194,58,-2880,-861,19.4,1824.4,18,2,1,9,7,5,0,0,1,0,17368,7.12,17960,241,60,24.1,1736.8
1,23,3,0,12,5,10,0,1,0,1,19857,7.0,18346,255,52,3607,2467,25.5,1985.7,14,1,1,5,12,0,0,1,0,1,14144,7.2,15405,191,52,19.1,1414.4
1,21,3,0,5,8,4,1,1,0,2,17354,6.91,16584,190,58,-1360,365,19.0,1735.4,11,3,1,8,5,2,0,0,0,1,16718,6.62,16270,188,42,18.8,1671.8
0,7,0,1,6,10,5,1,1,0,0,16387,7.07,19415,225,57,-1519,-789,22.5,1638.7,22,2,0,10,6,3,0,0,0,1,14743,6.53,17231,215,60,21.5,1474.3
1,20,5,0,7,4,9,1,1,1,0,16435,7.19,19408,251,66,-223,1912,25.1,1643.5,17,0,1,4,7,5,0,1,0,0,15259,6.8,17345,169,48,16.9,1525.9
0,13,5,0,9,5,6,1,0,0,0,16750,7.25,16442,199,56,480,248,19.9,1675.0,28,2,1,5,9,5,0,0,0,0,17943,7.15,15860,211,40,21.1,1794.3
0,28,3,0,5,5,7,1,0,0,2,16587,7.28,16686,225,56,2357,152,22.5,1658.7,16,2,1,5,5,11,0,0,0,0,16337,6.8,19166,206,63,20.6,1633.7
1,27,3,0,4,4,9,0,0,0,0,14228,6.79,17244,182,42,-775,-696,18.2,1422.8,19,3,1,4,4,8,1,0,0,1,18258,6.83,18259,223,49,22.3,1825.8
0,21,2,0,6,10,7,0,0,0,0,16153,6.31,15152,185,49,-3141,-3632,18.5,1615.3,33,3,1,10,6,8,1,1,1,1,19117,7.33,19640,253,60,25.3,1911.7
0,16,1,0,0,11,3,0,0,1,0,14074,6.43,14494,182,34,-1547,-3361,18.2,1407.4,22,3,1,11,0,6,1,0,0,0,18260,6.94,20352,231,67,23.1,1826.0
1,16,2,1,6,6,10,1,0,1,0,17118,7.34,17383,270,58,198,2186,27.0,1711.8,16,2,0,6,6,5,1,0,0,0,16996,6.09,17395,223,51,22.3,1699.6
0,16,3,0,6,7,3,3,0,0,0,14014,6.6,16885,199,55,194,131,19.9,1401.4,26,1,1,7,6,4,0,2,0,0,17337,6.99,17829,244,69,24.4,1733.7
0,29,0,1,8,10,5,0,0,0,0,15224,7.49,14901,198,67,-697,-687,19.8,1522.4,23,4,0,10,8,7,0,0,0,0,16550,7.15,18055,227,47,22.7,1655.0
0,17,0,0,3,7,7,1,1,0,0,17458,6.66,16475,224,36,-596,-1704,22.4,1745.8,23,1,1,7,3,6,1,0,1,0,16909,6.4,17667,218,47,21.8,1690.9
1,10,2,1,6,3,7,2,0,0,1,16752,7.28,19950,216,70,1400,406,21.6,1675.2,22,0,0,3,6,6,0,0,0,0,15424,7.32,17117,212,49,21.2,1542.4
0,26,3,0,8,0,6,1,0,0,1,15613,7.05,16327,243,69,668,-812,24.3,1561.3,28,1,1,0,8,4,0,1,0,1,15704,7.01,15543,226,41,22.6,1570.4
0,26,0,1,6,7,2,0,0,0,0,15324,7.02,16535,213,50,-1614,1291,21.3,1532.4,14,2,0,7,6,10,0,0,1,0,18727,7.01,19817,223,68,22.3,1872.7
1,31,2,1,9,3,8,2,0,0,2,18405,6.49,19449,231,68,2115,2763,23.1,1840.5,12,3,0,3,9,5,0,0,0,0,15918,6.37,16792,190,48,19.0,1591.8
1,28,3,1,9,3,5,1,0,0,1,19969,7.63,20888,232,60,3184,2204,23.2,1996.9,16,2,0,3,9,5,0,0,0,1,14221,6.23,13175,187,52,18.7,1422.1
0,27,1,0,7,5,7,0,0,0,1,18748,6.9,16454,204,45,1546,-1686,20.4,1874.8,25,1,1,5,7,8,1,0,0,0,16042,6.85,16709,202,48,20.2,1604.2
1,22,0,1,5,3,8,1,1,0,1,17811,6.85,17657,256,74,296,2659,25.6,1781.1,20,1,0,3,5,5,0,0,0,0,15941,5.91,17248,213,42,21.3,1594.1
1,12,1,1,9,1,10,0,0,1,1,16700,7.55,19028,247,63,2241,917,24.7,1670.0,8,2,0,1,9,3,1,0,1,0,13807,6.1,17177,178,51,17.8,1380.7
1,22,3,1,12,1,5,1,1,1,1,17427,6.55,20234,270,67,1453,1710,27.0,1742.7,18,0,0,1,12,8,0,0,0,0,14599,6.8,15923,191,69,19.1,1459.9
0,24,3,0,4,6,8,1,1,0,0,18597,7.73,19130,247,38,2375,1215,24.7,1859.7,26,3,1,6,4,4,0,1,0,0,17799,6.42,17547,176,53,17.6,1779.9
1,21,3,1,6,7,9,1,0,0,1,16013,7.12,20373,217,60,1085,-381,21.7,1601.3,33,1,0,7,6,4,0,0,0,0,15140,7.13,16298,173,55,17.3,1514.0
1,20,3,0,6,2,7,1,0,1,1,18031,6.98,17348,215,46,824,1585,21.5,1803.1,23,1,1,2,6,3,0,0,0,0,16474,6.82,18365,217,58,21.7,1647.4
1,13,1,1,3,8,5,1,0,0,1,17796,6.18,15099,240,66,-632,-842,24.0,1779.6,18,3,0,8,3,11,1,1,0,1,18429,6.85,20798,241,51,24.1,1842.9
0,16,1,1,12,6,8,2,0,1,1,18639,6.98,17534,225,63,236,2113,22.5,1863.9,20,1,0,6,12,6,1,1,0,0,16956,6.57,17821,220,61,22.0,1695.6
0,26,2,1,1,9,0,0,0,0,1,15054,6.97,14839,204,53,-2304,-319,20.4,1505.4,28,3,0,9,1,8,1,0,0,1,19134,7.0,19802,241,55,24.1,1913.4
0,28,1,0,2,9,2,0,1,0,1,17024,6.79,15294,206,36,-1847,-2263,20.6,1702.4,19,3,1,9,2,7,1,1,0,1,16726,7.3,19840,188,60,18.8,1672.6
1,23,4,1,11,6,14,0,0,1,0,18851,7.42,19734,235,72,4156,1946,23.5,1885.1,14,2,0,6,11,5,1,0,1,1,16179,6.23,15074,213,45,21.3,1617.9
1,23,3,0,6,5,9,1,0,0,1,17235,7.46,16355,235,61,737,1628,23.5,1723.5,30,1,1,5,6,2,1,0,0,0,13847,6.29,13409,240,48,24.0,1384.7
1,18,5,1,11,2,7,1,1,1,2,18848,6.97,21008,264,74,2767,1725,26.4,1884.8,21,1,0,2,11,1,1,0,0,0,14171,6.78,16728,192,65,19.2,1417.1
0,23,1,0,5,9,6,1,1,1,1,14846,6.26,16943,272,61,-531,-1128,27.2,1484.6,27,1,1,9,5,9,0,1,0,0,14802,7.35,17989,210,39,21.0,1480.2
0,26,3,1,4,8,5,0,0,0,0,13352,6.26,16522,203,64,-2089,-1480,20.3,1335.2,12,1,0,8,4,10,1,1,0,1,18860,8.0,18828,262,71,26.2,1886.0
0,12,5,1,2,6,9,0,0,1,0,16012,6.83,15410,214,52,818,-1423,21.4,1601.2,15,4,0,6,2,8,0,1,0,2,20124,6.92,17899,202,57,20.2,2012.4
0,23,2,0,7,7,5,0,0,0,1,15805,6.84,16592,222,65,804,813,22.2,1580.5,6,4,1,7,7,10,0,0,0,2,17413,6.82,16217,225,54,22.5,1741.3
1,23,3,0,7,5,5,1,0,0,0,15756,6.83,16811,234,56,244,-260,23.4,1575.6,19,1,1,5,7,4,0,0,0,0,17215,6.51,15134,227,69,22.7,1721.5
0,25,1,0,8,3,7,0,0,0,1,16825,7.36,18301,229,50,2734,2340,22.9,1682.5,15,1,1,3,8,5,1,1,0,0,14019,7.33,15870,202,43,20.2,1401.9
0,27,3,0,2,6,4,1,0,0,1,15669,6.66,16320,185,57,-555,-85,18.5,1566.9,23,0,1,6,2,6,1,1,0,0,16919,7.0,18392,219,62,21.9,1691.9
1,31,4,1,7,5,5,0,0,0,0,16138,6.62,17939,194,46,-585,-1512,19.4,1613.8,22,2,0,5,7,5,0,0,0,0,15133,6.75,19019,221,60,22.1,1513.3
1,17,1,0,5,9,4,0,0,0,1,15154,6.31,15474,240,52,-1485,-1050,24.0,1515.4,28,3,1,9,5,9,2,1,0,1,17034,7.32,19526,251,60,25.1,1703.4
1,24,3,1,6,1,6,0,0,0,0,16332,7.23,18947,214,50,3404,832,21.4,1633.2,24,1,0,1,6,8,1,0,0,1,16274,7.1,17259,182,63,18.2,1627.4
0,20,2,0,5,6,6,2,0,1,1,15665,7.28,18540,200,52,750,-1266,20.0,1566.5,19,1,1,6,5,3,0,1,0,0,13818,6.66,17253,223,58,22.3,1381.8
0,15,2,0,6,4,9,0,0,0,0,15207,7.2,18811,258,40,-2180,532,25.8,1520.7,28,1,1,4,6,10,0,0,0,0,17073,7.08,18187,248,49,24.8,1707.3
1,21,3,1,9,6,3,1,1,0,0,14192,6.67,17491,229,71,-2021,284,22.9,1419.2,16,0,0,6,9,1,1,0,0,1,15817,6.68,18404,231,52,23.1,1581.7
1,23,3,0,8,7,6,0,0,0,0,15184,6.92,17006,208,46,-1082,55,20.8,1518.4,22,6,1,7,8,5,1,0,0,1,14812,6.58,20530,232,65,23.2,1481.2
0,21,2,0,6,6,3,0,0,0,0,17605,7.0,17289,193,52,-1255,-1360,19.3,1760.5,15,3,1,6,6,3,1,0,0,0,17333,7.19,18266,199,51,19.9,1733.3
1,19,4,1,9,4,12,1,0,0,1,19797,7.44,20358,268,63,3362,2789,26.8,1979.7,16,1,0,4,9,0,0,0,0,0,14007,6.54,16604,205,64,20.5,1400.7
0,17,4,1,6,7,9,1,1,0,1,16378,7.07,16453,191,54,1288,1220,19.1,1637.8,18,1,0,7,6,7,0,0,0,0,15462,6.88,16853,220,43,22.0,1546.2
0,17,1,0,3,2,3,1,0,1,1,14346,7.08,18285,189,44,-1122,712,18.9,1434.6,28,3,1,2,3,10,1,0,0,0,16622,7.07,19207,188,51,18.8,1662.2
0,12,1,0,1,13,0,0,0,0,0,12310,6.11,15710,203,42,-4092,-3682,20.3,1231.0,28,5,1,13,1,9,1,1,0,2,20044,7.23,19024,226,70,22.6,2004.4
1,20,0,1,6,9,6,1,0,1,1,14944,6.46,14162,185,51,-836,-1350,18.5,1494.4,20,4,0,9,6,6,0,0,0,1,17610,7.36,18872,268,73,26.8,1761.0
1,22,3,0,6,5,5,1,0,0,0,16599,6.98,19622,194,55,-625,1417,19.4,1659.9,20,2,1,5,6,8,0,0,0,0,16929,6.85,19117,219,64,21.9,1692.9
0,24,3,0,3,6,8,0,0,0,0,14790,6.38,16999,221,65,-456,-1836,22.1,1479.0,22,1,1,6,3,1,0,0,0,2,16743,6.38,17580,257,52,25.7,1674.3
1,18,2,1,7,0,6,1,0,0,1,19109,7.03,18127,244,70,2188,3223,24.4,1910.9,16,0,0,0,7,3,0,1,0,0,12772,6.44,16163,234,39,23.4,1277.2
1,17,2,0,6,7,8,0,1,0,0,16076,6.91,16037,186,73,-496,-100,18.6,1607.6,20,0,1,7,6,0,0,0,0,1,14961,7.27,16161,216,56,21.6,1496.1
1,30,2,1,6,5,14,1,0,0,0,19346,7.05,19481,248,63,2361,1956,24.8,1934.6,21,3,0,5,6,1,0,1,1,0,14931,7.14,15446,163,51,16.3,1493.1
0,19,1,1,4,4,7,1,0,1,1,17094,7.04,16525,186,55,186,-414,18.6,1709.4,17,2,0,4,4,5,0,0,0,0,17655,6.63,15956,233,45,23.3,1765.5
1,20,2,1,9,4,4,1,0,0,0,17613,6.66,16369,224,46,-1250,-284,22.4,1761.3,19,0,0,4,9,2,0,1,0,2,15958,6.59,15825,224,62,22.4,1595.8
0,19,1,1,4,7,4,1,0,1,0,16389,6.04,16871,194,49,-161,-866,19.4,1638.9,22,3,0,7,4,5,0,0,0,1,18714,7.06,18798,219,42,21.9,1871.4
0,26,2,0,4,9,6,1,1,1,1,15876,7.0,18164,229,57,456,1140,22.9,1587.6,30,2,1,9,4,5,1,1,1,1,16752,7.6,15495,225,43,22.5,1675.2
1,29,2,1,10,5,11,0,1,0,1,19928,7.3,19298,242,64,2642,2152,24.2,1992.8,19,1,0,5,10,4,0,0,0,1,15193,6.21,16035,220,35,22.0,1519.3
0,21,2,0,0,13,0,0,0,0,0,13443,6.76,13401,181,55,-3709,-4219,18.1,1344.3,27,3,1,13,0,7,2,1,0,3,19498,7.02,21008,276,81,27.6,1949.8
0,16,1,0,2,15,1,0,0,0,0,13926,6.27,16921,181,43,-2886,-1596,18.1,1392.6,27,4,1,15,2,13,2,1,1,0,19360,6.94,19115,248,62,24.8,1936.0
0,15,1,0,7,9,5,1,0,0,0,16309,6.79,17443,215,42,-704,-727,21.5,1630.9,16,1,1,9,7,4,1,0,0,0,17691,7.27,19987,242,63,24.2,1769.1
1,30,2,0,3,9,10,1,0,0,0,17915,6.76,16409,208,44,-342,-854,20.8,1791.5,20,1,1,9,3,11,2,0,1,0,14186,6.81,18451,208,53,20.8,1418.6
0,26,2,0,9,5,12,1,0,0,0,17974,6.82,18684,212,78,151,1768,21.2,1797.4,13,1,1,5,9,5,0,0,0,1,15816,6.46,16307,217,60,21.7,1581.6
1,19,4,0,6,4,7,0,0,0,1,18431,6.85,18303,220,62,1445,1104,22.0,1843.1,19,3,1,4,6,2,1,0,0,2,17626,6.5,15873,194,54,19.4,1762.6
0,26,1,0,5,9,2,1,1,0,1,13190,6.46,17001,230,44,45,-708,23.0,1319.0,14,2,1,9,5,5,1,1,0,1,16798,7.01,20035,261,45,26.1,1679.8
1,19,3,0,12,2,8,1,0,0,1,18543,7.2,18887,204,79,3607,1690,20.4,1854.3,16,1,1,2,12,1,0,1,0,1,16000,6.28,17688,200,37,20.0,1600.0
1,29,1,0,5,5,9,0,0,0,0,19649,7.19,18637,219,58,485,1765,21.9,1964.9,26,4,1,5,5,3,0,0,0,0,13707,5.98,17198,204,30,20.4,1370.7
1,28,3,0,8,4,9,0,1,1,1,18031,6.61,18344,246,40,1647,345,24.6,1803.1,23,0,1,4,8,6,0,0,0,2,17081,6.54,16045,218,48,21.8,1708.1
1,17,4,1,11,5,7,1,0,0,0,16663,7.43,18725,222,51,2832,2692,22.2,1666.3,22,2,0,5,11,8,0,0,1,0,16293,6.67,16658,192,26,19.2,1629.3
0,23,4,1,5,6,4,1,0,0,2,16094,6.71,18129,271,55,751,155,27.1,1609.4,21,2,0,6,5,6,1,1,0,0,17317,6.61,15890,218,58,21.8,1731.7
0,23,4,1,3,8,5,1,0,0,0,17801,6.75,17360,237,49,49,-844,23.7,1780.1,28,4,0,8,3,4,2,0,0,0,19637,7.35,18340,235,61,23.5,1963.7
1,34,3,1,7,4,7,0,0,1,1,20371,7.36,18354,217,62,1404,1708,21.7,2037.1,28,1,0,4,7,6,1,0,0,0,15792,7.28,17099,232,51,23.2,1579.2
0,17,4,0,5,7,5,1,1,0,0,17245,7.38,18611,203,76,414,-137,20.3,1724.5,18,2,1,7,5,10,1,0,1,1,17909,7.02,19579,219,45,21.9,1790.9
1,27,4,1,6,8,4,0,0,1,0,20747,6.07,19244,234,52,-912,-1045,23.4,2074.7,25,4,0,8,6,8,0,0,1,0,13941,6.19,17300,221,45,22.1,1394.1
1,23,1,1,11,0,6,1,2,0,1,18321,7.57,19090,281,64,2355,883,28.1,1832.1,20,4,0,0,11,1,0,0,0,0,15801,6.75,14618,219,58,21.9,1580.1
0,9,0,0,0,11,3,0,0,0,0,14578,6.37,13634,171,33,-3900,-5006,17.1,1457.8,11,5,1,11,0,13,1,1,0,1,19053,7.14,20917,277,60,27.7,1905.3
0,17,0,0,5,8,4,0,0,0,0,13452,6.71,13910,235,47,-2611,-3237,23.5,1345.2,17,4,1,8,5,11,0,0,1,2,17552,7.27,19286,246,49,24.6,1755.2
0,18,3,0,6,9,2,0,0,0,0,15430,6.43,16883,226,73,-2803,-2889,22.6,1543.0,32,6,1,9,6,4,1,0,0,0,20287,7.31,21667,219,61,21.9,2028.7
0,14,0,0,6,6,7,0,0,0,2,14529,7.05,16848,197,39,-872,-34,19.7,1452.9,31,1,1,6,6,11,1,1,0,0,17198,6.29,20566,235,55,23.5,1719.8
0,21,0,0,7,9,1,0,0,0,0,16916,7.2,15696,247,32,-435,-2033,24.7,1691.6,15,5,1,9,7,3,1,0,0,1,17540,6.97,19647,232,56,23.2,1754.0
0,22,0,1,1,9,2,0,0,0,2,13668,6.72,14864,202,35,-1587,-2742,20.2,1366.8,22,1,0,9,1,10,0,1,0,1,16896,7.11,20217,243,68,24.3,1689.6
0,19,0,0,0,10,5,0,0,0,1,13995,6.94,16817,219,36,-766,-230,21.9,1399.5,33,4,1,10,0,11,0,0,0,0,19409,7.13,16656,246,72,24.6,1940.9
0,16,2,1,5,6,7,0,1,0,0,17099,7.34,17424,209,52,-1723,-1904,20.9,1709.9,22,0,0,6,5,9,0,0,1,1,17844,6.79,17605,195,64,19.5,1784.4
1,24,2,0,13,0,10,1,1,0,1,20641,8.0,21431,215,81,4060,5155,21.5,2064.1,19,3,1,0,13,0,0,0,0,0,13491,5.94,14425,186,31,18.6,1349.1
1,24,0,1,10,1,12,2,0,0,2,18086,7.11,19797,225,68,3961,3790,22.5,1808.6,25,0,0,1,10,3,1,0,0,1,15554,6.73,16035,200,55,20.0,1555.4
0,20,2,1,7,8,4,1,0,0,0,15139,7.04,17927,226,59,-1366,-1757,22.6,1513.9,19,2,0,8,7,7,0,0,0,1,18379,7.01,19077,226,62,22.6,1837.9
0,25,2,1,4,4,7,2,0,1,1,14173,7.19,17186,239,54,-31,-1072,23.9,1417.3,29,3,0,4,4,3,0,0,1,1,17516,6.77,19556,202,61,20.2,1751.6
0,19,0,0,5,5,8,0,0,0,0,14135,6.72,16297,197,44,-872,-1772,19.7,1413.5,28,1,1,5,5,10,1,0,0,1,16936,7.03,20720,260,52,26.0,1693.6
0,9,0,0,5,9,0,0,0,0,0,13017,6.64,14013,186,46,-1995,-3241,18.6,1301.7,23,4,1,9,5,12,2,0,0,2,19893,7.76,16882,230,30,23.0,1989.3
1,17,2,0,7,7,6,1,0,0,0,16816,6.33,18774,245,41,-945,-364,24.5,1681.6,23,1,1,7,7,7,0,0,1,0,15068,7.2,17515,234,55,23.4,1506.8
0,19,1,0,7,6,5,0,0,0,0,15348,6.62,17110,250,72,-1593,-1068,25.0,1534.8,19,2,1,6,7,8,0,1,1,0,19040,6.56,19133,215,72,21.5,1904.0
0,25,1,1,9,7,3,0,1,0,0,15242,6.78,16930,236,53,-95,278,23.6,1524.2,26,5,0,7,9,6,1,1,0,2,16458,7.22,18066,238,54,23.8,1645.8
0,23,3,0,0,8,4,0,0,0,0,13067,6.16,16880,197,41,-4273,-4084,19.7,1306.7,28,3,1,8,0,10,1,2,1,1,17404,7.1,19044,260,57,26.0,1740.4
0,27,5,1,6,4,3,1,1,0,0,17602,7.04,14894,224,42,-883,-703,22.4,1760.2,18,2,0,4,6,9,0,1,0,1,16131,6.96,17716,254,43,25.4,1613.1
1,21,2,0,5,8,4,1,1,0,1,17761,6.51,16692,232,56,252,1237,23.2,1776.1,28,1,1,8,5,6,0,1,0,0,15932,6.57,14549,227,56,22.7,1593.2
1,25,0,0,4,7,6,0,1,1,2,18129,7.31,16419,238,61,488,325,23.8,1812.9,18,1,1,7,4,3,0,0,1,0,15408,6.23,17730,230,61,23.0,1540.8
1,14,2,1,6,5,6,1,1,0,2,17044,6.95,17543,246,59,791,-215,24.6,1704.4,13,0,0,5,6,5,0,1,1,1,16027,6.48,15696,238,44,23.8,1602.7
0,20,2,0,7,9,5,1,0,0,1,13243,6.96,14861,216,47,-2630,-1896,21.6,1324.3,18,0,1,9,7,11,1,0,1,2,16517,6.38,17337,235,63,23.5,1651.7
1,16,2,0,7,4,8,0,1,0,1,18158,7.24,19866,270,54,1053,2825,27.0,1815.8,18,3,1,4,7,5,0,0,0,1,14603,7.3,16108,207,51,20.7,1460.3
0,18,3,0,0,5,10,1,1,1,1,14645,6.75,16651,217,51,-698,231,21.7,1464.5,23,0,1,5,0,7,1,1,0,1,17982,7.25,19439,206,70,20.6,1798.2
1,36,6,0,4,7,6,1,0,1,0,20654,7.04,17989,214,78,1112,2157,21.4,2065.4,20,3,1,7,4,0,0,0,0,0,13587,6.7,15808,224,68,22.4,1358.7
0,21,0,0,7,6,7,1,0,0,1,15571,6.73,18065,240,51,1034,550,24.0,1557.1,13,0,1,6,7,5,0,0,0,0,15156,7.01,16364,209,55,20.9,1515.6
0,13,1,0,1,10,3,1,0,1,1,16269,6.63,16757,205,58,-1857,-2582,20.5,1626.9,24,1,1,10,1,7,2,2,0,2,18555,7.4,20866,209,59,20.9,1855.5
0,21,4,1,1,6,2,1,1,0,1,15732,6.1,18803,227,49,99,-32,22.7,1573.2,18,1,0,6,1,2,1,0,0,0,17564,7.08,18695,229,51,22.9,1756.4
1,18,1,1,4,6,11,0,1,1,0,17008,6.88,17894,241,57,-601,371,24.1,1700.8,17,2,0,6,4,3,1,0,0,0,14895,7.56,15248,193,48,19.3,1489.5
1,16,3,0,8,7,8,0,0,0,0,19088,7.27,18313,249,69,1115,1447,24.9,1908.8,18,5,1,7,8,2,0,0,0,0,15421,6.8,15801,193,61,19.3,1542.1
0,30,3,1,7,7,4,0,0,0,0,14984,6.83,16016,185,30,508,493,18.5,1498.4,20,2,0,7,7,4,1,1,0,0,16889,6.65,19310,229,50,22.9,1688.9
1,28,5,0,8,3,10,1,1,1,0,20149,7.59,19766,249,71,3936,1879,24.9,2014.9,23,2,1,3,8,4,0,0,0,0,14522,6.09,15386,166,50,16.6,1452.2
1,24,5,1,10,6,11,0,1,0,1,17360,6.87,19174,220,52,1860,1424,22.0,1736.0,26,2,0,6,10,3,0,0,0,0,13982,6.39,16996,215,41,21.5,1398.2
0,18,2,0,7,8,3,1,0,0,0,16952,6.48,16467,216,53,-1443,-419,21.6,1695.2,24,4,1,8,7,4,1,1,0,1,18026,6.73,17162,241,71,24.1,1802.6
0,20,0,1,6,7,8,0,0,0,1,18711,7.13,18563,184,62,2600,412,18.4,1871.1,14,2,0,7,6,6,1,0,1,0,15247,6.58,16433,253,53,25.3,1524.7
1,32,2,0,10,2,12,1,0,0,0,20166,7.17,19738,259,79,2818,1582,25.9,2016.6,12,1,1,2,10,6,1,0,0,0,14168,6.57,16232,214,40,21.4,1416.8
1,25,6,1,9,2,10,1,1,0,2,17765,7.59,20548,260,68,2019,4045,26.0,1776.5,16,0,0,2,9,3,0,0,0,0,14038,7.0,14750,215,52,21.5,1403.8
0,2,0,0,4,9,5,0,0,1,0,14216,6.42,15647,226,51,-2156,-2017,22.6,1421.6,20,2,1,9,4,10,2,0,0,0,20261,7.38,17771,230,65,23.0,2026.1
0,30,2,1,3,10,3,1,0,1,0,15404,6.74,16588,214,39,-1712,8,21.4,1540.4,26,0,0,10,3,5,0,1,1,1,18235,7.49,17802,238,73,23.8,1823.5
1,24,0,0,7,2,5,1,1,0,1,17390,6.43,18754,218,53,3783,3071,21.8,1739.0,14,5,1,2,7,5,0,0,1,1,14011,6.43,16844,187,67,18.7,1401.1
0,20,0,0,4,9,3,1,1,1,0,15489,6.52,17147,174,51,-926,-324,17.4,1548.9,23,4,1,9,4,9,0,1,0,1,16430,7.21,19517,240,62,24.0,1643.0
0,23,3,0,6,14,2,0,1,0,0,15912,6.46,16433,224,53,-2817,-967,22.4,1591.2,31,3,1,14,6,10,0,1,1,1,17052,7.62,18496,247,63,24.7,1705.2
0,21,2,0,6,8,5,1,0,1,0,15224,6.17,18289,231,63,-1780,7,23.1,1522.4,27,1,1,8,6,8,1,1,0,1,17199,6.6,21562,194,65,19.4,1719.9
1,25,2,1,9,2,5,1,0,1,2,18191,7.09,18210,226,62,484,1063,22.6,1819.1,14,2,0,2,9,6,0,1,1,0,15698,6.95,17766,194,79,19.4,1569.8
0,18,1,1,8,6,6,0,0,1,0,16365,6.83,17303,217,48,5,226,21.7,1636.5,19,4,0,6,8,4,1,0,0,1,16154,6.67,18061,234,47,23.4,1615.4
0,13,0,1,5,9,4,1,1,1,0,15912,6.44,14834,232,52,-563,-395,23.2,1591.2,23,4,0,9,5,10,1,0,0,1,18469,7.01,16998,238,72,23.8,1846.9
0,20,3,0,3,6,7,1,0,0,1,16375,7.18,17755,188,46,-1541,-750,18.8,1637.5,22,3,1,6,3,3,0,1,0,1,18200,7.17,17067,238,61,23.8,1820.0
0,26,1,1,3,5,6,0,0,0,0,16932,6.37,16685,204,41,-648,-707,20.4,1693.2,22,1,0,5,3,11,1,0,0,1,16337,6.85,17865,258,53,25.8,1633.7
1,15,0,1,1,5,2,1,0,0,0,14088,7.0,16054,237,43,-2104,-374,23.7,1408.8,18,1,0,5,1,11,1,0,0,2,16904,6.96,19463,201,42,20.1,1690.4
1,21,3,1,14,1,14,1,1,0,2,20814,7.43,21534,217,55,5617,3776,21.7,2081.4,16,1,0,1,14,0,0,0,0,1,11150,6.36,15758,194,20,19.4,1115.0
1,27,3,1,6,9,5,1,0,1,1,17992,7.3,18883,240,47,847,205,24.0,1799.2,22,3,0,9,6,2,0,0,0,0,15169,6.99,15767,197,56,19.7,1516.9
1,19,2,1,4,3,5,1,0,0,0,17940,7.32,18161,211,45,499,1489,21.1,1794.0,26,0,0,3,4,4,0,0,0,0,16806,7.09,13192,223,55,22.3,1680.6
1,17,2,0,8,9,8,0,0,1,1,14572,6.09,17307,203,60,-1442,-1703,20.3,1457.2,32,5,1,9,8,4,1,0,0,1,17346,7.19,18881,211,47,21.1,1734.6
0,18,2,0,6,6,4,1,0,0,1,16874,6.49,17325,214,40,-1001,442,21.4,1687.4,32,1,1,6,6,8,1,0,1,0,15818,6.86,17892,234,38,23.4,1581.8
0,18,1,0,7,7,5,0,0,1,0,16029,6.43,18059,218,43,-1550,-770,21.8,1602.9,19,3,1,7,7,14,0,0,0,1,17205,7.13,16676,235,55,23.5,1720.5
0,7,1,0,0,13,0,0,1,1,0,12558,7.05,12748,190,33,-5772,-3443,19.0,1255.8,32,3,1,13,0,8,1,1,0,1,21363,7.17,23784,220,78,22.0,2136.3
0,15,2,0,1,6,2,0,0,0,0,15501,6.91,17434,214,52,-2773,-2520,21.4,1550.1,21,2,1,6,1,4,0,1,1,1,19574,7.61,19408,199,78,19.9,1957.4
0,18,3,0,3,14,2,0,1,1,2,13168,6.96,16517,212,47,-3638,-2677,21.2,1316.8,28,3,1,14,3,11,1,1,0,1,19004,7.41,21350,232,70,23.2,1900.4
0,17,2,0,2,12,1,0,0,0,1,14124,5.94,14074,175,44,-3764,-5375,17.5,1412.4,29,4,1,12,2,10,2,2,1,0,18980,6.83,21141,240,66,24.0,1898.0
0,23,0,0,3,11,2,0,0,0,1,14902,6.67,15276,200,31,-2519,-2338,20.0,1490.2,17,3,1,11,3,7,1,0,0,0,19049,6.76,15643,230,57,23.0,1904.9
1,32,4,1,12,3,9,2,0,0,0,19314,6.98,19742,231,65,3200,1140,23.1,1931.4,26,4,0,3,12,1,1,0,0,0,15774,6.88,15154,217,53,21.7,1577.4
1,27,3,0,8,7,8,0,0,0,0,14866,7.44,15717,240,50,-384,-315,24.0,1486.6,32,0,1,7,8,6,2,1,0,1,15973,6.87,17959,206,58,20.6,1597.3
1,27,2,1,10,5,6,2,0,0,0,14995,7.4,19486,229,53,1295,1566,22.9,1499.5,16,3,0,5,10,0,0,0,0,1,12149,6.07,15668,206,28,20.6,1214.9
0,20,2,0,4,5,1,1,0,0,0,15526,6.92,18267,199,54,-1334,1202,19.9,1552.6,22,3,1,5,4,8,1,0,0,1,16519,6.57,16662,243,65,24.3,1651.9
1,18,3,1,5,2,11,1,0,0,1,17683,6.87,19193,220,53,1631,988,22.0,1768.3,30,2,0,2,5,2,0,0,0,0,16486,6.78,17180,221,53,22.1,1648.6
1,18,4,1,7,6,3,1,1,0,1,17653,6.91,15480,230,28,-2036,-461,23.0,1765.3,26,1,0,6,7,7,1,1,0,0,18500,7.15,17698,243,73,24.3,1850.0
1,24,0,1,2,4,6,1,0,0,0,17675,7.16,21336,234,63,-375,-1004,23.4,1767.5,20,2,0,4,2,4,0,0,0,1,16648,7.25,18166,187,58,18.7,1664.8
1,26,5,0,7,5,6,1,1,0,0,19300,6.97,18693,238,44,1354,1642,23.8,1930.0,22,1,1,5,7,8,0,1,1,0,14028,6.74,16655,213,56,21.3,1402.8
0,22,3,1,5,7,2,2,1,0,0,16643,6.49,18292,191,67,-1693,-241,19.1,1664.3,23,4,0,7,5,8,0,0,1,0,17514,7.23,18303,249,65,24.9,1751.4
1,21,3,1,6,4,6,1,1,0,1,14846,7.27,18787,255,39,2019,2226,25.5,1484.6,27,2,0,4,6,4,0,0,0,0,15494,6.65,15641,184,42,18.4,1549.4
1,25,2,0,7,6,6,0,1,0,0,17421,7.03,19357,238,66,335,-745,23.8,1742.1,28,2,1,6,7,6,0,0,1,1,16273,6.28,16177,241,46,24.1,1627.3
0,25,2,1,6,6,6,0,0,0,0,14974,6.53,15290,222,50,468,-2229,22.2,1497.4,17,2,0,6,6,6,0,0,0,1,16208,6.91,18897,184,79,18.4,1620.8
0,22,0,1,2,7,2,1,0,0,0,13851,6.7,18340,200,65,-2087,-1413,20.0,1385.1,13,2,0,7,2,9,1,0,1,1,18987,7.43,16872,238,60,23.8,1898.7
0,17,1,1,5,11,0,0,0,0,0,14906,6.86,16650,236,32,-1885,-2386,23.6,1490.6,18,4,0,11,5,8,2,1,1,1,17943,7.06,16969,224,51,22.4,1794.3
1,16,0,0,7,7,3,0,0,0,0,17083,6.93,18215,192,67,731,189,19.2,1708.3,13,0,1,7,7,5,1,0,0,1,16188,7.41,16438,245,65,24.5,1618.8
1,16,0,0,6,3,9,0,0,0,1,14869,7.21,18704,193,67,1088,620,19.3,1486.9,21,2,1,3,6,6,1,0,0,0,14928,7.32,16108,236,35,23.6,1492.8
0,15,5,0,2,5,2,0,0,0,0,14374,6.39,17087,198,49,-1263,-513,19.8,1437.4,24,0,1,5,2,8,2,0,0,0,17026,6.89,18227,197,64,19.7,1702.6
1,21,2,0,6,4,7,0,0,0,0,15833,7.43,17787,214,67,-1095,752,21.4,1583.3,23,3,1,4,6,7,1,0,0,0,15443,6.75,18986,234,78,23.4,1544.3
1,24,3,1,12,5,5,1,1,0,1,17134,6.75,17958,227,49,3473,1873,22.7,1713.4,10,3,0,5,12,5,1,0,0,1,14202,6.65,14552,225,53,22.5,1420.2
1,14,2,1,6,7,9,1,1,1,0,18253,7.25,16914,235,63,100,1285,23.5,1825.3,28,1,0,7,6,6,1,0,1,0,16637,6.84,18136,192,41,19.2,1663.7
1,21,2,1,13,6,9,1,1,1,1,17819,7.25,21735,259,58,1725,1333,25.9,1781.9,14,3,0,6,13,1,1,0,0,0,15217,6.76,16105,226,47,22.6,1521.7
1,24,2,1,5,5,5,1,0,0,0,18863,6.89,17878,236,62,2646,3467,23.6,1886.3,16,4,0,5,5,3,0,0,0,0,15459,6.12,15880,206,63,20.6,1545.9
0,13,2,1,2,12,1,1,0,0,0,17546,6.52,17530,199,56,-915,413,19.9,1754.6,24,3,0,12,2,10,2,2,1,0,17041,7.37,17624,263,78,26.3,1704.1
1,26,3,1,9,3,6,0,0,1,0,18895,7.93,20312,236,62,2054,2482,23.6,1889.5,20,1,0,3,9,4,0,0,0,0,13000,6.34,17135,218,51,21.8,1300.0
0,17,1,0,7,10,7,0,0,1,0,16186,6.43,15974,229,46,328,-635,22.9,1618.6,22,5,1,10,7,5,1,1,1,1,17666,6.7,17036,230,53,23.0,1766.6
1,18,3,1,8,2,5,2,1,1,2,17676,6.82,19807,222,58,851,2351,22.2,1767.6,22,2,0,2,8,2,1,0,0,0,15609,6.84,15724,196,47,19.6,1560.9
0,20,2,0,9,2,5,0,0,0,1,15703,6.61,17077,219,53,925,-612,21.9,1570.3,20,3,1,2,9,4,1,0,1,0,17405,6.54,15077,204,62,20.4,1740.5
0,21,2,0,4,6,5,0,1,0,1,15287,7.14,19407,205,52,-427,678,20.5,1528.7,30,3,1,6,4,6,2,1,0,1,17556,6.81,15191,243,71,24.3,1755.6
0,12,2,0,2,10,3,0,1,0,0,14884,6.51,15093,210,49,-1186,-2757,21.0,1488.4,15,3,1,10,2,7,2,1,0,1,20355,7.01,22833,242,64,24.2,2035.5
0,18,2,0,5,12,5,0,1,1,0,14937,6.72,18403,230,55,191,-1413,23.0,1493.7,20,1,1,12,5,5,1,0,0,0,18185,6.65,20451,234,63,23.4,1818.5
0,19,1,0,7,9,0,1,0,0,0,13512,6.41,14876,221,53,-2365,-2235,22.1,1351.2,34,0,1,9,7,10,1,1,0,1,19248,7.56,20327,233,79,23.3,1924.8
1,18,5,1,6,2,5,1,0,0,0,17123,6.99,17612,229,61,2051,1164,22.9,1712.3,17,2,0,2,6,10,0,0,1,0,15030,6.5,14769,211,53,21.1,1503.0
1,15,1,1,8,5,6,0,1,0,0,19186,7.21,19418,238,45,3799,1965,23.8,1918.6,15,2,0,5,8,1,0,0,0,0,14358,6.45,14754,201,56,20.1,1435.8
0,11,0,1,2,6,0,1,0,0,1,15007,6.33,18474,189,49,-2059,-2036,18.9,1500.7,20,3,0,6,2,7,0,0,1,1,18701,6.38,19748,261,52,26.1,1870.1
0,19,3,1,8,6,8,2,0,0,0,16492,6.5,15933,192,65,383,84,19.2,1649.2,26,0,0,6,8,5,0,1,1,0,15691,7.36,16704,184,43,18.4,1569.1
0,12,1,0,2,10,6,0,0,0,0,15092,6.8,15813,204,70,-902,563,20.4,1509.2,30,0,1,10,2,9,0,1,0,1,16745,6.69,19236,233,59,23.3,1674.5
0,17,0,0,9,5,2,1,1,0,0,15872,6.53,16633,208,29,236,-2096,20.8,1587.2,24,2,1,5,9,5,1,1,0,1,16822,7.38,17918,229,42,22.9,1682.2
1,30,4,1,8,8,11,1,0,0,1,19144,7.24,17381,226,57,1841,578,22.6,1914.4,15,0,0,8,8,2,1,1,0,0,13520,6.45,16541,211,29,21.1,1352.0
0,13,2,0,7,9,6,0,1,0,0,18126,6.95,16023,240,62,-1164,-301,24.0,1812.6,14,2,1,9,7,9,0,0,0,0,15949,7.61,18680,184,54,18.4,1594.9
1,22,1,0,11,3,12,2,1,0,2,17524,7.74,20956,216,62,3931,2523,21.6,1752.4,14,3,1,3,11,0,0,0,0,1,14924,6.54,17031,219,42,21.9,1492.4
0,30,5,1,5,11,7,0,0,0,1,15959,6.83,16022,183,38,-364,-1885,18.3,1595.9,18,4,0,11,5,5,2,0,0,1,16014,6.99,16850,241,52,24.1,1601.4
1,24,0,1,8,3,8,0,1,0,0,18864,7.36,17843,198,58,2129,1249,19.8,1886.4,28,2,0,3,8,5,0,0,0,0,16706,6.99,15539,203,39,20.3,1670.6
1,18,2,1,6,8,1,1,0,0,1,18870,6.73,16895,213,57,603,-464,21.3,1887.0,19,3,0,8,6,10,1,0,0,0,17052,6.65,17137,243,52,24.3,1705.2
1,21,0,0,9,5,8,1,0,0,1,16271,6.51,18305,261,64,1138,2876,26.1,1627.1,13,2,1,5,9,1,2,0,0,0,17219,6.96,16969,188,51,18.8,1721.9
0,21,2,0,3,6,6,0,0,0,0,16100,6.7,17534,239,31,-276,-1092,23.9,1610.0,12,2,1,6,3,7,1,0,0,1,17918,7.06,18508,252,69,25.2,1791.8
0,28,1,1,4,5,4,0,0,0,0,17580,6.7,15990,240,61,-1243,169,24.0,1758.0,22,2,0,5,4,8,0,0,1,2,17807,6.83,18839,236,76,23.6,1780.7
1,17,3,0,8,11,6,0,0,0,0,15646,6.53,17086,208,61,873,512,20.8,1564.6,20,2,1,11,8,8,1,0,0,1,18850,6.43,17809,180,48,18.0,1885.0
0,15,2,0,4,10,4,0,1,0,1,14705,6.98,15655,187,50,474,-1187,18.7,1470.5,27,3,1,10,4,7,1,0,0,0,16325,7.3,19184,251,62,25.1,1632.5
1,14,4,1,3,7,5,1,1,0,2,16887,6.95,16785,237,51,2744,2018,23.7,1688.7,19,0,0,7,3,2,0,0,1,1,16554,6.43,16783,196,48,19.6,1655.4
0,22,2,0,6,3,7,1,0,0,1,17853,7.18,17729,262,74,903,1241,26.2,1785.3,20,1,1,3,6,5,2,1,0,0,16198,6.16,17370,215,66,21.5,1619.8
1,14,0,0,11,6,6,1,1,1,0,16995,6.65,19356,224,55,1807,3326,22.4,1699.5,25,2,1,6,11,4,1,0,0,1,16382,7.23,16011,214,42,21.4,1638.2
1,21,3,1,9,2,10,1,0,0,0,19217,7.35,19882,222,66,3724,2958,22.2,1921.7,19,0,0,2,9,0,0,0,0,0,15555,6.55,15617,208,28,20.8,1555.5
0,18,2,0,8,7,7,1,0,1,0,17806,7.6,20258,228,67,3302,3030,22.8,1780.6,17,2,1,7,8,9,0,0,0,0,17253,6.83,17629,167,36,16.7,1725.3
1,25,0,1,2,9,3,0,0,1,0,17424,7.5,14143,208,60,-1128,-379,20.8,1742.4,23,3,0,9,2,6,1,1,0,0,17499,7.02,17852,168,69,16.8,1749.9
1,18,1,1,6,7,3,0,0,0,1,17603,6.51,17131,260,57,397,-439,26.0,1760.3,25,3,0,7,6,5,0,0,0,1,14754,6.84,16851,221,56,22.1,1475.4
1,21,1,0,2,9,10,1,0,0,0,13491,6.85,17261,211,52,-1827,937,21.1,1349.1,23,0,1,9,2,6,0,0,0,0,16717,6.28,15816,211,58,21.1,1671.7
1,12,4,1,7,6,5,0,0,0,0,17281,6.41,17039,243,55,-487,5,24.3,1728.1,24,1,0,6,7,8,1,0,1,1,16929,6.92,19060,214,55,21.4,1692.9
0,19,3,0,5,8,2,2,0,0,1,13850,6.32,16769,226,38,787,-545,22.6,1385.0,15,5,1,8,5,9,1,0,0,2,16958,6.91,18455,249,47,24.9,1695.8
1,17,2,1,9,6,11,0,0,0,1,18088,7.4,19669,251,49,3047,4053,25.1,1808.8,11,1,0,6,9,3,0,0,0,0,15163,5.81,15342,178,32,17.8,1516.3
1,19,3,1,5,6,7,0,0,0,0,16916,7.13,16083,249,65,-73,2533,24.9,1691.6,22,1,0,6,5,7,1,1,0,1,13207,6.64,19944,253,49,25.3,1320.7
1,31,0,0,9,5,7,1,0,0,1,15591,7.11,16667,243,54,263,-141,24.3,1559.1,15,1,1,5,9,3,1,0,0,0,17132,6.76,14716,225,54,22.5,1713.2
1,27,2,1,7,6,10,1,0,0,1,19011,7.15,17896,229,63,3859,2715,22.9,1901.1,18,0,0,6,7,4,1,0,0,0,14118,6.62,12264,205,50,20.5,1411.8
0,15,2,0,0,9,4,0,0,0,1,15883,6.77,15042,172,52,-3371,-4262,17.2,1588.3,24,0,1,9,0,13,1,1,1,1,18128,7.57,21554,234,80,23.4,1812.8
0,32,1,0,1,10,0,0,0,0,0,11207,6.66,14383,191,41,-3451,-2568,19.1,1120.7,27,6,1,10,1,11,1,0,1,1,21241,6.96,20762,217,63,21.7,2124.1
1,17,2,0,8,3,8,1,0,1,1,16920,7.07,16988,221,69,-777,1374,22.1,1692.0,24,0,1,3,8,4,0,1,0,0,14906,6.68,15496,206,57,20.6,1490.6
1,26,2,1,7,0,2,0,0,0,1,16806,7.17,17448,248,46,-474,968,24.8,1680.6,20,4,0,0,7,6,0,1,0,1,15806,7.4,18065,184,73,18.4,1580.6
1,13,3,1,9,6,6,0,0,0,1,16667,6.84,19650,232,76,884,-1568,23.2,1666.7,15,3,0,6,9,3,0,0,0,1,16966,7.17,16449,229,72,22.9,1696.6
0,16,1,0,5,14,5,1,0,0,0,12348,6.95,13637,171,70,-755,-1446,17.1,1234.8,21,4,1,14,5,6,1,0,0,1,18355,7.55,15849,249,59,24.9,1835.5
0,13,3,1,11,7,4,1,0,1,1,17954,6.99,18712,204,65,-18,738,20.4,1795.4,25,0,0,7,11,1,1,1,0,1,17230,7.01,17542,235,41,23.5,1723.0
1,25,3,0,7,8,16,1,1,0,1,19479,7.31,19230,234,80,4505,3057,23.4,1947.9,16,0,1,8,7,3,0,0,0,0,15568,6.57,17872,216,40,21.6,1556.8
1,22,3,1,8,4,8,1,1,0,1,18568,6.85,18529,246,60,1961,1053,24.6,1856.8,17,3,0,4,8,4,0,0,0,1,15003,6.57,15927,215,39,21.5,1500.3
1,19,5,0,5,6,2,1,1,0,1,17413,6.87,15665,212,67,253,-95,21.2,1741.3,25,2,1,6,5,6,1,0,0,1,15262,6.85,16060,206,60,20.6,1526.2
0,25,3,1,9,7,7,0,1,1,0,15538,6.9,17236,236,49,-1420,-1083,23.6,1553.8,28,2,0,7,9,6,1,1,0,0,17427,7.25,18421,217,57,21.7,1742.7
0,16,4,0,6,7,11,0,0,1,0,14407,6.8,17382,192,66,-529,-500,19.2,1440.7,18,3,1,7,6,7,0,1,0,1,18383,6.84,18856,264,67,26.4,1838.3
0,17,0,0,0,11,0,0,0,0,1,13626,6.62,16955,156,27,-1810,-3985,15.6,1362.6,26,1,1,11,0,14,1,1,0,1,19777,6.76,19999,238,69,23.8,1977.7
0,25,0,1,8,9,8,0,0,0,1,15245,6.85,18388,227,46,-1426,1769,22.7,1524.5,13,4,0,9,8,3,0,0,1,1,14481,6.55,16394,200,50,20.0,1448.1
1,14,2,0,8,2,5,1,1,0,1,18967,7.3,16276,194,74,1376,456,19.4,1896.7,14,2,1,2,8,2,0,0,0,0,15699,6.59,14860,204,45,20.4,1569.9
0,13,1,1,4,9,3,0,0,1,0,15711,5.68,15595,196,40,-3013,-2438,19.6,1571.1,19,2,0,9,4,12,1,0,1,1,18276,7.2,18733,244,81,24.4,1827.6
0,19,4,1,3,9,1,1,1,0,0,16070,6.64,16958,216,52,-1475,-393,21.6,1607.0,18,1,0,9,3,10,0,0,0,1,17770,7.36,18210,254,64,25.4,1777.0
0,21,0,0,4,11,6,0,0,0,0,14667,6.49,14227,227,30,-1196,-3252,22.7,1466.7,26,2,1,11,4,7,0,0,1,1,17939,6.65,20126,259,61,25.9,1793.9
0,25,1,1,3,3,3,0,0,0,0,16414,5.96,13506,224,53,-1099,-2033,22.4,1641.4,23,2,0,3,3,7,0,1,0,1,19044,7.27,19577,236,61,23.6,1904.4
1,19,3,1,5,3,9,1,0,0,1,18078,7.26,15233,197,46,112,-24,19.7,1807.8,18,1,0,3,5,6,2,1,1,0,14875,7.48,16731,175,56,17.5,1487.5
0,14,1,0,2,11,0,0,0,0,0,14307,6.37,15085,174,33,-3712,-2664,17.4,1430.7,12,3,1,11,2,8,1,0,0,1,17781,7.18,19743,282,61,28.2,1778.1
1,17,2,1,8,7,7,1,1,0,0,18940,7.22,17956,202,52,1628,211,20.2,1894.0,25,1,0,7,8,7,0,0,0,2,15576,6.43,17323,218,46,21.8,1557.6
1,23,3,1,10,3,2,1,1,1,1,19181,6.95,19685,217,53,2319,-135,21.7,1918.1,31,0,0,3,10,2,0,0,0,0,14923,7.44,16077,232,55,23.2,1492.3
0,18,3,0,6,8,12,0,0,0,0,17992,7.12,18843,244,53,949,31,24.4,1799.2,19,4,1,8,6,7,0,0,0,0,19299,6.61,19101,244,55,24.4,1929.9
0,14,3,0,2,16,6,0,0,0,0,14603,6.31,15198,249,38,-4345,-2006,24.9,1460.3,23,7,1,16,2,10,1,1,0,1,21239,7.56,18418,278,60,27.8,2123.9
0,18,2,0,1,8,9,0,1,1,0,11963,6.87,17209,213,36,-3080,-921,21.3,1196.3,18,5,1,8,1,7,1,0,1,0,19320,6.6,19497,176,55,17.6,1932.0
1,25,1,1,12,3,12,2,0,0,1,18810,7.26,20563,232,69,3118,1658,23.2,1881.0,11,1,0,3,12,6,0,0,0,1,14965,6.8,15518,229,57,22.9,1496.5
0,12,3,0,0,13,0,0,0,0,0,12787,6.37,14374,180,31,-4989,-4267,18.0,1278.7,32,2,1,13,0,13,1,1,0,2,21065,7.36,22508,253,67,25.3,2106.5
1,15,0,1,7,7,5,1,0,0,1,16997,6.85,17603,201,54,172,-528,20.1,1699.7,29,3,0,7,7,8,1,0,0,1,17568,7.17,19120,195,38,19.5,1756.8
0,20,4,0,4,9,4,0,0,0,0,13044,6.74,13401,167,61,247,-2197,16.7,1304.4,27,1,1,9,4,2,0,0,0,1,18505,7.23,19589,202,68,20.2,1850.5
1,6,4,1,8,4,9,0,0,0,1,16223,7.13,17779,256,52,1521,1823,25.6,1622.3,15,2,0,4,8,7,0,0,0,0,15187,6.77,14041,221,39,22.1,1518.7
0,16,4,0,6,7,2,0,1,0,0,17758,6.19,15212,221,60,-1238,-839,22.1,1775.8,24,1,1,7,6,9,0,1,0,0,17049,7.49,16427,236,64,23.6,1704.9
1,15,3,1,2,3,4,2,1,0,0,17850,6.49,19598,219,50,-145,-348,21.9,1785.0,17,1,0,3,2,9,0,0,0,0,18093,6.74,15580,233,62,23.3,1809.3
1,27,0,1,6,6,4,1,0,1,1,17683,6.86,16947,236,65,2608,1085,23.6,1768.3,26,2,0,6,6,5,0,0,0,0,16303,6.66,16356,235,51,23.5,1630.3
1,21,1,1,12,0,9,1,2,0,0,18423,7.74,18565,249,53,1239,3570,24.9,1842.3,23,0,0,0,12,0,1,0,0,0,12151,6.14,14237,174,41,17.4,1215.1
1,17,2,1,10,5,5,0,0,1,0,15001,6.85,16766,239,57,-196,-75,23.9,1500.1,13,2,0,5,10,13,0,1,1,0,15012,7.04,15997,232,39,23.2,1501.2
1,21,1,0,7,3,6,1,0,0,0,16171,6.53,19874,231,42,1562,563,23.1,1617.1,20,4,1,3,7,4,1,0,0,1,15849,7.24,16439,200,37,20.0,1584.9
0,14,1,0,0,9,4,0,1,0,0,13574,6.43,17756,199,41,-2712,-3228,19.9,1357.4,31,3,1,9,0,4,1,1,1,2,17076,7.58,19339,252,82,25.2,1707.6
1,20,4,0,8,3,5,1,0,1,0,18999,7.05,18853,236,54,1105,3867,23.6,1899.9,14,2,1,3,8,2,0,1,0,1,16574,6.65,15114,238,44,23.8,1657.4
0,19,1,1,4,5,2,1,0,0,0,15822,6.63,17012,195,54,-2470,-1432,19.5,1582.2,26,6,0,5,4,8,0,1,0,2,16364,7.2,17652,210,59,21.0,1636.4
0,17,0,1,7,7,3,0,0,0,0,14654,7.01,16677,193,52,-1161,-1140,19.3,1465.4,24,3,0,7,7,7,1,0,0,0,16496,7.54,18558,202,57,20.2,1649.6
1,18,3,0,6,6,8,1,0,0,1,17583,7.08,18187,236,57,606,-581,23.6,1758.3,26,2,1,6,6,3,1,0,0,2,16849,6.99,18643,175,52,17.5,1684.9
0,12,2,0,0,6,3,0,0,0,0,10938,6.87,12933,240,51,-2525,-2952,24.0,1093.8,14,2,1,6,0,11,0,1,1,0,20337,7.52,18770,236,75,23.6,2033.7
0,15,2,1,9,4,7,0,0,0,1,13449,6.87,19298,205,54,-204,-658,20.5,1344.9,18,5,0,4,9,9,0,0,0,1,16286,7.23,15543,243,57,24.3,1628.6
0,22,4,1,9,8,6,1,2,1,1,18778,7.28,18722,200,77,2823,1738,20.0,1877.8,19,1,0,8,9,3,0,0,0,0,15403,6.91,16383,222,38,22.2,1540.3
1,22,2,1,5,4,7,1,0,0,2,18974,7.32,17167,194,45,1538,-601,19.4,1897.4,29,2,0,4,5,8,0,0,0,0,15643,6.79,18150,183,53,18.3,1564.3
0,10,3,0,4,11,1,0,1,1,0,10944,6.48,14652,190,43,-3484,-2393,19.0,1094.4,21,5,1,11,4,12,1,1,0,1,19679,7.49,20090,221,68,22.1,1967.9
1,24,2,0,5,5,4,0,1,0,2,15737,6.18,17821,204,56,-1083,626,20.4,1573.7,27,0,1,5,5,3,0,2,0,0,13394,6.89,16219,226,57,22.6,1339.4
1,25,4,1,7,5,8,0,0,0,0,19690,6.97,20302,247,65,2281,1879,24.7,1969.0,25,3,0,5,7,8,0,0,0,0,16706,6.29,14209,195,56,19.5,1670.6
0,21,0,0,1,8,1,0,0,0,0,11948,7.04,16792,221,47,-3537,-3142,22.1,1194.8,22,2,1,8,1,11,0,0,1,1,19555,7.44,22328,244,57,24.4,1955.5
0,19,2,0,3,4,4,1,1,0,1,16128,6.74,15178,241,48,-1621,-1,24.1,1612.8,22,0,1,4,3,8,0,1,1,1,17573,7.87,18151,227,70,22.7,1757.3
1,25,2,0,10,3,7,1,1,0,1,17324,7.14,19538,258,61,2492,2542,25.8,1732.4,15,0,1,3,10,2,0,0,1,0,15160,5.95,16352,224,58,22.4,1516.0
0,31,1,1,3,6,4,1,0,0,0,18051,6.76,16800,235,58,-878,42,23.5,1805.1,26,4,0,6,3,5,0,0,0,0,15210,6.61,18974,232,55,23.2,1521.0
1,19,4,0,9,7,5,0,1,0,0,18539,6.83,17132,204,61,952,2539,20.4,1853.9,12,2,1,7,9,7,1,0,0,1,15938,6.94,20055,227,41,22.7,1593.8
1,18,4,0,10,2,8,1,0,0,3,19554,7.41,19750,248,66,3542,2827,24.8,1955.4,6,0,1,2,10,2,0,0,0,0,13827,6.06,14852,188,53,18.8,1382.7
1,13,0,1,6,3,6,1,1,0,0,16123,7.3,18667,212,58,216,1415,21.2,1612.3,32,1,0,3,6,5,1,0,0,0,16335,6.57,16045,187,41,18.7,1633.5
0,30,3,1,7,7,3,1,1,0,2,16240,6.56,19007,184,55,304,-772,18.4,1624.0,16,0,0,7,7,5,0,1,1,1,14909,6.62,15779,223,56,22.3,1490.9
1,34,4,1,10,0,10,1,0,0,1,19698,7.21,21290,252,76,4423,3886,25.2,1969.8,7,1,0,0,10,1,0,0,0,0,12473,6.37,10400,193,37,19.3,1247.3
0,15,1,0,2,5,8,1,0,1,0,14189,6.95,15343,207,62,-1957,-1323,20.7,1418.9,29,1,1,5,2,5,0,0,0,0,17329,7.51,19385,254,82,25.4,1732.9
0,15,0,0,2,6,5,0,0,0,0,16279,6.73,17217,186,35,-2633,-841,18.6,1627.9,15,3,1,6,2,8,0,0,0,0,15197,7.04,17805,234,42,23.4,1519.7
0,19,0,0,3,4,6,1,0,0,1,14803,6.35,20804,215,68,1806,-177,21.5,1480.3,27,1,1,4,3,5,0,1,0,0,16616,6.78,15869,253,63,25.3,1661.6
1,27,2,0,4,4,4,1,0,0,1,18904,6.87,18852,264,59,58,155,26.4,1890.4,24,1,1,4,4,4,0,0,0,0,13451,6.42,17623,235,34,23.5,1345.1
0,13,1,1,1,8,5,0,0,0,0,14801,7.22,18337,234,52,-2096,-778,23.4,1480.1,22,4,0,8,1,6,1,1,0,2,15744,7.27,18969,206,41,20.6,1574.4
0,8,3,0,6,5,6,1,0,0,0,14749,6.63,17014,245,58,-1906,-3016,24.5,1474.9,17,4,1,5,6,6,1,1,1,0,19045,7.04,22137,253,94,25.3,1904.5
1,35,4,1,8,0,14,1,1,1,1,19022,7.17,21616,250,80,3590,3807,25.0,1902.2,15,1,0,0,8,4,0,0,0,1,13100,6.34,10919,213,28,21.3,1310.0
0,22,1,1,7,4,5,1,0,0,0,18991,6.93,16111,191,52,59,-597,19.1,1899.1,15,2,0,4,7,8,0,0,1,1,16785,6.58,18365,187,59,18.7,1678.5
1,21,2,0,7,9,2,0,0,1,0,16111,7.16,15491,175,62,-240,-1176,17.5,1611.1,22,3,1,9,7,6,1,0,0,1,17541,7.13,15985,227,66,22.7,1754.1
1,21,2,1,10,5,9,0,1,1,0,19050,7.31,20244,205,62,3596,1254,20.5,1905.0,19,1,0,5,10,3,1,0,0,1,16231,6.2,15546,205,40,20.5,1623.1
1,22,1,1,5,4,7,1,1,1,1,15714,6.61,18485,264,44,453,656,26.4,1571.4,11,7,0,4,5,5,0,0,0,0,18162,7.08,16779,225,58,22.5,1816.2
0,12,0,0,5,8,6,1,0,0,0,17005,7.01,16785,221,47,-1733,-627,22.1,1700.5,20,2,1,8,5,5,0,1,1,0,16517,6.83,20177,222,56,22.2,1651.7
1,17,3,1,8,5,6,0,0,0,0,18209,6.92,18500,233,66,729,-421,23.3,1820.9,16,1,0,5,8,3,2,1,0,1,11704,6.99,16480,193,66,19.3,1170.4
0,18,2,1,8,11,0,1,1,1,0,14768,6.15,17072,204,48,-1554,-3818,20.4,1476.8,28,2,0,11,8,11,0,1,0,2,18981,7.58,19196,243,50,24.3,1898.1
1,9,3,1,8,4,8,1,1,0,1,17274,7.32,18380,233,41,408,1759,23.3,1727.4,24,1,0,4,8,5,1,1,0,1,14905,6.49,17783,240,68,24.0,1490.5
1,22,2,0,12,3,12,2,1,1,0,19543,7.55,21288,220,81,3134,2926,22.0,1954.3,19,1,1,3,12,5,0,0,0,0,14653,6.47,14940,214,41,21.4,1465.3
1,19,2,1,12,7,6,1,1,1,1,17461,6.7,17681,218,68,914,2521,21.8,1746.1,14,3,0,7,12,3,0,0,0,1,15714,7.42,18773,191,43,19.1,1571.4
0,18,0,1,6,7,10,1,0,1,1,16939,7.12,18450,177,60,666,-465,17.7,1693.9,28,2,0,7,6,11,1,1,1,0,17929,6.23,16456,241,72,24.1,1792.9
1,16,0,1,7,12,6,1,1,0,1,14756,5.99,17271,221,50,-2262,-1321,22.1,1475.6,23,3,0,12,7,8,0,0,0,0,16482,6.36,17539,200,49,20.0,1648.2
0,14,2,1,6,8,5,0,1,0,0,12363,6.79,15742,225,61,-628,1397,22.5,1236.3,18,1,0,8,6,7,0,1,1,0,19436,7.13,17673,210,59,21.0,1943.6
0,10,2,1,6,10,3,1,0,0,1,15304,7.6,19711,202,39,-2220,-981,20.2,1530.4,24,2,0,10,6,10,1,0,0,1,14758,7.19,18934,220,63,22.0,1475.8
0,20,0,0,3,12,1,1,1,0,1,15176,7.51,19699,174,39,325,-831,17.4,1517.6,21,2,1,12,3,6,1,1,0,1,17015,7.5,16739,238,69,23.8,1701.5
1,20,1,0,6,0,7,0,0,0,3,18078,7.02,18018,224,59,1819,3338,22.4,1807.8,19,1,1,0,6,3,0,0,0,1,16491,6.72,16761,177,50,17.7,1649.1
0,10,1,0,1,12,3,0,0,0,0,14180,7.39,14763,218,44,-3607,-2193,21.8,1418.0,25,3,1,12,1,5,2,0,0,2,19950,7.15,20675,240,81,24.0,1995.0
1,22,4,0,10,5,14,0,1,0,1,16996,7.32,19560,204,61,2213,1496,20.4,1699.6,14,4,1,5,10,2,0,0,0,1,14893,6.38,14650,218,58,21.8,1489.3
0,18,1,1,7,7,5,1,0,0,1,13696,6.73,16839,196,30,-1195,-89,19.6,1369.6,11,2,0,7,7,9,1,1,0,1,15857,7.49,15820,227,65,22.7,1585.7
0,18,2,1,10,4,8,0,0,0,1,16276,7.07,17964,223,58,-425,1371,22.3,1627.6,18,0,0,4,10,5,0,0,0,1,16585,6.89,13862,216,77,21.6,1658.5
0,7,2,0,3,7,2,0,0,0,1,15328,6.46,17833,208,27,-378,210,20.8,1532.8,13,3,1,7,3,7,1,0,1,2,18349,7.17,18059,260,81,26.0,1834.9
1,26,2,1,10,1,9,0,1,1,2,19834,7.51,17661,247,67,2239,1318,24.7,1983.4,16,2,0,1,10,6,2,1,0,0,15378,7.21,17350,204,34,20.4,1537.8
1,16,3,1,10,8,9,1,0,0,1,17384,7.1,18366,264,41,2367,2035,26.4,1738.4,23,5,0,8,10,4,1,0,1,0,13759,6.55,14704,206,40,20.6,1375.9
1,22,0,1,8,5,6,1,0,0,1,17724,7.24,18755,214,72,2716,2131,21.4,1772.4,9,0,0,5,8,1,0,1,0,0,14847,7.01,17601,198,60,19.8,1484.7
0,13,0,0,2,6,6,1,1,0,0,14027,6.44,15711,179,50,-1313,-1378,17.9,1402.7,27,2,1,6,2,10,1,0,0,1,18563,7.54,17788,207,69,20.7,1856.3
1,20,5,1,5,2,7,1,1,0,2,16354,6.53,20451,220,65,1556,1231,22.0,1635.4,24,3,0,2,5,6,1,1,1,1,14095,6.52,13660,186,45,18.6,1409.5
1,27,4,1,7,1,10,1,0,0,0,18050,6.79,19313,203,58,2613,-767,20.3,1805.0,18,0,0,1,7,6,0,1,0,2,18783,6.74,16535,230,46,23.0,1878.3
0,19,2,0,2,12,3,0,0,0,0,14697,6.47,14555,183,53,-2204,-1518,18.3,1469.7,23,3,1,12,2,12,1,1,1,2,19098,7.49,18808,238,69,23.8,1909.8
1,26,4,1,8,6,5,0,1,1,1,19570,6.87,17998,217,66,1549,-359,21.7,1957.0,22,2,0,6,8,4,0,0,0,0,15900,7.04,20826,200,67,20.0,1590.0
1,22,0,1,10,6,5,0,1,0,0,15596,7.29,17205,211,42,134,425,21.1,1559.6,17,3,0,6,10,6,0,0,0,0,13925,6.88,19640,228,60,22.8,1392.5
1,23,1,1,8,5,6,0,1,0,2,17082,7.25,20071,248,40,527,819,24.8,1708.2,18,2,0,5,8,4,0,0,0,0,14803,6.3,18349,201,59,20.1,1480.3
0,11,2,1,11,8,10,1,0,0,1,16824,6.82,17251,197,65,549,403,19.7,1682.4,25,4,0,8,11,3,0,0,0,0,15066,6.08,15745,195,63,19.5,1506.6
0,19,6,0,7,4,4,1,1,0,1,15925,6.83,16607,221,51,-183,-1108,22.1,1592.5,14,4,1,4,7,4,1,0,0,1,16225,6.85,17567,203,45,20.3,1622.5
1,22,2,0,12,3,11,1,0,0,0,19951,7.34,20847,207,61,3991,3593,20.7,1995.1,16,2,1,3,12,1,1,0,0,1,15358,7.09,16270,191,54,19.1,1535.8
1,29,4,0,8,4,8,1,1,0,2,17756,7.12,16737,240,68,1736,668,24.0,1775.6,14,1,1,4,8,4,0,0,0,2,14693,6.34,19906,212,35,21.2,1469.3
0,12,1,0,0,10,2,0,0,0,1,11649,6.03,13066,191,51,-5707,-4050,19.1,1164.9,27,5,1,10,0,12,1,1,0,1,21654,7.81,22259,247,80,24.7,2165.4
0,21,2,0,4,5,6,0,0,0,1,17110,6.55,13749,255,59,-2058,248,25.5,1711.0,14,1,1,5,4,7,1,0,0,0,16823,8.07,16918,227,66,22.7,1682.3
0,21,2,1,9,6,2,0,0,1,2,15066,6.74,17980,238,66,-908,-2256,23.8,1506.6,24,2,0,6,9,8,0,0,0,0,16531,7.16,18141,206,48,20.6,1653.1
0,22,0,0,2,11,3,0,0,0,0,14357,6.65,14008,166,48,-5240,-2655,16.6,1435.7,19,2,1,11,2,10,1,1,0,3,19238,7.9,18211,223,63,22.3,1923.8
0,20,0,0,5,9,12,2,1,0,1,15577,6.58,19316,232,48,-236,367,23.2,1557.7,20,3,1,9,5,5,0,0,0,1,15474,6.69,19484,249,60,24.9,1547.4
1,27,5,1,9,4,9,2,0,0,1,17828,7.4,20591,231,71,355,1396,23.1,1782.8,13,0,0,4,9,4,0,1,0,0,14370,6.43,14128,204,42,20.4,1437.0
0,9,1,0,3,8,6,0,1,0,1,14960,7.59,15376,218,29,-2832,-903,21.8,1496.0,19,3,1,8,3,7,1,1,0,0,18755,7.51,19035,254,59,25.4,1875.5
1,13,0,1,9,6,7,1,1,1,1,17687,6.81,20796,209,70,-52,97,20.9,1768.7,14,2,0,6,9,2,1,1,0,1,14325,6.74,17349,225,45,22.5,1432.5
0,7,2,1,8,8,6,0,0,0,0,15231,6.59,15120,226,45,-1834,-2537,22.6,1523.1,19,4,0,8,8,7,1,0,1,2,16589,7.92,17449,209,61,20.9,1658.9
0,23,2,0,5,7,3,0,0,0,0,14886,6.58,15208,211,59,-801,-383,21.1,1488.6,23,1,1,7,5,10,2,0,0,1,16242,7.0,17946,235,75,23.5,1624.2
1,26,4,1,10,6,9,1,0,0,1,19027,7.39,18739,226,61,2688,2069,22.6,1902.7,24,0,0,6,10,0,1,0,0,0,14042,6.62,13941,246,42,24.6,1404.2
0,23,3,1,7,7,7,0,0,0,1,14652,6.66,16986,192,37,-571,-1578,19.2,1465.2,12,0,0,7,7,8,1,0,1,1,17072,7.23,17407,241,69,24.1,1707.2
1,18,1,1,7,6,6,1,0,0,1,18431,6.94,19040,199,63,1590,-248,19.9,1843.1,21,4,0,6,7,7,1,1,1,0,13649,6.63,15304,212,43,21.2,1364.9
0,13,0,0,0,9,5,0,0,0,0,17302,5.9,17119,180,48,-2930,-3786,18.0,1730.2,21,5,1,9,0,11,2,2,0,2,19644,7.65,18854,250,63,25.0,1964.4
1,23,2,1,9,5,7,2,0,0,1,19192,7.28,20109,234,59,3307,3600,23.4,1919.2,19,4,0,5,9,6,0,0,0,0,13638,6.58,12225,194,43,19.4,1363.8
0,28,4,1,8,3,7,1,1,0,0,17974,6.64,17853,245,66,2307,1590,24.5,1797.4,22,2,0,3,8,3,0,1,0,1,16068,6.37,18146,229,37,22.9,1606.8
0,28,0,1,6,6,5,0,1,0,0,14786,6.6,17191,243,57,-235,-246,24.3,1478.6,15,2,0,6,6,13,0,1,0,0,16807,6.77,15000,223,42,22.3,1680.7
1,25,2,1,3,7,14,0,0,1,0,17217,7.46,19200,204,54,-13,1835,20.4,1721.7,19,3,0,7,3,10,1,0,0,0,15635,6.59,15600,223,43,22.3,1563.5
0,19,3,0,2,7,2,0,0,0,0,15334,6.24,14402,193,51,-2313,-1165,19.3,1533.4,19,4,1,7,2,9,1,1,0,0,18050,7.13,18133,227,72,22.7,1805.0
1,29,4,1,7,5,9,1,0,0,1,18642,7.07,18172,215,63,2505,1645,21.5,1864.2,17,0,0,5,7,3,1,0,0,0,16601,6.84,16281,230,13,23.0,1660.1
0,18,3,1,7,2,0,0,0,0,0,15195,7.03,19523,187,49,-1071,-979,18.7,1519.5,25,2,0,2,7,9,0,1,0,0,16374,6.56,16783,224,52,22.4,1637.4
0,18,3,1,4,4,3,0,1,1,1,15598,6.75,16180,220,56,768,1306,22.0,1559.8,24,2,0,4,4,6,1,1,0,2,17163,6.47,18775,228,56,22.8,1716.3
0,18,0,1,4,7,6,0,1,0,0,15464,6.98,15278,236,49,-754,-953,23.6,1546.4,20,3,0,7,4,3,0,0,1,2,17639,6.6,16300,241,40,24.1,1763.9
0,14,4,0,4,13,4,1,0,0,1,15340,7.35,18928,229,46,-1848,-578,22.9,1534.0,25,3,1,13,4,4,1,0,0,2,15757,6.94,19973,210,52,21.0,1575.7
1,21,3,0,9,5,7,0,0,0,1,16514,7.23,18940,231,46,55,1184,23.1,1651.4,19,0,1,5,9,7,1,0,0,0,15048,6.23,18072,238,43,23.8,1504.8
1,15,4,1,9,6,6,0,0,0,1,18242,6.53,19455,228,60,-759,698,22.8,1824.2,14,3,0,6,9,5,0,1,0,0,15523,6.72,16848,195,54,19.5,1552.3
1,26,1,1,9,7,7,1,0,0,2,18495,7.41,16335,217,53,3112,1474,21.7,1849.5,20,1,0,7,9,4,0,1,0,0,16392,6.91,18425,230,49,23.0,1639.2
1,23,0,1,8,4,2,0,1,0,0,14977,6.78,19414,221,60,52,-1398,22.1,1497.7,18,2,0,4,8,8,1,0,0,0,15576,6.75,16885,213,54,21.3,1557.6
1,28,5,0,10,0,7,0,1,0,1,19673,6.38,13586,206,59,1381,90,20.6,1967.3,22,0,1,0,10,4,1,0,0,1,14221,7.16,14961,175,42,17.5,1422.1
1,11,0,1,1,11,5,2,0,1,0,16897,6.39,16907,248,54,-1312,-698,24.8,1689.7,23,1,0,11,1,0,1,0,0,1,15177,6.98,17474,239,43,23.9,1517.7
1,34,3,1,12,2,13,2,1,1,1,18958,7.38,22637,278,78,4725,2825,27.8,1895.8,13,1,0,2,12,1,0,0,0,0,13431,6.03,14351,164,45,16.4,1343.1
0,9,2,0,2,8,5,2,0,0,0,14033,6.74,17210,188,45,-2938,-2551,18.8,1403.3,16,2,1,8,2,8,1,1,0,0,18562,6.6,20007,190,72,19.0,1856.2
1,17,4,1,6,3,1,0,1,0,0,18081,7.08,20273,248,57,2104,424,24.8,1808.1,20,0,0,3,6,2,0,0,1,0,15343,7.16,16736,188,37,18.8,1534.3
0,20,4,1,8,5,7,2,1,0,1,17013,7.33,21408,243,65,2328,1891,24.3,1701.3,19,3,0,5,8,5,0,0,0,0,16232,5.92,17111,191,60,19.1,1623.2
0,25,2,0,6,8,9,0,1,0,0,13208,6.53,16249,220,55,-2659,-948,22.0,1320.8,24,5,1,8,6,5,0,0,0,1,17117,7.06,17360,234,82,23.4,1711.7
1,26,2,1,14,1,13,2,0,1,2,18882,8.11,18859,235,75,4641,3484,23.5,1888.2,14,1,0,1,14,1,0,1,0,1,15306,5.98,17217,217,45,21.7,1530.6
0,21,4,1,5,8,9,0,1,0,1,19010,6.9,18198,201,57,3355,1790,20.1,1901.0,16,0,0,8,5,4,1,0,0,0,16431,6.59,17545,198,54,19.8,1643.1
1,18,4,1,9,1,7,1,2,1,2,15898,7.62,17076,255,86,2043,1609,25.5,1589.8,15,0,0,1,9,2,0,0,0,0,15113,6.79,16575,227,72,22.7,1511.3
1,13,0,1,10,7,8,1,0,0,0,16350,6.9,17240,243,45,-60,107,24.3,1635.0,29,3,0,7,10,6,0,1,0,0,16739,7.29,17920,194,28,19.4,1673.9
0,25,4,0,10,4,2,0,0,0,1,15759,6.99,15336,212,51,-1142,-128,21.2,1575.9,16,2,1,4,10,4,0,1,0,0,15062,7.63,17358,190,58,19.0,1506.2
0,24,0,1,0,10,4,0,1,0,0,15589,5.96,18393,180,53,-612,-1319,18.0,1558.9,19,2,0,10,0,2,1,0,1,1,16032,6.34,16165,218,53,21.8,1603.2
1,28,4,1,12,6,8,0,0,0,2,16618,7.56,15604,201,65,20,1836,20.1,1661.8,24,3,0,6,12,4,1,0,0,1,16295,6.83,19735,226,68,22.6,1629.5
1,25,2,1,11,1,10,1,1,1,2,19301,6.91,18797,248,69,1029,1191,24.8,1930.1,27,2,0,1,11,6,0,0,1,0,13580,6.73,15778,197,43,19.7,1358.0
1,7,3,0,1,2,7,0,1,0,0,15687,7.19,16853,221,74,58,74,22.1,1568.7,22,4,1,2,1,8,0,0,0,1,14399,6.72,17368,233,70,23.3,1439.9
0,12,2,1,2,7,5,0,0,0,1,14716,6.45,15850,195,59,-1771,-1449,19.5,1471.6,10,1,0,7,2,4,1,0,1,1,17317,7.06,19532,226,33,22.6,1731.7
1,24,2,0,11,5,8,1,1,0,0,18208,6.63,18257,225,60,1718,1619,22.5,1820.8,13,2,1,5,11,6,1,0,0,0,13662,6.2,15712,215,54,21.5,1366.2
1,20,3,1,9,7,7,1,0,0,0,16733,7.45,20731,220,72,2720,2277,22.0,1673.3,18,0,0,7,9,2,0,0,0,0,15520,6.91,15115,194,36,19.4,1552.0
1,19,2,0,6,2,11,0,1,0,1,18293,6.87,17787,260,59,1503,1953,26.0,1829.3,24,0,1,2,6,5,1,0,0,0,14993,6.64,15020,249,48,24.9,1499.3
1,16,3,1,8,3,12,0,1,0,0,19062,7.05,16985,190,49,657,1826,19.0,1906.2,30,0,0,3,8,2,0,0,0,1,14697,6.71,17172,235,50,23.5,1469.7
0,24,5,1,7,6,5,1,0,0,1,15434,6.73,17721,231,70,-8,-2315,23.1,1543.4,18,1,0,6,7,8,1,1,0,1,15732,6.81,18378,206,59,20.6,1573.2
0,20,0,0,3,6,1,0,0,1,1,16570,6.03,16155,203,50,-2412,-1395,20.3,1657.0,13,4,1,6,3,7,0,0,0,1,18822,7.24,17586,228,57,22.8,1882.2
0,21,0,0,4,7,4,0,0,0,0,14350,6.26,16181,218,40,-1770,-1696,21.8,1435.0,19,0,1,7,4,8,1,0,0,1,15572,7.03,16907,223,71,22.3,1557.2
0,14,1,1,4,8,3,1,0,0,0,12323,5.77,14928,199,64,-2911,-1440,19.9,1232.3,23,0,0,8,4,12,1,1,0,2,19558,7.1,20507,212,59,21.2,1955.8
1,21,1,0,5,6,1,1,0,0,0,18825,6.64,17330,236,62,819,868,23.6,1882.5,14,2,1,6,5,5,0,0,0,1,15138,6.58,17223,227,53,22.7,1513.8
0,13,1,1,3,5,9,1,1,0,1,16422,7.43,17546,233,61,-311,954,23.3,1642.2,27,2,0,5,3,9,0,1,1,0,17347,6.89,18011,237,64,23.7,1734.7
1,18,0,0,4,7,4,0,0,0,1,16127,7.21,15904,188,38,-2348,-460,18.8,1612.7,18,2,1,7,4,5,1,0,0,0,17940,6.97,17255,239,60,23.9,1794.0
0,1,2,0,0,13,0,0,1,0,0,11639,6.83,14618,189,52,-5630,-4144,18.9,1163.9,27,3,1,13,0,12,2,1,1,1,19633,7.63,22482,272,78,27.2,1963.3
0,10,0,0,2,6,3,1,0,0,0,13604,6.93,18962,189,33,-3008,-643,18.9,1360.4,22,2,1,6,2,8,2,0,0,1,17944,6.64,16146,213,65,21.3,1794.4
1,21,3,1,5,5,7,1,2,0,1,18045,7.29,18126,197,79,1346,627,19.7,1804.5,23,3,0,5,5,5,0,0,0,1,12650,6.28,15151,187,54,18.7,1265.0
0,31,3,0,5,8,5,1,0,0,0,18110,7.26,16476,232,45,-1904,-685,23.2,1811.0,24,3,1,8,5,4,1,0,0,0,20518,6.67,17110,223,50,22.3,2051.8
1,12,3,0,9,6,9,1,0,0,0,16524,6.82,18628,260,45,472,1709,26.0,1652.4,16,4,1,6,9,2,0,1,0,0,15969,6.56,18978,200,43,20.0,1596.9
0,11,2,0,1,9,6,0,0,0,1,15823,7.08,16775,200,62,-2136,-2683,20.0,1582.3,25,3,1,9,1,4,1,1,1,1,20348,6.98,20066,219,76,21.9,2034.8
1,24,4,0,8,2,11,1,0,1,1,21035,7.29,20081,215,44,3204,1926,21.5,2103.5,20,3,1,2,8,2,0,0,0,0,14149,6.31,15620,190,41,19.0,1414.9
0,29,2,1,5,6,3,1,0,1,1,16124,6.87,16070,238,59,-793,-349,23.8,1612.4,23,2,0,6,5,6,0,0,1,0,17367,7.43,19268,217,65,21.7,1736.7
0,22,2,1,5,6,6,0,0,0,0,17000,6.99,15694,203,50,-927,-470,20.3,1700.0,23,1,0,6,5,2,0,1,1,0,18741,6.63,18301,195,46,19.5,1874.1
1,28,4,1,13,0,11,1,1,0,1,19389,7.96,18598,214,85,3430,3066,21.4,1938.9,14,0,0,0,13,0,0,0,0,0,14412,5.82,14427,235,39,23.5,1441.2
1,21,4,1,7,6,10,2,1,0,0,17946,8.0,20446,214,59,3821,1628,21.4,1794.6,9,0,0,6,7,7,0,0,0,0,13545,6.55,13003,232,52,23.2,1354.5
0,17,3,0,4,5,7,1,0,0,2,15423,6.38,16557,259,56,21,-876,25.9,1542.3,19,4,1,5,4,7,1,1,0,1,16370,6.83,18300,199,56,19.9,1637.0
0,19,0,1,3,7,5,0,1,1,0,12797,7.1,15811,237,34,-200,-2470,23.7,1279.7,24,4,0,7,3,6,1,1,0,0,18148,7.25,14948,231,65,23.1,1814.8
0,16,2,1,8,9,5,1,0,1,1,15491,6.73,16570,233,55,-524,-144,23.3,1549.1,22,1,0,9,8,7,0,1,0,2,15050,7.48,16411,271,56,27.1,1505.0
1,25,1,0,7,4,9,1,1,0,0,16307,7.02,18897,217,73,584,1016,21.7,1630.7,19,2,1,4,7,7,1,1,1,0,16568,7.14,13864,230,64,23.0,1656.8
1,12,3,0,10,7,5,1,0,0,1,16439,6.9,19453,191,75,-1362,-756,19.1,1643.9,22,3,1,7,10,10,0,1,0,1,16752,6.88,19498,191,53,19.1,1675.2
0,24,3,0,6,2,8,1,1,0,0,18894,7.15,16071,204,68,74,-662,20.4,1889.4,17,1,1,2,6,7,1,1,0,1,16200,6.82,16970,228,47,22.8,1620.0
1,23,2,1,12,0,11,1,1,0,1,19098,6.8,18031,241,82,2876,1022,24.1,1909.8,13,0,0,0,12,3,0,0,0,1,14180,6.58,15780,169,68,16.9,1418.0
0,19,1,1,5,6,9,0,0,0,1,16673,6.4,17798,251,56,-646,551,25.1,1667.3,18,4,0,6,5,4,0,1,0,0,17101,6.62,17792,184,59,18.4,1710.1
1,16,4,1,9,1,11,2,2,1,1,19210,7.5,20894,244,68,2495,3986,24.4,1921.0,4,2,0,1,9,1,0,0,0,0,13907,6.43,14667,185,44,18.5,1390.7
1,15,2,0,6,8,10,1,1,0,0,17363,6.41,16936,223,51,1260,1162,22.3,1736.3,16,0,1,8,6,11,1,0,1,0,15159,7.18,20259,215,48,21.5,1515.9
1,30,5,1,8,4,9,2,2,1,1,19020,7.41,20728,219,54,4238,2325,21.9,1902.0,15,0,0,4,8,6,1,0,0,1,12939,6.48,13798,206,35,20.6,1293.9
1,20,5,0,2,2,8,1,0,0,1,15997,7.34,18411,200,63,251,1851,20.0,1599.7,18,3,1,2,2,6,1,1,0,0,14524,7.1,18077,204,55,20.4,1452.4
1,23,4,1,10,7,10,1,1,0,1,18380,7.29,17456,198,66,1628,1980,19.8,1838.0,6,4,0,7,10,9,1,0,0,0,15977,6.81,15315,216,42,21.6,1597.7
0,14,2,0,4,5,2,0,0,0,0,14338,6.85,16258,158,54,-1723,433,15.8,1433.8,17,3,1,5,4,6,1,0,1,1,15140,7.05,16248,239,45,23.9,1514.0
0,18,4,0,3,10,3,0,0,0,2,14875,6.4,17810,216,58,-1730,-434,21.6,1487.5,22,1,1,10,3,7,1,1,1,2,18016,6.9,21457,263,77,26.3,1801.6
1,14,3,1,8,4,5,1,0,0,1,16925,7.59,19341,277,46,-1215,-166,27.7,1692.5,17,1,0,4,8,5,1,0,0,2,13503,7.28,15263,224,49,22.4,1350.3
1,22,2,1,8,10,8,1,1,0,0,17556,7.6,19046,259,59,2103,1813,25.9,1755.6,10,0,0,10,8,6,0,0,0,1,13253,7.4,15805,202,52,20.2,1325.3
1,22,1,0,9,5,5,1,1,1,2,18493,7.38,20841,231,65,-393,1564,23.1,1849.3,22,5,1,5,9,4,0,1,0,1,14573,6.62,15285,190,49,19.0,1457.3
0,19,0,0,4,9,4,0,0,1,0,15877,6.78,16277,223,34,-2618,-2651,22.3,1587.7,13,0,1,9,4,7,1,1,1,1,19413,7.41,19273,199,57,19.9,1941.3
0,13,1,1,3,9,3,0,0,0,0,13195,6.22,16159,206,40,-3100,-1949,20.6,1319.5,22,3,0,9,3,10,1,0,0,0,19393,7.51,20471,259,75,25.9,1939.3
0,15,2,0,4,9,2,1,0,0,1,13365,6.09,15260,215,55,-2826,-2414,21.5,1336.5,16,2,1,9,4,9,1,0,1,2,19932,7.23,18703,229,61,22.9,1993.2
0,19,0,1,2,8,3,0,0,0,0,14316,6.88,14965,216,35,-2788,-3173,21.6,1431.6,12,5,0,8,2,5,2,1,0,1,17970,7.16,18644,228,59,22.8,1797.0
0,19,1,0,7,11,5,0,1,0,1,18381,6.76,18296,222,55,579,-67,22.2,1838.1,17,4,1,11,7,6,1,0,1,0,17570,7.05,15759,210,61,21.0,1757.0
1,21,3,0,11,2,6,1,0,1,1,17667,6.69,18178,195,48,1998,2166,19.5,1766.7,19,0,1,2,11,0,0,0,0,0,14703,6.4,15076,184,37,18.4,1470.3
0,29,3,0,3,5,3,0,0,1,2,14882,6.04,18416,240,47,25,-316,24.0,1488.2,14,1,1,5,3,2,2,0,1,0,18282,6.6,18773,222,53,22.2,1828.2
0,11,1,0,0,11,0,0,1,0,1,13630,6.71,15518,178,67,-4207,-5027,17.8,1363.0,27,3,1,11,0,9,1,0,1,1,19435,8.09,20813,255,65,25.5,1943.5
0,25,2,0,5,7,4,0,0,0,0,15848,7.24,15420,202,45,721,-188,20.2,1584.8,25,3,1,7,5,6,1,0,1,1,17684,6.58,18637,186,57,18.6,1768.4
1,14,0,1,5,5,7,0,0,0,0,18699,7.64,15340,212,59,-302,1106,21.2,1869.9,12,1,0,5,5,6,1,0,0,0,18853,6.51,14277,211,48,21.1,1885.3
1,27,2,1,13,3,10,1,0,0,0,18446,7.5,19852,246,72,3851,3104,24.6,1844.6,14,3,0,3,13,3,1,0,1,0,12899,6.38,17981,207,37,20.7,1289.9
0,21,1,0,0,10,3,0,0,0,0,13253,6.57,17909,221,40,-1008,-1651,22.1,1325.3,24,2,1,10,0,12,2,0,0,0,18892,7.88,19228,200,55,20.0,1889.2
0,17,3,1,5,7,4,1,1,0,1,15413,6.09,19405,242,58,-718,-1039,24.2,1541.3,22,3,0,7,5,11,1,0,0,1,18405,6.28,18790,265,59,26.5,1840.5
1,17,3,1,9,3,14,1,0,0,0,17700,7.7,14657,248,41,2341,2940,24.8,1770.0,15,1,0,3,9,1,0,0,1,0,15329,6.07,14450,184,44,18.4,1532.9
1,11,1,1,11,3,7,0,0,1,1,17573,6.95,18403,242,76,1686,1335,24.2,1757.3,20,0,0,3,11,5,1,0,0,0,15185,6.84,14728,182,50,18.2,1518.5
1,18,2,1,9,3,6,0,1,1,0,16982,7.03,18275,228,52,-669,479,22.8,1698.2,22,5,0,3,9,7,1,0,0,2,14976,6.67,16504,205,50,20.5,1497.6
0,23,4,1,7,6,4,1,0,0,1,17868,6.64,16416,201,44,-400,-438,20.1,1786.8,14,4,0,6,7,5,0,0,1,1,15187,6.61,14673,236,58,23.6,1518.7
1,15,3,0,9,7,11,1,0,0,0,20044,6.95,17720,254,48,407,1007,25.4,2004.4,24,4,1,7,9,3,1,0,0,0,14056,7.07,17929,207,71,20.7,1405.6
1,22,2,1,5,4,4,1,1,1,1,17242,7.21,17627,205,46,-845,1848,20.5,1724.2,24,3,0,4,5,5,1,0,0,1,15590,6.7,14943,204,49,20.4,1559.0
0,11,0,1,9,7,2,0,1,0,0,13755,6.58,16161,185,48,-1126,-533,18.5,1375.5,22,6,0,7,9,10,1,0,1,0,18077,7.12,17023,237,42,23.7,1807.7
1,21,1,1,6,0,6,0,1,1,1,17155,6.62,18415,229,65,1984,2655,22.9,1715.5,13,0,0,0,6,5,1,0,1,1,16782,6.62,16317,211,56,21.1,1678.2
1,12,1,0,6,7,3,0,0,0,0,13670,6.85,14275,200,40,-3621,-2303,20.0,1367.0,33,1,1,7,6,6,1,1,0,0,18673,7.0,18292,220,56,22.0,1867.3
0,20,3,0,8,2,8,1,1,0,0,17779,7.15,17623,227,53,435,927,22.7,1777.9,15,1,1,2,8,6,0,0,0,0,17205,7.36,16313,223,50,22.3,1720.5
1,18,3,1,7,3,7,1,0,0,1,17426,6.85,17386,257,71,2678,127,25.7,1742.6,26,1,0,3,7,6,1,1,0,1,16532,7.05,17421,222,48,22.2,1653.2
0,13,2,1,7,8,4,1,0,0,1,16323,7.24,17591,207,47,-1090,-1516,20.7,1632.3,28,3,0,8,7,4,0,1,0,2,18758,6.84,18354,242,52,24.2,1875.8
0,17,1,0,8,13,2,2,0,0,0,16345,6.81,17692,200,61,1460,297,20.0,1634.5,15,3,1,13,8,6,0,0,0,1,15620,6.54,18204,202,57,20.2,1562.0
0,14,1,0,5,8,9,0,0,1,0,15245,6.81,17714,221,32,-1388,-1090,22.1,1524.5,23,2,1,8,5,5,0,1,0,0,15790,6.24,19070,235,65,23.5,1579.0
0,11,5,1,3,9,5,0,1,0,1,16137,5.86,16721,242,53,-975,-1363,24.2,1613.7,18,2,0,9,3,10,2,1,1,1,18886,7.01,20553,211,62,21.1,1888.6
0,25,1,0,5,5,7,1,0,1,0,17335,6.53,18849,235,52,-912,454,23.5,1733.5,26,1,1,5,5,10,1,1,0,1,15783,7.24,18214,237,46,23.7,1578.3
0,16,0,0,3,6,2,1,1,0,0,17163,6.77,15670,209,48,-2165,-686,20.9,1716.3,21,2,1,6,3,7,1,1,0,0,18660,7.16,19492,256,58,25.6,1866.0
1,10,0,1,7,10,6,1,0,0,1,18249,6.88,19115,222,41,-270,-1496,22.2,1824.9,14,2,0,10,7,5,0,0,0,0,13562,6.88,16505,220,78,22.0,1356.2
0,15,1,0,6,7,7,0,0,0,0,15154,6.82,16103,225,51,-629,-1602,22.5,1515.4,22,2,1,7,6,8,0,0,0,2,18541,7.06,19893,234,64,23.4,1854.1
1,26,4,1,9,0,2,1,1,0,0,16437,6.32,20410,203,61,936,1367,20.3,1643.7,17,3,0,0,9,4,1,0,1,2,16791,6.48,15817,216,32,21.6,1679.1
0,14,1,0,4,9,6,1,0,0,0,16051,6.83,16440,197,54,-2428,-1021,19.7,1605.1,15,2,1,9,4,5,1,1,0,1,16723,7.61,18773,229,57,22.9,1672.3
0,26,4,0,3,6,4,1,0,0,0,15728,6.7,15520,194,65,-712,-1258,19.4,1572.8,28,3,1,6,3,6,2,0,0,1,19733,6.96,19856,203,75,20.3,1973.3
0,14,2,0,5,9,6,1,0,0,0,15972,7.23,16610,246,37,-2737,-1012,24.6,1597.2,17,4,1,9,5,10,1,1,1,1,20733,7.31,20193,283,63,28.3,2073.3
1,25,4,0,5,7,13,1,1,0,1,18382,7.19,18965,279,64,2378,1701,27.9,1838.2,12,2,1,7,5,6,0,0,0,1,14410,5.99,19622,196,48,19.6,1441.0
1,26,1,1,5,6,5,0,1,0,1,14414,7.19,16862,253,50,687,-21,25.3,1441.4,20,2,0,6,5,4,1,0,1,0,16854,7.3,17209,230,46,23.0,1685.4
1,22,1,0,7,7,0,2,0,0,0,17277,7.05,16617,213,72,-1090,-867,21.3,1727.7,26,5,1,7,7,3,1,0,0,1,15344,6.99,16136,231,63,23.1,1534.4
1,14,2,0,9,6,4,1,1,0,0,16390,7.36,15430,194,56,1884,-546,19.4,1639.0,15,3,1,6,9,10,2,0,0,1,15641,6.59,18893,173,58,17.3,1564.1
0,11,2,0,1,17,2,0,1,0,0,13940,6.49,13994,198,54,-3380,-3976,19.8,1394.0,27,4,1,17,1,8,1,0,1,1,20315,7.14,17798,250,79,25.0,2031.5
0,26,2,0,6,11,10,0,0,1,1,16967,6.9,18331,207,47,-640,-946,20.7,1696.7,17,3,1,11,6,7,1,0,0,1,18026,6.49,18952,236,67,23.6,1802.6
1,20,3,1,11,1,9,1,0,1,0,18819,7.33,20820,244,64,2341,2783,24.4,1881.9,14,2,0,1,11,1,0,0,0,0,12327,6.33,14641,181,38,18.1,1232.7
1,25,3,1,8,8,10,1,1,0,1,17781,7.31,17005,224,39,864,497,22.4,1778.1,18,0,0,8,8,8,1,0,0,1,14975,6.55,19225,234,59,23.4,1497.5
0,18,0,1,6,10,0,0,0,0,0,18989,6.81,18064,249,63,-875,-591,24.9,1898.9,16,4,0,10,6,7,1,0,0,0,15928,7.43,17637,211,52,21.1,1592.8
0,22,2,0,5,6,6,0,1,0,1,16998,6.84,19861,229,41,502,1595,22.9,1699.8,13,0,1,6,5,8,0,1,0,1,16091,6.6,17266,191,42,19.1,1609.1
1,15,2,1,9,4,10,1,0,0,1,17319,7.39,17708,238,60,2415,-280,23.8,1731.9,22,1,0,4,9,7,1,0,0,0,15311,7.31,16528,201,63,20.1,1531.1
0,13,0,0,6,9,4,0,0,0,0,13677,6.8,13008,224,51,-3431,-2844,22.4,1367.7,25,4,1,9,6,11,1,1,1,1,19798,7.58,21480,229,70,22.9,1979.8
0,12,2,1,0,10,0,0,0,0,1,14815,7.03,15339,207,47,-3226,-3112,20.7,1481.5,24,1,0,10,0,11,1,1,0,0,19775,7.29,20096,245,55,24.5,1977.5
1,22,1,1,6,3,4,0,0,0,1,16027,7.54,19512,212,35,-1217,385,21.2,1602.7,20,1,0,3,6,5,1,0,0,1,18568,6.21,18715,226,51,22.6,1856.8
0,19,0,1,4,10,4,0,0,0,0,14880,6.79,18230,189,47,-2828,-964,18.9,1488.0,12,2,0,10,4,10,0,1,0,0,16685,7.15,18799,227,71,22.7,1668.5
1,25,2,1,14,6,7,0,0,1,0,18267,7.46,18952,245,75,1205,2109,24.5,1826.7,13,2,0,6,14,5,0,0,0,1,16434,6.07,15941,206,43,20.6,1643.4
1,17,0,1,3,6,8,1,0,0,0,15220,7.57,18058,232,59,-1195,462,23.2,1522.0,18,2,0,6,3,7,1,1,0,0,18020,6.73,17985,240,71,24.0,1802.0
0,11,2,1,1,9,2,1,0,0,0,13033,6.78,14960,205,41,-3844,-3318,20.5,1303.3,25,1,0,9,1,13,2,1,0,0,18710,7.6,17900,258,55,25.8,1871.0
0,18,3,1,2,6,0,1,0,1,0,15353,7.15,18429,214,37,-2738,-2366,21.4,1535.3,27,6,0,6,2,9,1,0,1,1,18074,6.94,18987,220,31,22.0,1807.4
0,9,0,0,0,13,2,0,0,0,0,11776,6.56,14638,224,43,-3897,-4960,22.4,1177.6,24,6,1,13,0,16,1,1,1,2,20154,7.24,20569,252,68,25.2,2015.4
0,25,1,0,3,6,7,0,0,0,0,16503,6.58,15182,222,49,-238,-770,22.2,1650.3,19,0,1,6,3,7,0,1,0,1,16390,6.48,16550,219,56,21.9,1639.0
0,19,2,0,7,3,3,0,0,0,1,15041,6.77,16749,215,45,-1246,-166,21.5,1504.1,20,2,1,3,7,6,0,0,0,0,17158,7.03,17504,192,55,19.2,1715.8
0,18,0,0,7,13,3,1,1,0,0,16078,6.24,17047,241,50,-840,-1369,24.1,1607.8,28,3,1,13,7,6,1,0,0,1,16266,7.16,17854,243,68,24.3,1626.6
1,24,4,1,7,0,6,0,0,0,1,17054,7.09,17640,234,68,1623,-575,23.4,1705.4,24,3,0,0,7,3,0,0,0,0,15106,6.76,16783,223,55,22.3,1510.6
0,22,4,1,12,0,12,1,1,0,0,18065,7.0,19374,231,56,2083,2402,23.1,1806.5,24,1,0,0,12,3,0,0,0,0,15754,6.4,15656,213,41,21.3,1575.4
0,11,2,0,1,8,5,0,1,0,2,17922,6.63,16619,234,54,-737,-878,23.4,1792.2,22,3,1,8,1,6,1,1,0,1,16802,6.71,16513,213,59,21.3,1680.2
0,10,0,1,0,12,0,0,0,0,0,12587,6.29,15579,178,39,-4840,-3490,17.8,1258.7,33,2,0,12,0,7,1,0,0,1,19554,7.47,20340,255,91,25.5,1955.4
1,27,0,1,6,3,4,1,1,0,1,16269,6.76,16986,195,47,1916,-453,19.5,1626.9,5,3,0,3,6,2,0,0,0,1,14177,7.18,16131,178,49,17.8,1417.7
1,22,3,0,7,3,9,1,1,0,0,17590,6.63,17878,244,55,3199,100,24.4,1759.0,13,3,1,3,7,4,1,0,1,0,16129,6.82,17010,184,50,18.4,1612.9
0,12,5,1,6,6,6,0,1,0,0,16554,7.34,19475,262,58,1483,-329,26.2,1655.4,16,2,0,6,6,5,0,0,0,0,15424,6.6,17341,196,55,19.6,1542.4
1,24,5,1,8,5,5,1,1,0,2,21362,6.94,18903,272,62,1914,1018,27.2,2136.2,21,2,0,5,8,0,0,1,1,0,15738,6.62,15994,189,55,18.9,1573.8
0,15,1,0,5,7,3,0,0,0,1,13018,6.52,16285,193,59,-1677,-3893,19.3,1301.8,32,4,1,7,5,9,1,1,0,0,16368,7.33,19143,239,59,23.9,1636.8
1,20,1,1,14,4,12,1,0,1,1,19315,7.83,18883,241,69,3206,3206,24.1,1931.5,21,1,0,4,14,0,0,0,0,0,13167,6.1,16669,166,52,16.6,1316.7
0,12,3,0,6,9,10,0,1,1,3,18258,6.4,15849,171,39,-873,-633,17.1,1825.8,18,3,1,9,6,6,0,0,0,1,17040,7.55,17385,211,58,21.1,1704.0
1,26,2,0,8,7,7,1,0,0,1,17909,7.36,17780,225,66,373,1383,22.5,1790.9,15,1,1,7,8,5,1,0,0,0,16478,6.63,17392,222,33,22.2,1647.8
0,7,2,0,2,10,4,0,0,0,1,14488,6.04,15129,261,39,-3376,-2357,26.1,1448.8,22,2,1,10,2,8,1,1,0,1,18716,7.65,21921,220,58,22.0,1871.6
0,14,2,1,6,10,4,0,1,0,0,13348,6.71,19340,198,40,-1672,-1428,19.8,1334.8,28,4,0,10,6,6,1,0,0,1,16974,6.87,17006,223,55,22.3,1697.4
1,24,3,1,13,2,10,0,0,0,2,18199,7.5,20384,278,81,3569,2965,27.8,1819.9,23,0,0,2,13,4,0,0,0,1,16367,6.73,16140,227,57,22.7,1636.7
0,27,3,0,7,8,3,0,0,0,0,16232,6.63,17543,189,57,-750,-2053,18.9,1623.2,25,5,1,8,7,12,0,0,0,0,17671,7.09,19554,234,56,23.4,1767.1
1,24,4,0,7,5,11,2,0,0,0,15159,7.47,18058,235,58,1373,2923,23.5,1515.9,19,3,1,5,7,6,1,0,0,0,13029,6.53,15634,246,51,24.6,1302.9
0,16,1,0,7,7,5,0,0,1,1,17944,7.14,17113,226,51,-733,569,22.6,1794.4,21,1,1,7,7,8,0,0,0,1,18155,7.22,15735,207,44,20.7,1815.5
0,27,1,1,7,7,3,0,0,0,0,15114,7.0,17527,239,63,-2611,649,23.9,1511.4,24,1,0,7,7,6,0,0,1,2,17734,6.79,17986,200,55,20.0,1773.4
1,16,0,1,8,0,7,1,0,0,0,19902,7.63,20032,228,78,2434,1119,22.8,1990.2,19,1,0,0,8,2,1,0,0,0,12467,6.25,14886,198,32,19.8,1246.7
0,21,1,0,7,5,7,0,1,0,1,13884,7.14,17338,179,64,230,-1472,17.9,1388.4,14,3,1,5,7,2,0,0,0,2,18377,7.04,16344,205,75,20.5,1837.7
0,19,0,0,3,10,1,0,0,0,0,14733,6.45,14325,230,54,-2356,-2972,23.0,1473.3,29,4,1,10,3,9,1,0,0,1,15969,7.19,19794,279,71,27.9,1596.9
0,14,2,1,7,9,8,0,0,0,0,16494,6.17,16651,192,54,-1385,-1955,19.2,1649.4,26,4,0,9,7,10,1,0,1,0,15948,7.33,19118,232,45,23.2,1594.8
1,25,2,1,5,7,9,1,1,0,2,15939,7.71,19166,207,43,1054,130,20.7,1593.9,19,5,0,7,5,1,0,0,0,0,12467,7.03,17732,213,62,21.3,1246.7
0,18,2,1,3,6,9,1,0,0,1,18042,6.82,19615,213,53,-1097,253,21.3,1804.2,24,2,0,6,3,4,1,0,1,0,18454,6.89,17410,193,52,19.3,1845.4
0,20,2,0,2,8,2,0,0,0,1,14083,5.69,16897,177,51,-2976,-2557,17.7,1408.3,24,3,1,8,2,11,0,0,1,2,19797,7.03,20495,252,80,25.2,1979.7
0,9,2,0,4,10,3,0,0,0,0,14148,7.3,16036,192,46,-1014,-1635,19.2,1414.8,22,2,1,10,4,7,1,0,0,1,18754,7.04,19764,198,61,19.8,1875.4
0,21,2,0,1,5,5,0,0,0,0,14402,6.97,13312,211,44,-383,-244,21.1,1440.2,31,2,1,5,1,8,1,0,0,0,16931,7.36,17904,234,60,23.4,1693.1
0,17,4,1,4,10,2,0,0,0,0,15838,6.82,15461,235,50,-15,-69,23.5,1583.8,21,1,0,10,4,10,2,0,1,1,19168,6.58,17949,246,59,24.6,1916.8
0,23,2,0,6,12,4,0,1,0,0,14745,6.54,14107,198,35,-1561,-1881,19.8,1474.5,26,4,1,12,6,8,1,1,1,0,15264,7.52,17755,254,53,25.4,1526.4
0,19,1,1,6,7,7,0,1,0,1,16433,7.06,16922,187,33,-1507,478,18.7,1643.3,21,2,0,7,6,8,0,0,0,0,17475,7.34,18129,216,60,21.6,1747.5
0,25,1,1,5,6,3,0,1,0,1,15328,7.5,15217,181,49,-2652,-1128,18.1,1532.8,14,2,0,6,5,11,0,1,0,0,16730,7.1,16275,236,49,23.6,1673.0
1,24,4,1,5,3,9,0,1,0,3,18401,6.96,17576,250,65,1840,2316,25.0,1840.1,19,1,0,3,5,6,1,0,1,0,14308,7.48,14671,201,48,20.1,1430.8
0,21,3,1,11,2,8,0,1,0,0,17889,6.82,18065,211,61,1142,1478,21.1,1788.9,17,0,0,2,11,3,0,1,0,0,15449,6.37,16122,199,35,19.9,1544.9
0,24,0,1,5,4,8,1,0,0,0,16319,6.79,21418,229,73,-626,-963,22.9,1631.9,15,3,0,4,5,7,0,1,0,1,17123,6.77,18391,238,63,23.8,1712.3
1,23,3,0,5,6,9,0,1,1,1,14400,6.32,19019,208,62,-109,-565,20.8,1440.0,14,0,1,6,5,10,1,0,0,1,15992,6.59,16186,220,72,22.0,1599.2
0,23,4,0,7,4,8,1,1,0,2,15505,6.89,17192,231,60,812,-994,23.1,1550.5,21,2,1,4,7,7,0,0,1,0,15344,6.7,18642,232,63,23.2,1534.4
0,7,3,0,5,4,4,0,0,0,0,15479,7.14,18830,224,59,-1470,-755,22.4,1547.9,20,0,1,4,5,6,1,0,0,1,19221,7.05,18625,262,61,26.2,1922.1
0,13,4,0,7,7,7,0,0,1,0,15603,6.68,16175,214,27,-2602,-2087,21.4,1560.3,18,6,1,7,7,6,2,1,1,1,16489,7.38,20600,239,67,23.9,1648.9
0,25,5,1,5,8,4,0,0,0,0,16665,6.82,15320,198,32,-587,-239,19.8,1666.5,28,5,0,8,5,8,1,1,0,0,17285,6.87,19444,199,63,19.9,1728.5
0,12,4,1,5,7,4,0,0,0,1,16308,7.1,17251,213,55,-939,-1731,21.3,1630.8,22,0,0,7,5,6,0,1,1,1,18910,6.82,17736,232,68,23.2,1891.0
0,22,2,1,3,7,2,0,0,0,0,15751,6.51,14752,198,62,-3329,-2136,19.8,1575.1,25,2,0,7,3,12,1,0,0,0,21058,7.74,18643,240,74,24.0,2105.8
1,24,2,1,7,0,7,1,1,0,1,17907,6.54,15160,245,39,24,-728,24.5,1790.7,27,0,0,0,7,7,1,0,1,0,18018,6.75,18756,226,54,22.6,1801.8
1,18,0,1,7,7,10,2,0,1,2,17280,7.02,15747,239,43,361,1738,23.9,1728.0,25,0,0,7,7,8,0,0,0,0,17077,6.62,15878,183,48,18.3,1707.7
0,7,1,0,3,9,0,1,0,1,0,15441,6.46,16893,169,53,-3051,-1122,16.9,1544.1,26,4,1,9,3,8,2,0,0,1,19547,7.49,18952,215,69,21.5,1954.7
0,17,3,0,5,7,3,0,0,0,1,17387,7.19,17333,238,55,-157,400,23.8,1738.7,29,0,1,7,5,6,1,0,0,0,15020,6.84,16586,215,59,21.5,1502.0
1,30,2,0,4,7,3,1,1,0,0,17118,7.11,15794,225,55,-1977,-851,22.5,1711.8,29,3,1,7,4,8,1,0,0,1,16976,6.87,16503,221,57,22.1,1697.6
0,16,0,0,5,6,9,1,1,0,1,17260,6.27,18413,180,52,-1412,-410,18.0,1726.0,20,1,1,6,5,6,1,0,0,0,14221,7.16,18312,214,41,21.4,1422.1
1,16,2,0,5,7,7,0,0,0,0,17103,6.35,15545,205,46,28,703,20.5,1710.3,10,2,1,7,5,9,1,1,1,1,15336,6.65,17529,258,60,25.8,1533.6
0,12,2,0,2,9,7,0,1,0,0,14704,6.94,14189,225,41,-4611,-3222,22.5,1470.4,23,2,1,9,2,8,1,0,0,1,19591,7.01,20636,242,57,24.2,1959.1
0,24,0,0,7,10,2,0,0,0,1,12908,6.17,16432,210,46,-2219,-521,21.0,1290.8,24,0,1,10,7,12,2,0,0,2,20062,6.76,18849,215,81,21.5,2006.2
1,19,2,1,8,8,3,0,0,0,0,18283,7.27,19981,246,41,1909,831,24.6,1828.3,27,3,0,8,8,5,0,1,0,0,18279,6.63,17746,170,57,17.0,1827.9
1,19,3,0,8,7,12,0,1,0,0,19165,6.26,17090,244,47,3119,1674,24.4,1916.5,22,2,1,7,8,1,0,0,0,0,16657,6.5,15815,209,45,20.9,1665.7
0,23,3,0,0,9,0,0,1,0,0,13662,6.97,13175,200,37,-4091,-2985,20.0,1366.2,24,3,1,9,0,9,1,1,0,0,20283,7.66,20872,235,56,23.5,2028.3
1,24,5,1,8,6,8,1,1,1,2,17923,7.01,17696,236,74,1218,1694,23.6,1792.3,18,0,0,6,8,6,0,0,0,0,15065,6.66,20687,214,67,21.4,1506.5
1,18,2,1,13,0,5,0,0,0,2,17551,7.6,19867,227,51,2534,408,22.7,1755.1,21,2,0,0,13,4,0,0,0,1,14104,6.21,14570,233,35,23.3,1410.4
1,14,2,0,7,5,6,1,0,0,0,15463,6.93,17708,239,56,517,259,23.9,1546.3,19,2,1,5,7,7,1,0,0,1,17844,7.17,17503,247,53,24.7,1784.4
1,27,3,0,3,4,7,1,1,0,0,16805,7.58,17609,229,56,288,-419,22.9,1680.5,29,2,1,4,3,8,1,0,0,0,17159,6.66,15574,239,52,23.9,1715.9
0,19,3,1,6,9,1,0,0,1,2,15327,7.25,16380,216,40,152,-1665,21.6,1532.7,27,4,0,9,6,11,0,0,0,1,17035,6.8,18287,240,57,24.0,1703.5
1,12,3,1,8,6,10,0,0,0,2,16389,6.84,17625,246,51,924,875,24.6,1638.9,11,4,0,6,8,6,0,0,0,1,18142,6.25,18145,216,58,21.6,1814.2
0,8,3,0,7,11,1,0,0,1,0,12642,5.99,17654,219,45,-3101,-2164,21.9,1264.2,15,5,1,11,7,9,1,0,1,2,19225,7.23,20946,268,57,26.8,1922.5
0,10,0,0,0,10,0,0,1,0,0,10881,5.72,15599,201,44,-5230,-4071,20.1,1088.1,25,3,1,10,0,7,2,2,0,0,17820,7.69,19552,238,79,23.8,1782.0
1,16,3,1,8,3,6,0,0,0,1,16305,6.81,17641,218,56,440,2128,21.8,1630.5,14,1,0,3,8,5,1,0,0,0,15375,6.31,17800,223,42,22.3,1537.5
0,8,2,1,5,6,0,0,0,0,0,14153,6.35,14240,200,58,-578,-1686,20.0,1415.3,14,4,0,6,5,9,1,1,0,2,19215,7.38,17795,253,43,25.3,1921.5
0,14,1,1,3,9,4,1,0,0,0,17374,7.33,17741,215,47,694,477,21.5,1737.4,31,2,0,9,3,1,1,1,0,1,15969,7.21,18554,219,66,21.9,1596.9
0,13,0,0,1,8,2,0,0,0,1,12264,6.37,14043,169,36,-2065,-3243,16.9,1226.4,22,0,1,8,1,10,1,0,1,1,16621,7.09,18984,259,57,25.9,1662.1
0,15,1,0,4,4,6,0,0,0,0,15342,6.68,16201,217,66,-2476,-2578,21.7,1534.2,24,2,1,4,4,13,1,1,1,1,19095,7.59,17943,234,57,23.4,1909.5
0,28,1,0,2,8,6,0,0,0,1,15014,6.34,18234,210,54,1100,422,21.0,1501.4,22,2,1,8,2,9,0,1,0,0,13879,7.0,19308,192,64,19.2,1387.9
0,17,4,1,1,6,1,1,0,1,0,15012,6.61,17895,218,41,-1736,-1097,21.8,1501.2,29,5,0,6,1,7,0,1,0,0,18115,6.94,17190,240,56,24.0,1811.5
1,20,3,1,9,6,5,1,1,0,1,17272,7.01,16561,212,71,652,-1472,21.2,1727.2,16,4,0,6,9,10,0,0,1,1,13457,6.9,17772,241,30,24.1,1345.7
1,23,1,0,8,3,12,1,0,0,0,17207,7.01,19136,256,41,764,-1470,25.6,1720.7,23,0,1,3,8,4,1,1,0,0,15186,6.25,16543,192,61,19.2,1518.6
1,19,0,1,9,5,4,1,1,0,0,17749,6.53,19335,197,60,296,522,19.7,1774.9,12,2,0,5,9,5,1,0,0,3,14943,6.88,16201,207,65,20.7,1494.3
0,22,3,0,8,0,9,0,1,1,0,13499,7.2,17485,172,39,815,2451,17.2,1349.9,15,2,1,0,8,4,1,0,1,0,16443,6.7,17889,184,41,18.4,1644.3
1,25,4,1,9,2,7,1,0,0,1,21148,7.59,18376,259,42,2909,2006,25.9,2114.8,16,0,0,2,9,4,1,0,0,0,13001,6.21,14457,190,66,19.0,1300.1
0,18,1,1,6,6,1,0,1,0,0,16099,6.54,16088,176,42,-2436,-1463,17.6,1609.9,19,2,0,6,6,4,1,2,0,1,16451,6.97,18364,231,69,23.1,1645.1
0,34,3,0,5,3,5,0,0,0,0,15602,6.15,17548,200,40,-1059,1309,20.0,1560.2,20,3,1,3,5,5,0,0,0,1,17806,6.73,17342,239,51,23.9,1780.6
1,27,2,1,8,5,12,1,0,0,0,18958,7.41,20194,193,81,3231,1834,19.3,1895.8,25,1,0,5,8,0,0,0,0,0,14038,7.21,15911,191,64,19.1,1403.8
1,17,4,1,9,3,5,2,0,0,1,19819,7.32,19226,257,57,3191,788,25.7,1981.9,14,1,0,3,9,0,0,0,0,0,12549,6.96,15315,218,26,21.8,1254.9
0,19,3,1,4,9,5,0,0,0,1,18383,7.03,16046,219,42,-602,-2626,21.9,1838.3,21,1,0,9,4,6,1,1,0,1,18367,7.37,19073,223,62,22.3,1836.7
0,15,0,0,5,5,8,1,0,1,0,17133,6.45,17973,234,52,-345,-589,23.4,1713.3,16,5,1,5,5,8,0,1,0,2,16946,7.46,18996,190,60,19.0,1694.6
1,25,1,0,6,5,7,0,0,0,1,18201,7.86,19038,261,63,3115,3326,26.1,1820.1,11,2,1,5,6,0,0,0,0,0,15204,6.53,14830,223,58,22.3,1520.4
1,14,5,0,7,4,10,1,1,0,1,16943,6.85,18306,242,59,706,2315,24.2,1694.3,17,2,1,4,7,7,0,0,0,0,16677,6.64,18750,225,66,22.5,1667.7
0,15,3,0,6,9,8,0,0,0,1,15393,7.74,16600,215,64,1006,1531,21.5,1539.3,18,2,1,9,6,13,2,1,1,1,16611,6.68,16304,202,56,20.2,1661.1
1,21,0,1,6,9,4,1,0,0,1,17596,6.59,17228,221,63,855,1354,22.1,1759.6,20,2,0,9,6,4,1,0,0,0,17715,6.94,16704,227,51,22.7,1771.5
0,24,0,1,4,10,3,0,1,0,0,16577,6.95,16727,231,51,-1584,408,23.1,1657.7,21,2,0,10,4,8,0,0,1,1,19084,6.71,17348,228,67,22.8,1908.4
1,23,2,0,8,7,6,0,1,0,2,17635,6.35,17709,231,59,394,533,23.1,1763.5,23,1,1,7,8,9,0,1,0,0,17510,6.17,17925,240,52,24.0,1751.0
0,24,0,1,2,5,6,0,0,0,0,16574,6.76,15725,202,65,-39,-616,20.2,1657.4,17,4,0,5,2,7,0,0,0,1,17858,6.39,18550,238,53,23.8,1785.8
0,22,2,0,7,6,5,0,0,0,0,13402,6.83,17398,220,53,-871,1051,22.0,1340.2,30,1,1,6,7,3,1,1,0,1,18373,7.19,16797,196,30,19.6,1837.3
1,21,2,0,10,5,8,1,1,0,1,15452,7.06,16710,224,51,-971,-1174,22.4,1545.2,21,4,1,5,10,7,0,0,0,0,19182,7.17,17035,218,60,21.8,1918.2
0,16,2,1,3,9,3,1,1,0,1,12190,6.6,16488,231,45,-1806,-396,23.1,1219.0,27,0,0,9,3,6,1,0,0,1,17523,7.08,17912,245,57,24.5,1752.3
1,25,4,0,7,5,5,0,0,1,1,17777,6.97,18302,231,50,820,61,23.1,1777.7,30,0,1,5,7,5,1,0,0,1,16606,6.27,15949,235,81,23.5,1660.6
1,31,6,1,12,0,12,2,1,0,2,19750,8.02,23556,260,76,4333,4590,26.0,1975.0,14,0,0,0,12,0,0,0,0,0,12723,5.98,14352,194,27,19.4,1272.3
0,16,0,0,2,14,3,0,0,0,0,13914,6.22,14426,184,58,-2985,-3834,18.4,1391.4,24,3,1,14,2,9,1,1,1,1,18576,7.34,17960,234,84,23.4,1857.6
1,20,0,1,4,5,10,1,0,0,0,16688,6.83,16930,232,53,2241,2698,23.2,1668.8,17,3,0,5,4,0,1,0,0,1,15853,7.04,19666,206,43,20.6,1585.3
0,26,2,0,9,6,6,0,0,1,0,17688,6.85,16258,203,57,-502,-2292,20.3,1768.8,26,3,1,6,9,4,0,1,1,0,17624,7.08,18721,239,66,23.9,1762.4
0,21,5,1,8,4,9,1,0,0,1,16653,7.08,17016,238,69,1873,123,23.8,1665.3,21,0,0,4,8,7,0,0,0,1,14836,6.54,15615,203,47,20.3,1483.6
0,20,1,1,5,8,5,1,1,0,1,16039,6.86,14795,218,69,-1437,420,21.8,1603.9,23,3,0,8,5,2,0,0,0,0,17821,6.74,15035,221,66,22.1,1782.1
1,24,4,0,6,5,7,0,1,0,0,16392,7.11,18058,213,68,1093,1684,21.3,1639.2,14,4,1,5,6,5,0,0,0,0,14995,6.57,17137,220,54,22.0,1499.5
1,22,1,1,9,4,7,1,0,0,0,16904,6.72,18871,230,66,3403,2002,23.0,1690.4,17,0,0,4,9,2,0,0,1,0,14717,6.8,14335,182,59,18.2,1471.7
0,16,2,1,2,6,7,0,0,0,0,16326,7.63,17932,211,51,-88,-171,21.1,1632.6,14,0,0,6,2,7,0,1,0,2,17615,6.65,14306,220,66,22.0,1761.5
1,24,1,1,11,0,9,0,0,0,0,17502,7.0,18631,225,55,1749,1745,22.5,1750.2,11,0,0,0,11,4,0,0,0,0,16127,6.55,17769,217,33,21.7,1612.7
0,15,1,0,0,9,2,0,0,0,0,13548,5.99,13468,190,43,-3349,-4430,19.0,1354.8,25,3,1,9,0,9,1,0,0,3,20628,7.48,19961,257,76,25.7,2062.8
1,32,3,1,10,2,9,1,1,0,1,16751,7.38,19970,238,69,3240,2607,23.8,1675.1,21,3,0,2,10,5,2,0,1,0,13514,6.32,17386,186,57,18.6,1351.4
0,25,3,0,8,6,7,1,1,1,1,15588,6.59,17391,194,41,-93,706,19.4,1558.8,19,0,1,6,8,9,0,0,0,0,17331,7.69,17339,244,42,24.4,1733.1
1,19,5,0,10,1,12,1,0,0,1,18344,7.03,18176,258,69,621,1072,25.8,1834.4,19,0,1,1,10,4,0,1,0,2,14086,6.65,16290,194,58,19.4,1408.6
0,21,1,0,4,6,4,1,0,0,0,13249,7.02,16692,195,36,-2549,-1512,19.5,1324.9,26,7,1,6,4,6,0,1,0,0,19366,7.66,17658,236,52,23.6,1936.6
0,20,0,0,6,7,6,0,0,0,0,15199,6.7,16253,242,58,-883,-2044,24.2,1519.9,14,1,1,7,6,13,1,1,0,1,16879,7.45,17926,235,65,23.5,1687.9
1,27,2,0,9,9,7,1,0,1,0,16975,6.68,19393,232,54,2088,-113,23.2,1697.5,22,1,1,9,9,3,0,0,0,1,16014,6.96,18086,244,44,24.4,1601.4
0,17,2,1,5,1,6,1,0,0,0,16217,6.49,16112,197,59,-1085,-582,19.7,1621.7,21,0,0,1,5,7,1,0,0,1,16676,6.96,19158,251,73,25.1,1667.6
1,22,2,0,11,0,8,0,2,0,1,16534,7.09,20155,206,65,-745,268,20.6,1653.4,16,1,1,0,11,8,0,0,0,0,16229,6.69,18036,187,34,18.7,1622.9
1,22,2,1,9,7,8,1,0,0,0,18196,6.85,19525,239,66,3364,-222,23.9,1819.6,21,2,0,7,9,1,1,0,0,0,15062,6.15,16401,204,54,20.4,1506.2
0,17,3,1,2,7,0,0,0,0,0,12961,6.12,13832,179,39,-3695,-2133,17.9,1296.1,19,3,0,7,2,14,0,0,0,0,19757,7.49,17262,221,74,22.1,1975.7
1,18,3,1,6,3,6,1,1,0,0,20112,7.26,18458,253,76,2755,1019,25.3,2011.2,17,1,0,3,6,4,0,0,0,0,16059,7.12,17793,223,41,22.3,1605.9
1,23,2,1,6,3,11,1,0,0,0,15640,7.2,16742,232,53,-545,-1332,23.2,1564.0,23,0,0,3,6,10,0,0,0,0,14102,7.06,19941,233,52,23.3,1410.2
1,22,1,0,6,6,9,0,0,0,1,17367,6.59,17960,263,46,1508,-41,26.3,1736.7,22,4,1,6,6,1,1,1,0,0,17559,6.6,19412,214,53,21.4,1755.9
0,23,0,0,3,9,2,0,0,0,1,15323,5.99,14816,212,51,-3066,-3680,21.2,1532.3,22,0,1,9,3,8,2,1,0,2,17529,6.89,18272,257,61,25.7,1752.9
1,21,3,0,11,8,9,1,0,1,1,14733,6.89,17036,207,50,1432,-697,20.7,1473.3,18,0,1,8,11,0,0,0,0,1,15549,6.71,15406,210,45,21.0,1554.9
0,13,1,0,0,13,2,0,0,0,0,11680,6.51,14981,206,28,-5084,-3604,20.6,1168.0,26,5,1,13,0,8,2,0,1,1,19230,7.07,21625,256,79,25.6,1923.0
1,25,1,1,9,2,12,0,0,1,1,17835,7.18,18089,230,52,1796,-441,23.0,1783.5,16,3,0,2,9,10,0,0,0,0,14818,6.48,16489,203,45,20.3,1481.8
0,13,1,0,0,5,3,0,0,0,1,17019,6.28,12707,203,46,-3591,-2019,20.3,1701.9,21,3,1,5,0,9,1,1,0,2,17837,7.15,20965,225,75,22.5,1783.7
0,26,2,1,11,7,7,0,0,1,2,17504,7.04,19057,231,48,-1383,343,23.1,1750.4,8,3,0,7,11,8,0,0,1,0,17573,7.83,16475,220,66,22.0,1757.3
1,25,1,1,3,5,4,1,0,0,0,17915,6.62,17119,202,51,-266,-919,20.2,1791.5,24,0,0,5,3,1,1,0,0,1,17833,7.06,18638,226,61,22.6,1783.3
1,29,1,0,13,2,8,1,0,0,1,17835,6.81,18807,244,40,1845,3672,24.4,1783.5,26,0,1,2,13,1,0,1,0,0,15780,6.54,14597,213,34,21.3,1578.0
1,22,3,1,5,9,0,1,1,0,0,18172,7.36,18543,230,67,62,57,23.0,1817.2,23,0,0,9,5,9,1,1,0,0,17983,7.23,19153,199,51,19.9,1798.3
0,16,1,1,0,4,5,0,1,0,0,16973,7.14,17308,218,52,-1925,-202,21.8,1697.3,19,3,0,4,0,11,1,1,0,1,19227,6.94,17450,196,53,19.6,1922.7
0,20,1,1,8,6,7,0,0,0,0,11895,6.45,19710,175,44,981,-1153,17.5,1189.5,24,4,0,6,8,7,1,1,0,0,16592,6.45,17780,210,61,21.0,1659.2
1,24,1,1,9,5,13,0,0,0,1,17732,7.4,18292,237,76,2587,443,23.7,1773.2,24,1,0,5,9,4,0,0,0,1,14898,6.59,18092,198,66,19.8,1489.8
1,18,2,1,6,2,8,0,1,0,0,16463,6.56,19224,198,44,-445,1895,19.8,1646.3,9,2,0,2,6,3,0,0,0,0,14574,7.06,19933,234,55,23.4,1457.4
0,26,3,0,7,10,4,1,0,0,1,14657,7.31,16150,189,43,-1268,-715,18.9,1465.7,21,2,1,10,7,7,0,0,0,0,18536,7.38,17231,233,38,23.3,1853.6
1,22,2,0,7,4,3,0,1,1,1,16425,7.07,17714,195,48,-340,-1386,19.5,1642.5,26,3,1,4,7,6,0,1,0,1,17511,6.91,18022,237,64,23.7,1751.1
0,12,1,0,3,9,2,0,0,0,0,16188,6.58,16872,197,38,-3108,-2127,19.7,1618.8,19,5,1,9,3,9,1,1,1,0,19723,6.8,17576,232,46,23.2,1972.3
0,30,3,0,9,4,3,0,0,0,0,16831,6.52,17358,219,53,1116,1108,21.9,1683.1,12,0,1,4,9,7,1,0,0,0,15085,6.6,17607,167,57,16.7,1508.5
0,17,3,0,3,4,2,0,0,0,0,13187,6.84,18371,230,50,-3410,-906,23.0,1318.7,20,4,1,4,3,12,1,1,0,0,16789,7.46,20938,247,56,24.7,1678.9
1,16,3,1,9,3,4,0,0,0,1,17877,7.2,19269,247,69,-104,-176,24.7,1787.7,17,2,0,3,9,6,0,0,0,0,16524,5.6,15706,159,51,15.9,1652.4
0,16,2,0,5,7,5,1,0,1,1,17152,7.11,17231,246,66,-1180,-162,24.6,1715.2,22,2,1,7,5,11,0,1,0,1,14731,6.6,17102,232,49,23.2,1473.1
1,32,4,1,13,0,10,2,0,1,1,20242,7.91,16952,266,83,4838,4904,26.6,2024.2,16,0,0,0,13,2,0,0,0,0,12902,6.14,13235,173,39,17.3,1290.2
0,27,1,0,2,7,5,0,0,0,1,13400,6.83,16163,183,41,-2944,-2146,18.3,1340.0,19,4,1,7,2,13,1,0,1,1,18080,7.67,19313,244,46,24.4,1808.0
0,25,2,1,3,5,2,1,0,0,0,17882,6.44,19322,204,59,-15,2369,20.4,1788.2,23,4,0,5,3,10,0,1,0,0,17147,7.05,19533,239,49,23.9,1714.7
1,30,2,0,10,3,9,0,1,0,1,17110,7.74,20327,189,59,2493,2144,18.9,1711.0,18,1,1,3,10,2,0,0,0,0,14952,6.31,14279,194,40,19.4,1495.2
1,28,0,0,8,3,10,1,0,0,1,16840,6.93,19933,234,55,1551,-69,23.4,1684.0,20,1,1,3,8,6,0,0,0,2,14573,6.89,15705,204,49,20.4,1457.3
0,21,2,0,7,8,8,1,0,0,1,16454,6.62,16415,241,36,-2520,-2567,24.1,1645.4,21,2,1,8,7,6,1,1,0,0,14656,6.73,17669,265,37,26.5,1465.6
1,22,3,1,3,6,6,0,0,0,1,18355,6.84,17698,224,72,1056,1994,22.4,1835.5,22,3,0,6,3,4,0,0,0,1,12752,7.38,16148,235,57,23.5,1275.2
1,23,2,1,8,5,11,1,1,0,0,15920,6.43,17459,197,68,-429,347,19.7,1592.0,25,1,0,5,8,5,1,1,0,0,17193,7.21,18423,210,62,21.0,1719.3
0,24,4,0,5,9,8,0,1,0,1,16150,6.7,17338,207,80,2310,1424,20.7,1615.0,23,2,1,9,5,4,1,0,0,0,15818,6.14,16270,207,64,20.7,1581.8
0,15,1,0,0,5,5,0,1,1,0,14770,6.34,16504,221,59,-3177,-1424,22.1,1477.0,22,3,1,5,0,7,1,0,0,1,16776,6.53,16781,240,60,24.0,1677.6
1,23,0,0,3,8,9,0,0,1,0,15022,6.51,17269,209,59,-1336,-1082,20.9,1502.2,22,0,1,8,3,9,0,1,0,1,16843,6.78,16990,184,73,18.4,1684.3
0,24,0,0,2,12,2,0,1,0,0,13551,6.46,16117,220,41,-2463,-2901,22.0,1355.1,25,3,1,12,2,8,1,1,0,1,19600,7.12,18979,222,53,22.2,1960.0
1,19,0,1,7,5,4,0,1,0,0,15574,7.21,17561,238,67,-691,-1899,23.8,1557.4,27,2,0,5,7,2,0,0,0,1,16931,6.52,17048,214,55,21.4,1693.1
1,19,3,0,7,5,9,0,0,0,1,16015,7.67,19408,220,62,1472,-1475,22.0,1601.5,22,2,1,5,7,0,0,0,0,0,14493,6.66,16983,237,58,23.7,1449.3
1,22,1,0,3,8,7,0,0,1,1,15778,7.04,19992,195,41,-765,680,19.5,1577.8,23,2,1,8,3,9,0,1,0,1,16237,7.19,18594,221,36,22.1,1623.7
0,14,3,0,1,9,5,0,1,0,0,14355,7.09,14881,212,47,-3388,-3018,21.2,1435.5,31,4,1,9,1,9,0,1,0,1,19049,7.03,21855,222,75,22.2,1904.9
1,15,4,0,6,0,11,2,0,1,1,18777,6.73,21022,219,48,1754,796,21.9,1877.7,21,0,1,0,6,2,1,0,1,0,12744,6.44,17991,201,61,20.1,1274.4
1,26,1,1,7,5,12,2,0,0,0,16930,7.61,18835,235,61,-5,-355,23.5,1693.0,15,3,0,5,7,2,0,0,1,0,13841,6.57,17852,192,50,19.2,1384.1
1,16,0,1,4,11,1,1,0,1,2,15459,6.61,15872,224,60,-690,133,22.4,1545.9,21,2,0,11,4,11,2,0,0,1,18845,7.3,19065,198,65,19.8,1884.5
0,20,3,1,7,8,5,0,0,0,1,15772,7.61,19009,206,50,-2620,-1370,20.6,1577.2,10,3,0,8,7,2,1,0,0,1,16871,6.48,15580,197,52,19.7,1687.1
0,14,3,1,0,9,2,1,0,0,1,13312,6.19,16387,234,39,-4608,-1537,23.4,1331.2,17,1,0,9,0,8,1,0,0,0,18937,6.86,19253,203,64,20.3,1893.7
0,24,0,0,3,10,7,0,0,1,0,14906,7.02,17150,202,68,-1470,-2249,20.2,1490.6,8,4,1,10,3,11,2,0,1,1,17658,6.03,18828,245,52,24.5,1765.8
1,23,2,1,9,7,6,0,0,0,0,16355,6.35,13806,233,55,296,355,23.3,1635.5,30,5,0,7,9,4,0,0,0,0,17123,7.21,18933,232,47,23.2,1712.3
1,21,0,0,10,3,11,2,0,0,1,18779,6.81,19959,251,68,1834,2459,25.1,1877.9,28,3,1,3,10,1,0,0,0,0,14555,7.34,17542,192,56,19.2,1455.5
1,13,1,1,4,6,5,1,1,0,1,14783,7.52,16600,207,55,-246,-2168,20.7,1478.3,27,3,0,6,4,6,1,1,0,0,15756,7.77,18223,233,60,23.3,1575.6
1,20,4,0,5,6,7,0,0,0,0,17242,6.76,18876,204,69,2398,531,20.4,1724.2,23,1,1,6,5,7,0,0,0,0,15080,6.5,16927,220,58,22.0,1508.0
1,22,6,0,7,6,7,1,0,0,1,16690,6.85,17615,214,59,138,-1786,21.4,1669.0,19,3,1,6,7,8,0,1,1,1,18986,6.99,20137,239,81,23.9,1898.6
1,21,2,1,10,5,7,1,0,0,1,17229,6.55,18382,239,55,-1547,312,23.9,1722.9,11,1,0,5,10,8,1,0,0,0,16502,6.67,16971,253,75,25.3,1650.2
1,20,0,0,3,8,7,0,1,0,1,15443,6.88,17948,214,38,160,-115,21.4,1544.3,18,3,1,8,3,8,1,1,0,0,17127,7.11,16859,231,47,23.1,1712.7
1,23,2,0,6,4,9,1,0,0,0,16162,7.83,19678,224,55,414,1586,22.4,1616.2,18,1,1,4,6,6,0,0,0,0,15956,7.2,15268,222,35,22.2,1595.6
0,23,2,0,5,8,6,0,1,0,0,12740,6.87,16468,223,53,-988,-359,22.3,1274.0,16,2,1,8,5,6,1,0,0,0,18824,7.33,16906,214,71,21.4,1882.4
0,17,0,1,3,11,5,0,0,0,1,15882,6.32,17737,207,57,-3155,-2887,20.7,1588.2,25,3,0,11,3,12,1,0,0,1,18289,6.85,19912,212,69,21.2,1828.9
0,19,0,0,4,9,3,0,0,0,0,17319,6.42,16519,188,62,-2667,-2818,18.8,1731.9,21,1,1,9,4,15,1,0,0,1,17427,7.31,18431,229,69,22.9,1742.7
0,14,1,1,9,6,5,1,0,0,1,16642,6.72,15856,185,50,-1,-776,18.5,1664.2,13,4,0,6,9,7,1,0,1,0,17315,6.54,18430,237,55,23.7,1731.5
0,30,2,0,1,6,1,0,0,0,0,13720,6.6,16339,217,67,-3508,-2465,21.7,1372.0,30,4,1,6,1,10,0,1,0,1,17272,6.88,18370,214,62,21.4,1727.2
1,19,2,1,7,3,9,1,0,0,1,16694,7.14,16690,210,63,2274,-191,21.0,1669.4,12,1,0,3,7,5,1,0,0,0,17744,6.5,15497,197,50,19.7,1774.4
0,20,0,0,7,8,9,1,1,0,1,15086,7.06,17943,205,55,-642,346,20.5,1508.6,12,3,1,8,7,9,0,1,1,0,19344,7.18,18722,256,62,25.6,1934.4
1,28,2,1,13,2,6,0,0,0,2,19439,7.27,19270,270,72,3564,4371,27.0,1943.9,13,2,0,2,13,1,0,0,0,1,13880,6.47,16966,184,33,18.4,1388.0
0,14,1,1,1,8,4,1,1,0,0,14444,6.68,15033,252,53,-3984,-2360,25.2,1444.4,27,4,0,8,1,4,1,0,0,2,20896,6.72,21204,243,45,24.3,2089.6
0,20,1,0,5,6,6,0,1,0,2,17331,6.36,17384,264,57,1510,664,26.4,1733.1,24,2,1,6,5,8,0,0,0,0,15762,6.86,19198,183,54,18.3,1576.2
0,18,0,0,3,9,3,0,0,0,1,13775,6.69,17111,207,49,-3872,-2166,20.7,1377.5,28,1,1,9,3,9,0,0,0,0,18658,7.29,18455,237,61,23.7,1865.8
0,14,3,1,9,9,7,2,1,0,0,16197,6.51,15863,244,62,-405,-1094,24.4,1619.7,15,2,0,9,9,9,1,1,1,0,17618,7.19,17669,191,39,19.1,1761.8
0,22,2,0,4,10,6,1,1,1,1,13482,6.88,18248,194,68,646,-134,19.4,1348.2,23,1,1,10,4,6,1,0,0,1,16149,6.73,17998,199,51,19.9,1614.9
0,7,0,0,0,12,2,0,0,0,0,14982,6.5,12730,187,42,-2818,-4852,18.7,1498.2,20,4,1,12,0,13,1,2,1,1,19586,7.08,21108,231,65,23.1,1958.6
0,29,4,1,8,4,6,0,0,0,0,15184,7.44,19191,215,56,-97,131,21.5,1518.4,26,0,0,4,8,3,0,0,0,0,16637,6.8,17392,242,66,24.2,1663.7
1,28,4,1,8,3,14,1,0,1,1,19235,7.28,19934,231,59,5137,3166,23.1,1923.5,11,1,0,3,8,5,0,1,0,0,14512,5.87,14957,186,60,18.6,1451.2
1,22,0,1,6,5,5,0,1,1,0,16469,6.91,16402,219,49,790,-312,21.9,1646.9,23,2,0,5,6,7,1,0,1,0,18117,6.86,20558,220,62,22.0,1811.7
1,12,2,1,2,10,5,1,0,1,1,17121,7.03,18115,231,69,842,-1520,23.1,1712.1,17,2,0,10,2,2,0,0,0,0,15338,6.51,16738,236,67,23.6,1533.8
1,18,1,0,9,1,9,1,0,0,1,18551,6.54,19210,225,62,2258,2226,22.5,1855.1,23,2,1,1,9,1,0,0,0,1,16491,6.33,17884,215,51,21.5,1649.1
1,27,3,1,6,7,4,1,0,0,1,17836,6.95,16655,222,64,506,-127,22.2,1783.6,16,0,0,7,6,7,2,0,0,0,14424,6.9,17792,230,61,23.0,1442.4
1,40,1,0,5,7,5,0,0,0,0,14950,7.47,18835,195,45,-1317,-2367,19.5,1495.0,18,3,1,7,5,8,1,0,0,2,16063,7.31,18888,183,58,18.3,1606.3
0,21,1,0,0,10,6,0,0,1,0,13585,6.66,15931,137,45,-2630,-3745,13.7,1358.5,29,4,1,10,0,13,1,1,0,1,19332,7.95,20238,264,53,26.4,1933.2
0,26,2,0,8,4,7,0,0,0,0,16634,6.92,16228,230,65,2259,129,23.0,1663.4,12,0,1,4,8,6,0,0,0,0,17648,6.51,17536,214,63,21.4,1764.8
0,22,0,0,6,9,2,2,1,0,0,17705,6.73,17462,227,71,-765,-116,22.7,1770.5,19,4,1,9,6,9,1,1,0,0,18736,6.69,18407,216,60,21.6,1873.6
0,14,4,0,7,9,3,0,1,0,0,14901,6.45,15864,226,30,-1197,-3467,22.6,1490.1,24,6,1,9,7,11,1,0,0,0,18336,6.84,20752,254,61,25.4,1833.6
0,25,3,0,8,5,8,0,0,0,0,16522,7.16,14131,196,66,-1298,1076,19.6,1652.2,20,2,1,5,8,3,0,0,0,1,16632,6.39,18184,215,70,21.5,1663.2
1,13,1,0,2,11,5,1,0,0,1,15413,6.78,16945,185,53,-2448,-1496,18.5,1541.3,24,2,1,11,2,2,0,1,0,1,16991,6.8,16929,228,72,22.8,1699.1
0,13,2,0,3,7,7,1,1,0,1,16165,6.25,15810,172,53,-1767,-701,17.2,1616.5,27,0,1,7,3,4,0,1,0,1,16396,7.03,17613,227,60,22.7,1639.6
1,15,4,1,6,6,6,1,0,1,1,17236,7.29,18117,235,40,-154,-21,23.5,1723.6,19,1,0,6,6,6,1,0,0,0,13802,6.77,16908,200,39,20.0,1380.2
0,22,1,1,3,6,2,1,0,0,0,14510,6.76,16248,189,33,-1546,-2694,18.9,1451.0,20,5,0,6,3,9,1,1,0,1,17995,7.45,18414,243,51,24.3,1799.5
1,22,5,1,8,1,10,1,1,0,0,17495,7.16,19827,219,67,2461,857,21.9,1749.5,20,1,0,1,8,0,1,0,0,0,16314,6.53,16702,193,72,19.3,1631.4
0,18,6,1,3,11,7,0,0,0,0,14223,6.63,16100,215,62,-2287,-2006,21.5,1422.3,24,2,0,11,3,10,0,0,0,1,18935,7.71,20620,263,57,26.3,1893.5
0,19,1,1,11,8,4,0,0,0,0,15682,6.44,13757,241,54,-1522,-188,24.1,1568.2,26,2,0,8,11,9,2,1,1,1,18504,7.08,19094,242,49,24.2,1850.4
1,18,2,1,9,6,10,1,1,1,1,20400,7.91,19987,233,82,4374,3541,23.3,2040.0,21,2,0,6,9,1,0,0,0,0,10722,6.44,13739,207,39,20.7,1072.2
1,19,1,1,12,2,11,1,1,1,1,18495,6.67,16673,251,34,3531,2294,25.1,1849.5,22,1,0,2,12,5,0,0,0,0,12633,6.44,14024,205,54,20.5,1263.3
0,17,0,1,6,7,7,0,1,0,2,16054,6.91,16247,231,39,202,588,23.1,1605.4,20,1,0,7,6,6,1,0,0,1,16397,6.85,16291,237,68,23.7,1639.7
0,11,3,1,0,8,6,0,1,0,0,14702,6.67,18768,239,32,-1178,-1665,23.9,1470.2,15,1,0,8,0,5,1,2,0,0,17393,6.87,18081,196,59,19.6,1739.3
0,16,1,0,5,9,3,1,0,1,2,17661,6.63,16989,221,63,-1093,409,22.1,1766.1,16,1,1,9,5,1,0,1,1,0,16204,7.24,18521,242,65,24.2,1620.4
0,15,3,1,9,8,6,0,0,0,1,14759,6.94,15307,207,61,-525,-534,20.7,1475.9,23,4,0,8,9,3,0,1,0,0,16568,7.27,15976,236,63,23.6,1656.8
0,23,4,1,7,6,5,1,0,0,1,14929,6.56,17325,208,55,-619,-684,20.8,1492.9,27,4,0,6,7,6,1,1,0,0,15341,6.66,20577,221,65,22.1,1534.1
1,23,0,1,6,5,2,0,0,0,0,15460,6.68,20223,249,64,-961,374,24.9,1546.0,21,0,0,5,6,6,1,0,0,0,16727,6.81,19126,237,57,23.7,1672.7
0,13,1,0,6,5,4,0,0,0,0,17217,6.55,16775,259,52,473,-794,25.9,1721.7,20,1,1,5,6,4,1,1,0,1,16041,7.42,17986,228,61,22.8,1604.1
1,18,5,0,4,4,7,0,1,0,1,15129,6.78,14612,199,67,566,-1357,19.9,1512.9,20,2,1,4,4,6,1,1,1,1,17463,7.08,17384,228,62,22.8,1746.3
0,26,1,1,5,10,4,0,0,1,0,13374,7.04,15518,166,63,-3831,-1573,16.6,1337.4,16,1,0,10,5,10,2,1,0,3,15617,7.32,19804,237,67,23.7,1561.7
0,14,1,0,4,1,7,1,0,0,0,16920,6.95,19704,222,35,-2360,129,22.2,1692.0,16,2,1,1,4,5,0,1,0,2,17147,6.88,18608,196,59,19.6,1714.7
1,24,1,0,7,3,9,1,1,0,1,16028,6.69,18096,207,68,1392,641,20.7,1602.8,18,3,1,3,7,7,1,0,0,0,16104,6.75,13680,235,58,23.5,1610.4
0,18,1,0,4,11,3,1,0,0,1,15412,6.47,17749,178,54,-2062,-2560,17.8,1541.2,25,1,1,11,4,8,1,1,1,1,20241,7.07,15860,210,56,21.0,2024.1
0,25,4,0,5,8,1,0,0,0,0,17714,6.84,17225,201,43,137,-52,20.1,1771.4,19,2,1,8,5,8,0,0,1,0,17176,6.96,17199,228,48,22.8,1717.6
0,20,3,0,7,4,2,0,1,0,1,16226,6.46,19586,199,35,-826,-1655,19.9,1622.6,19,4,1,4,7,10,1,1,0,0,18216,7.75,20630,213,61,21.3,1821.6
0,18,2,1,7,7,9,2,1,1,1,16913,6.77,17430,189,55,-810,633,18.9,1691.3,19,1,0,7,7,8,1,1,1,1,16584,6.87,17466,199,50,19.9,1658.4
1,20,4,1,3,4,3,0,1,0,0,16808,7.26,16709,231,56,-1941,-948,23.1,1680.8,21,1,0,4,3,10,1,0,0,0,15438,7.22,20095,226,66,22.6,1543.8
1,23,5,1,7,2,9,1,0,0,2,21714,6.68,20225,233,71,2918,2879,23.3,2171.4,14,1,0,2,7,0,1,0,0,0,16120,6.61,17295,204,57,20.4,1612.0
1,21,3,1,6,7,7,0,2,1,2,17253,7.18,17338,235,72,-287,2555,23.5,1725.3,19,1,0,7,6,2,0,1,0,1,16012,7.14,15756,210,34,21.0,1601.2
0,11,6,0,8,7,0,0,0,1,0,14712,5.94,15287,191,48,-2319,-1609,19.1,1471.2,13,2,1,7,8,9,2,0,0,0,20246,7.16,20429,267,71,26.7,2024.6
1,28,2,1,7,8,8,0,0,0,0,19997,7.17,18198,231,61,1915,-140,23.1,1999.7,17,4,0,8,7,3,0,1,0,1,16777,6.94,19145,214,60,21.4,1677.7
1,24,3,0,6,8,8,0,1,0,0,14729,6.4,18719,208,75,-3220,-494,20.8,1472.9,20,1,1,8,6,8,1,1,0,1,15786,6.87,18292,226,75,22.6,1578.6
0,14,1,0,2,8,5,0,0,0,0,15391,6.98,14320,223,55,-905,-1662,22.3,1539.1,16,2,1,8,2,9,1,0,1,1,17448,7.39,18093,224,54,22.4,1744.8
1,19,4,1,4,8,6,1,0,0,1,19139,7.67,16367,201,51,-765,-37,20.1,1913.9,23,1,0,8,4,7,1,0,1,1,15096,6.57,16228,216,55,21.6,1509.6
0,18,1,1,5,9,2,0,0,0,0,16962,6.76,18944,232,59,-273,-2142,23.2,1696.2,25,3,0,9,5,2,0,0,1,1,18300,6.69,18717,198,73,19.8,1830.0
1,16,3,1,12,6,7,0,0,0,0,16252,7.59,18758,230,56,2533,1824,23.0,1625.2,12,5,0,6,12,2,0,1,0,0,15365,6.22,16662,195,46,19.5,1536.5
1,9,5,1,1,6,6,0,1,0,0,15558,6.95,15090,196,46,-1861,-1630,19.6,1555.8,16,3,0,6,1,8,2,0,0,1,14472,7.93,18676,231,49,23.1,1447.2
0,15,3,0,3,5,5,0,0,0,0,16511,6.91,17381,216,41,-1290,-1048,21.6,1651.1,29,3,1,5,3,4,0,1,1,1,17523,6.77,18740,223,59,22.3,1752.3
0,17,2,1,7,7,4,0,0,1,1,15493,6.37,16535,235,54,-1867,-767,23.5,1549.3,19,4,0,7,7,10,1,1,0,0,18592,7.22,18730,220,58,22.0,1859.2
0,12,1,0,8,8,7,0,0,0,0,15569,7.15,15997,228,66,-1368,-2141,22.8,1556.9,20,2,1,8,8,9,1,0,0,1,18046,7.2,17664,251,34,25.1,1804.6
1,23,3,1,9,1,8,1,0,0,1,16468,7.32,17705,251,67,2913,826,25.1,1646.8,26,6,0,1,9,6,1,0,0,0,17451,6.9,15297,199,38,19.9,1745.1
1,27,1,0,9,6,6,1,1,0,1,18161,6.69,17830,229,66,1418,1322,22.9,1816.1,18,3,1,6,9,6,1,0,0,1,16020,7.13,16836,233,53,23.3,1602.0
1,28,4,1,8,3,10,1,0,0,2,21411,7.01,16823,223,73,4216,2958,22.3,2141.1,19,1,0,3,8,1,0,1,1,1,12499,7.06,16487,184,40,18.4,1249.9
1,24,4,1,8,1,14,0,0,0,1,20163,7.27,19717,244,84,2265,3197,24.4,2016.3,17,0,0,1,8,2,0,0,0,0,11092,6.75,15605,190,24,19.0,1109.2
0,9,1,1,1,8,4,0,0,0,0,16214,6.34,17485,208,42,-1208,-1578,20.8,1621.4,26,0,0,8,1,14,2,1,1,1,17792,7.11,18781,234,55,23.4,1779.2
1,24,5,0,4,6,4,2,0,0,0,15552,6.87,18433,242,50,319,-1404,24.2,1555.2,23,5,1,6,4,6,2,0,0,0,16286,7.09,15652,227,49,22.7,1628.6
0,18,4,0,4,10,5,0,0,1,0,13580,6.81,15399,190,52,-1541,-2342,19.0,1358.0,22,1,1,10,4,6,2,1,1,1,18059,7.31,18068,228,63,22.8,1805.9
0,21,2,1,2,9,4,0,0,0,0,14469,6.63,14693,233,51,-1935,-553,23.3,1446.9,19,1,0,9,2,7,0,0,0,2,18546,7.13,20112,226,51,22.6,1854.6
0,28,3,0,5,14,6,1,0,0,0,15981,6.82,15966,232,44,-2791,-877,23.2,1598.1,29,3,1,14,5,9,0,0,0,0,18626,7.07,19125,234,60,23.4,1862.6
0,14,1,0,3,9,0,1,0,0,0,15165,6.2,13068,234,51,-3516,-449,23.4,1516.5,22,2,1,9,3,9,2,0,0,1,18968,7.74,19679,236,59,23.6,1896.8
0,4,1,0,2,7,4,0,1,0,0,13088,7.0,16651,223,28,-1952,-1269,22.3,1308.8,25,4,1,7,2,9,1,0,0,0,19044,6.92,17114,218,69,21.8,1904.4
0,14,0,0,8,2,5,0,1,0,1,15882,7.17,17965,218,65,337,-165,21.8,1588.2,29,2,1,2,8,5,1,0,0,1,17285,6.75,17166,234,58,23.4,1728.5
0,20,1,1,1,6,1,1,0,0,0,14855,7.33,16891,194,40,-2528,-165,19.4,1485.5,27,2,0,6,1,8,2,1,0,2,17714,7.17,17357,229,51,22.9,1771.4
1,22,2,1,11,2,5,1,0,0,1,18094,6.75,19906,258,40,1749,769,25.8,1809.4,27,0,0,2,11,9,0,1,0,0,13026,6.38,15414,241,59,24.1,1302.6
0,12,0,1,6,10,3,0,0,0,0,15301,6.27,17319,220,60,-1091,-827,22.0,1530.1,13,2,0,10,6,8,0,0,0,2,19448,6.93,18393,202,59,20.2,1944.8
1,19,4,1,10,0,9,1,1,1,1,21494,7.14,21212,223,73,3164,2816,22.3,2149.4,13,0,0,0,10,0,0,0,0,1,13131,6.2,15456,169,30,16.9,1313.1
1,17,3,1,8,8,0,0,1,0,0,14230,7.22,16226,239,58,-1347,-746,23.9,1423.0,13,0,0,8,8,11,1,1,0,0,15228,6.47,20077,210,40,21.0,1522.8
0,14,2,0,4,4,3,1,1,1,1,18804,6.43,16838,222,74,787,-1157,22.2,1880.4,18,4,1,4,4,7,1,0,1,2,18325,6.64,18815,197,58,19.7,1832.5
0,20,0,0,6,10,0,1,0,0,0,12268,6.42,15682,211,57,-350,-2979,21.1,1226.8,27,1,1,10,6,5,1,1,1,2,16678,7.12,18419,217,66,21.7,1667.8
1,21,2,1,10,4,9,0,1,0,1,20192,6.77,20656,278,78,3754,2112,27.8,2019.2,19,1,0,4,10,5,0,0,0,1,12916,6.56,14531,212,48,21.2,1291.6
1,19,0,0,5,3,5,1,0,1,1,19689,7.21,17672,230,66,1026,1860,23.0,1968.9,16,1,1,3,5,4,1,0,0,1,14123,6.61,16319,250,55,25.0,1412.3
0,17,1,1,4,6,7,1,0,0,0,15747,7.05,18176,185,79,1623,292,18.5,1574.7,19,3,0,6,4,6,1,0,0,0,15268,7.39,15452,216,56,21.6,1526.8
0,19,4,0,2,8,1,0,0,0,0,16922,6.73,14388,208,52,-2647,-1199,20.8,1692.2,26,3,1,8,2,8,1,1,1,1,17536,7.3,20027,267,63,26.7,1753.6
1,21,0,0,8,3,8,0,0,1,1,16629,6.92,18331,212,43,77,-1748,21.2,1662.9,21,2,1,3,8,5,0,0,0,0,16110,7.07,16001,235,49,23.5,1611.0
0,19,0,0,3,10,5,0,0,0,0,14729,6.22,15085,201,33,-3254,-880,20.1,1472.9,22,3,1,10,3,0,0,0,0,1,18032,6.98,19532,243,55,24.3,1803.2
1,24,4,1,9,4,8,2,0,0,0,19635,7.44,21823,223,73,4330,1150,22.3,1963.5,24,3,0,4,9,0,0,1,0,0,15044,6.43,15534,184,30,18.4,1504.4
1,21,1,1,8,6,8,0,0,1,0,17796,7.12,18093,197,51,259,40,19.7,1779.6,29,4,0,6,8,8,1,0,0,1,15820,7.1,16338,233,45,23.3,1582.0
1,15,1,0,2,8,8,0,1,0,1,16076,6.94,17863,234,58,-206,786,23.4,1607.6,11,0,1,8,2,6,1,0,0,0,17678,6.65,15207,226,65,22.6,1767.8
0,11,4,1,2,11,1,0,0,0,0,12692,5.98,12633,221,47,-4767,-3680,22.1,1269.2,28,4,0,11,2,12,1,1,1,1,20060,7.37,19637,248,66,24.8,2006.0
0,16,2,0,7,8,4,0,0,1,0,15377,6.79,16849,218,46,-1990,-1859,21.8,1537.7,29,2,1,8,7,8,1,0,0,0,16851,6.92,20853,242,53,24.2,1685.1
1,32,4,0,9,4,2,1,1,0,0,16759,7.36,19694,212,48,2209,2144,21.2,1675.9,20,0,1,4,9,5,1,0,0,0,15028,6.85,14516,184,52,18.4,1502.8
1,16,3,0,8,4,7,1,1,1,1,18855,6.91,17945,234,51,1865,2320,23.4,1885.5,11,5,1,4,8,0,0,1,0,1,15400,6.04,18366,203,56,20.3,1540.0
1,20,3,1,6,3,6,1,1,1,1,17459,6.71,18788,285,59,2994,2130,28.5,1745.9,17,0,0,3,6,7,0,0,0,0,15112,6.83,16714,224,37,22.4,1511.2
0,17,3,0,0,10,5,0,0,0,0,13742,6.76,14157,215,51,-2681,-3784,21.5,1374.2,25,2,1,10,0,14,2,2,1,1,19409,7.1,18099,263,74,26.3,1940.9
0,19,5,1,4,4,6,0,0,0,0,16415,6.35,17606,225,45,739,96,22.5,1641.5,6,2,0,4,4,3,0,0,0,1,16002,6.53,15196,250,55,25.0,1600.2
1,27,0,1,13,2,6,2,0,0,0,15548,6.8,19979,208,82,2556,1854,20.8,1554.8,18,0,0,2,13,3,0,0,0,1,14673,6.75,16374,181,34,18.1,1467.3
0,15,1,1,2,8,4,0,0,1,0,13842,6.22,17950,202,51,-2945,-3724,20.2,1384.2,28,4,0,8,2,7,0,1,0,2,18515,7.6,20219,270,58,27.0,1851.5
1,19,2,1,8,7,2,1,1,0,1,16994,6.6,18439,212,59,153,-33,21.2,1699.4,31,3,0,7,8,1,1,0,1,0,14894,6.8,18218,241,43,24.1,1489.4
1,25,1,0,8,5,6,0,0,0,1,18894,7.23,16225,238,56,1564,-501,23.8,1889.4,15,4,1,5,8,11,0,0,0,0,14214,6.79,17942,202,78,20.2,1421.4
1,28,3,1,6,6,0,1,0,1,2,17903,7.23,16965,215,55,-1576,-265,21.5,1790.3,16,1,0,6,6,6,0,1,0,0,17285,6.91,18680,268,57,26.8,1728.5
0,23,1,1,0,12,0,0,0,0,1,13926,6.79,16051,224,48,-2894,-2434,22.4,1392.6,19,3,0,12,0,10,1,1,1,1,19612,7.67,18823,255,74,25.5,1961.2
0,19,5,0,6,10,4,0,0,0,1,16032,6.49,13064,244,55,1526,-243,24.4,1603.2,19,1,1,10,6,4,1,1,0,1,15968,7.1,16394,218,72,21.8,1596.8
0,19,3,0,3,6,9,1,1,1,1,15225,7.34,17479,182,67,-1019,-737,18.2,1522.5,24,0,1,6,3,6,0,1,0,0,18003,6.4,19054,254,39,25.4,1800.3
0,20,4,0,7,4,5,0,0,0,1,17211,6.41,17529,227,67,624,-903,22.7,1721.1,28,0,1,4,7,8,1,1,0,2,16950,7.12,18710,212,49,21.2,1695.0
0,20,0,0,2,9,3,0,0,0,0,14207,6.84,19537,243,54,-1741,-333,24.3,1420.7,21,4,1,9,2,8,0,0,1,0,17581,6.73,17420,243,46,24.3,1758.1
0,15,1,1,4,7,5,1,1,0,0,14824,6.85,16922,236,46,-675,-1218,23.6,1482.4,30,2,0,7,4,6,1,1,0,2,15693,6.9,18990,241,55,24.1,1569.3
1,25,1,0,5,6,10,1,0,0,1,14641,7.42,19376,174,46,-804,942,17.4,1464.1,32,4,1,6,5,8,1,0,1,1,14317,6.78,16901,218,45,21.8,1431.7
0,22,4,0,10,7,2,1,1,0,1,16991,7.19,17744,263,58,1984,1827,26.3,1699.1,20,2,1,7,10,4,1,0,0,1,18313,7.03,16703,194,62,19.4,1831.3
0,19,0,1,0,6,7,0,1,0,1,16312,7.42,17972,187,51,-89,-1243,18.7,1631.2,25,5,0,6,0,6,0,0,0,0,17850,7.02,17699,198,58,19.8,1785.0
0,13,0,1,10,8,6,1,1,0,1,14551,6.49,17404,179,59,-2607,191,17.9,1455.1,17,0,0,8,10,5,1,0,0,0,15967,6.75,18136,205,66,20.5,1596.7
0,20,0,0,4,6,6,1,0,1,0,15485,7.22,19835,187,73,368,744,18.7,1548.5,29,2,1,6,4,5,1,0,0,1,14957,6.93,16680,189,61,18.9,1495.7
0,7,5,1,2,17,1,0,0,0,0,14496,6.82,16825,208,47,-3292,-3882,20.8,1449.6,25,2,0,17,2,6,1,1,0,2,18462,7.87,19203,270,72,27.0,1846.2
1,18,2,1,8,5,11,0,0,0,2,16875,7.21,17533,207,52,1224,-194,20.7,1687.5,21,2,0,5,8,9,1,1,1,3,17206,6.99,17057,239,46,23.9,1720.6
0,17,3,1,7,8,8,1,0,0,0,15367,6.61,15500,204,43,1613,-871,20.4,1536.7,23,2,0,8,7,3,1,0,0,1,17539,7.18,15882,230,54,23.0,1753.9
1,22,0,0,8,5,3,1,1,0,1,15814,6.81,18693,209,54,-574,-774,20.9,1581.4,26,4,1,5,8,6,1,0,0,0,15389,7.44,18508,238,51,23.8,1538.9
1,31,4,1,9,5,8,1,1,0,2,18684,7.36,20982,255,64,2080,2175,25.5,1868.4,22,0,0,5,9,1,0,0,0,0,15171,6.55,17905,188,42,18.8,1517.1
0,19,0,0,6,10,5,0,1,0,0,14470,6.68,12974,211,34,-5929,-1542,21.1,1447.0,21,2,1,10,6,7,1,0,0,1,19694,7.18,18009,231,55,23.1,1969.4
0,23,0,0,3,12,3,0,0,0,0,13575,6.07,17227,170,44,-2372,-5229,17.0,1357.5,21,5,1,12,3,11,0,2,0,1,19483,7.44,20132,242,66,24.2,1948.3
1,24,1,0,6,5,7,0,1,1,0,15608,6.57,16772,208,70,-938,852,20.8,1560.8,14,2,1,5,6,5,0,0,1,2,16477,6.54,17178,217,55,21.7,1647.7
1,26,2,1,5,7,3,0,1,0,0,14965,7.34,19282,188,51,-793,662,18.8,1496.5,16,2,0,7,5,2,1,1,0,1,15627,6.74,14047,208,61,20.8,1562.7
1,30,1,1,5,4,12,0,0,0,1,14594,7.29,17674,208,55,302,993,20.8,1459.4,28,0,0,4,5,6,0,0,0,0,15437,6.7,17841,229,59,22.9,1543.7
0,15,4,0,8,5,7,0,1,0,1,14778,7.23,18556,223,61,-414,455,22.3,1477.8,24,1,1,5,8,10,1,0,1,0,16174,6.8,20056,224,44,22.4,1617.4
1,17,3,0,11,0,12,1,0,1,2,18182,7.71,18918,222,75,303,42,22.2,1818.2,17,4,1,0,11,2,0,0,0,0,13724,6.37,16497,205,58,20.5,1372.4
0,25,1,0,10,5,9,0,1,0,1,16871,7.19,20124,208,68,3186,1311,20.8,1687.1,20,6,1,5,10,2,0,0,0,0,15165,6.42,14604,214,29,21.4,1516.5
1,21,4,0,0,4,7,1,0,0,1,15952,6.48,17697,243,44,662,1317,24.3,1595.2,32,3,1,4,0,7,0,0,0,0,15632,7.15,17214,216,45,21.6,1563.2
0,21,1,0,0,11,4,1,0,0,0,15018,7.34,15395,218,68,605,-23,21.8,1501.8,17,4,1,11,0,7,0,0,1,1,16780,6.8,17950,202,59,20.2,1678.0
0,15,0,0,1,10,4,0,0,1,0,13013,6.33,16185,176,36,-4657,-3009,17.6,1301.3,27,4,1,10,1,8,1,1,0,0,20458,7.77,18043,240,52,24.0,2045.8
0,19,4,1,7,7,11,1,0,0,2,18830,7.7,19962,259,55,4180,999,25.9,1883.0,18,1,0,7,7,6,1,0,0,0,16443,6.44,16648,203,46,20.3,1644.3
1,31,0,1,9,6,11,2,0,0,0,17106,6.92,18586,241,50,2159,1565,24.1,1710.6,25,4,0,6,9,3,0,0,0,1,14254,6.96,14179,179,56,17.9,1425.4
1,16,3,1,10,4,13,1,2,0,2,16680,7.4,18904,226,54,1116,499,22.6,1668.0,9,2,0,4,10,6,1,1,0,0,14313,6.85,17058,197,45,19.7,1431.3
0,22,0,1,7,6,5,1,0,0,0,13845,6.31,15638,218,53,-1228,-1319,21.8,1384.5,13,1,0,6,7,12,0,1,1,3,17784,6.34,19206,221,71,22.1,1778.4
1,24,1,1,8,4,6,1,1,0,1,18554,7.59,16548,199,48,1041,2410,19.9,1855.4,19,1,0,4,8,8,0,1,1,0,15512,6.99,17498,250,41,25.0,1551.2
1,14,5,1,5,7,8,1,0,0,1,17650,6.58,19107,200,59,2364,1767,20.0,1765.0,21,3,0,7,5,3,0,1,0,0,15620,7.25,17722,187,30,18.7,1562.0
1,19,2,1,7,8,11,0,0,0,1,16994,7.32,20369,223,49,2988,2076,22.3,1699.4,19,4,0,8,7,2,0,0,0,1,13044,6.33,16609,227,31,22.7,1304.4
0,15,3,0,4,5,4,1,0,0,0,14002,6.64,15871,227,56,-1942,-891,22.7,1400.2,30,2,1,5,4,7,0,0,1,0,17298,7.14,20594,232,63,23.2,1729.8
0,22,2,0,6,7,5,1,1,0,1,16661,6.62,18907,204,49,-507,-1366,20.4,1666.1,23,3,1,7,6,8,1,0,1,2,17782,6.73,17647,216,58,21.6,1778.2
1,20,3,1,5,3,8,1,1,0,1,18835,7.08,17438,221,62,683,-81,22.1,1883.5,10,0,0,3,5,5,0,0,0,0,14959,7.03,17269,170,53,17.0,1495.9
1,20,2,0,8,5,7,0,0,1,0,15823,6.66,19169,260,50,-148,112,26.0,1582.3,18,3,1,5,8,7,1,1,0,1,16269,6.5,17376,247,58,24.7,1626.9
0,10,1,0,0,12,4,0,0,0,0,15729,6.52,14604,174,50,-4230,-239,17.4,1572.9,17,4,1,12,0,6,1,1,1,2,17624,7.37,16673,238,50,23.8,1762.4
1,32,4,1,1,3,7,0,1,0,1,17526,7.06,18660,243,50,-560,3351,24.3,1752.6,8,1,0,3,1,5,1,0,0,1,15187,7.18,17195,235,62,23.5,1518.7
1,22,4,1,5,1,9,0,1,0,0,19567,6.75,18397,203,47,1058,1083,20.3,1956.7,17,4,0,1,5,1,0,0,0,1,15888,6.36,16843,194,47,19.4,1588.8
1,23,1,1,9,6,8,0,0,0,1,15432,6.89,18910,240,57,93,-575,24.0,1543.2,15,0,0,6,9,6,0,0,0,0,14685,7.36,18626,195,49,19.5,1468.5
1,18,1,0,10,6,5,1,0,0,0,18957,7.21,18329,207,69,1629,-145,20.7,1895.7,17,4,1,6,10,4,0,0,0,0,16864,6.88,17914,258,42,25.8,1686.4
0,16,1,0,2,6,1,0,0,0,1,17069,6.52,17735,214,36,316,-357,21.4,1706.9,21,5,1,6,2,4,0,1,0,1,15690,7.19,19286,206,65,20.6,1569.0
1,33,4,1,6,1,6,0,1,0,1,17478,7.3,19401,220,53,2999,1962,22.0,1747.8,24,2,0,1,6,3,0,0,0,0,15915,6.83,14526,214,29,21.4,1591.5
0,9,3,0,6,8,5,1,0,0,0,16035,6.29,17064,181,60,-2272,-2229,18.1,1603.5,27,3,1,8,6,8,1,1,0,1,16328,7.01,20035,249,71,24.9,1632.8
0,20,3,1,4,4,3,1,0,1,0,14754,7.32,15123,191,52,-521,-2383,19.1,1475.4,21,4,0,4,4,6,0,1,1,2,19177,7.11,18807,250,63,25.0,1917.7
0,14,0,0,9,7,7,0,0,1,1,16790,7.05,14456,217,57,-436,1566,21.7,1679.0,18,4,1,7,9,6,0,1,0,1,17903,6.99,17113,193,75,19.3,1790.3
1,20,4,0,10,3,8,0,0,0,0,18437,6.65,21231,220,82,1434,3119,22.0,1843.7,17,2,1,3,10,2,0,0,0,0,14769,6.65,16325,180,62,18.0,1476.9
0,14,3,0,5,12,3,0,0,0,0,13654,7.17,13388,178,42,-4590,-1848,17.8,1365.4,22,4,1,12,5,7,0,0,0,1,17364,7.31,19968,240,60,24.0,1736.4
0,12,2,0,1,10,5,0,0,0,1,16850,6.7,18139,212,37,-2261,-1398,21.2,1685.0,22,5,1,10,1,7,1,0,0,1,18434,7.5,17959,227,84,22.7,1843.4
0,16,4,0,2,10,5,0,0,0,1,13630,6.08,13922,157,34,-3784,-3046,15.7,1363.0,32,4,1,10,2,11,1,2,0,2,18826,7.65,21164,240,78,24.0,1882.6
0,7,0,1,11,5,6,0,1,1,0,16604,7.76,19501,223,66,351,784,22.3,1660.4,23,1,0,5,11,6,0,1,0,1,17337,7.16,19212,223,71,22.3,1733.7
0,16,2,0,4,4,1,0,2,0,2,15907,6.57,17891,196,31,-2091,-2879,19.6,1590.7,24,4,1,4,4,3,0,1,1,2,16902,6.51,18295,236,52,23.6,1690.2
0,19,0,0,5,7,6,0,1,0,1,16849,6.24,16853,226,42,-2289,-39,22.6,1684.9,19,3,1,7,5,10,1,0,0,1,17255,6.7,17963,240,56,24.0,1725.5
0,15,4,1,6,4,9,0,1,0,1,18497,7.5,18224,256,54,1924,1071,25.6,1849.7,14,4,0,4,6,0,0,1,0,1,14697,6.76,17667,237,48,23.7,1469.7
0,26,3,1,1,8,0,0,0,0,2,16456,6.84,15788,200,36,-1079,-1385,20.0,1645.6,21,3,0,8,1,5,0,0,0,0,17491,7.22,19032,210,63,21.0,1749.1
1,17,5,0,4,5,5,0,1,0,0,19409,7.44,17859,215,47,1546,-619,21.5,1940.9,19,1,1,5,4,8,0,0,0,0,15120,7.23,18682,203,64,20.3,1512.0
0,18,3,1,3,10,5,0,1,0,0,16377,6.87,17553,227,65,-2544,-1111,22.7,1637.7,26,1,0,10,3,6,0,0,0,1,16048,6.22,17174,187,44,18.7,1604.8
1,18,2,0,4,4,6,1,0,1,0,17679,6.82,21171,229,49,981,972,22.9,1767.9,21,2,1,4,4,6,0,0,1,0,13856,6.83,17556,201,40,20.1,1385.6
1,21,2,1,4,3,7,1,0,1,0,18773,6.6,15772,241,39,1946,553,24.1,1877.3,17,3,0,3,4,6,1,0,0,1,15909,6.87,16357,235,57,23.5,1590.9
1,25,1,1,0,4,3,1,0,0,1,15542,6.46,16420,195,50,-2524,-2873,19.5,1554.2,15,1,0,4,0,6,1,0,0,1,17532,6.91,20021,227,68,22.7,1753.2
0,32,1,0,4,5,8,1,0,0,1,14871,6.61,18260,229,32,676,-646,22.9,1487.1,14,5,1,5,4,8,0,0,1,0,16832,7.08,17429,250,70,25.0,1683.2
1,26,5,0,10,1,8,1,1,0,1,17370,6.6,17175,235,74,3038,1581,23.5,1737.0,14,4,1,1,10,5,0,0,0,1,16322,6.52,15205,217,42,21.7,1632.2
1,26,4,1,6,2,2,1,0,0,1,16464,6.73,19540,231,52,1173,821,23.1,1646.4,26,2,0,2,6,5,0,0,0,1,17061,6.28,17707,214,46,21.4,1706.1
0,26,0,0,2,8,5,0,0,0,0,16581,6.49,17356,194,41,-3262,-2691,19.4,1658.1,28,3,1,8,2,9,1,0,0,1,17136,6.39,16143,179,69,17.9,1713.6
0,23,2,1,9,7,9,1,1,1,2,16493,6.96,19467,221,57,335,2342,22.1,1649.3,15,4,0,7,9,10,1,0,0,0,14830,6.42,16862,200,61,20.0,1483.0
0,26,2,0,7,10,4,0,0,1,0,13551,5.5,15566,187,56,-1840,-1254,18.7,1355.1,24,3,1,10,7,7,1,0,1,1,17109,7.19,18297,195,55,19.5,1710.9
1,27,2,1,14,0,4,2,0,0,2,19520,6.86,20494,248,58,3264,3652,24.8,1952.0,21,0,0,0,14,5,0,0,1,0,15499,6.28,14095,201,76,20.1,1549.9
1,23,3,1,9,4,10,0,0,1,0,20395,7.1,18659,233,37,3676,2527,23.3,2039.5,9,1,0,4,9,6,0,0,0,1,14656,6.5,16694,202,39,20.2,1465.6
0,22,4,1,6,6,4,1,1,0,1,15195,6.73,17391,224,48,1049,1041,22.4,1519.5,18,1,0,6,6,8,0,1,1,1,16396,6.98,15976,213,49,21.3,1639.6
0,11,3,1,5,7,5,0,0,1,0,19243,7.12,18767,203,62,-451,-50,20.3,1924.3,26,1,0,7,5,9,2,1,0,0,16862,6.5,16555,216,64,21.6,1686.2
0,21,4,1,7,10,4,1,0,0,1,15064,6.64,16604,227,41,784,333,22.7,1506.4,27,4,0,10,7,7,0,0,0,2,16842,6.27,17156,226,39,22.6,1684.2
1,14,1,1,7,2,4,0,1,1,1,15258,7.03,19612,204,54,2847,1577,20.4,1525.8,30,1,0,2,7,5,0,0,0,0,16560,6.41,17489,234,52,23.4,1656.0
0,11,2,0,5,5,5,1,0,1,1,14191,6.94,18228,228,53,-275,154,22.8,1419.1,22,3,1,5,5,9,0,1,0,0,16121,7.15,17509,242,62,24.2,1612.1
1,21,1,0,6,4,7,1,1,1,0,16903,7.3,19263,190,48,1007,-928,19.0,1690.3,27,1,1,4,6,4,0,0,0,1,16408,6.74,19002,262,52,26.2,1640.8
1,16,3,1,6,5,8,1,1,1,0,17210,7.14,17686,268,64,2410,3066,26.8,1721.0,26,0,0,5,6,2,0,0,0,0,13338,6.49,15295,230,51,23.0,1333.8
0,19,2,1,0,1,4,0,0,0,1,15606,6.15,17556,269,44,-3592,-150,26.9,1560.6,20,2,0,1,0,9,1,0,0,0,18507,7.12,17765,221,53,22.1,1850.7
0,19,3,0,3,7,3,1,1,0,1,14977,7.23,16341,230,67,-923,203,23.0,1497.7,31,1,1,7,3,5,0,0,0,1,16729,7.74,16412,218,71,21.8,1672.9
0,19,3,1,7,5,7,0,0,0,1,13240,6.95,18724,204,58,-2347,-1355,20.4,1324.0,25,2,0,5,7,8,1,1,0,1,18754,7.53,18656,215,72,21.5,1875.4
0,13,3,0,7,8,4,0,0,0,0,15814,6.27,14427,191,48,-2821,-1067,19.1,1581.4,14,2,1,8,7,8,1,1,0,2,16634,7.37,18395,246,70,24.6,1663.4
0,21,0,0,4,15,0,0,0,0,0,13288,6.53,15333,180,59,-2877,-2033,18.0,1328.8,23,5,1,15,4,9,0,1,0,0,18489,7.74,18378,234,70,23.4,1848.9
1,21,0,1,7,6,9,1,0,0,1,18872,6.75,18360,224,62,1664,2235,22.4,1887.2,20,3,0,6,7,5,1,0,0,0,16924,6.53,15760,263,53,26.3,1692.4
1,26,4,1,8,0,11,1,1,1,1,19845,7.17,19914,255,69,3658,3738,25.5,1984.5,15,3,0,0,8,4,1,0,0,1,12415,5.39,16255,194,35,19.4,1241.5
1,17,5,0,13,2,10,0,1,0,0,18061,7.5,17708,236,69,2987,3294,23.6,1806.1,14,1,1,2,13,7,0,0,0,0,15269,6.41,14350,179,48,17.9,1526.9
0,16,1,0,0,8,3,0,1,0,0,13587,6.56,14424,263,47,-2404,-2377,26.3,1358.7,24,3,1,8,0,7,2,1,0,2,18838,7.0,20349,228,68,22.8,1883.8
1,27,0,0,8,7,6,1,1,1,0,14948,7.19,16657,220,66,1669,72,22.0,1494.8,24,1,1,7,8,5,0,1,0,0,16326,7.06,15747,179,53,17.9,1632.6
1,28,6,1,13,0,5,2,0,1,1,19488,7.41,17512,230,66,2442,1149,23.0,1948.8,14,1,0,0,13,3,1,0,0,0,13910,6.47,13465,235,53,23.5,1391.0
0,15,3,1,5,6,4,0,0,0,1,16075,7.28,16479,212,56,-1777,-1413,21.2,1607.5,27,0,0,6,5,7,1,1,0,1,16768,7.19,19433,219,52,21.9,1676.8
0,17,2,0,6,4,2,0,0,0,0,17208,7.16,20677,227,73,2552,935,22.7,1720.8,22,4,1,4,6,5,0,1,1,0,16581,7.3,16829,236,75,23.6,1658.1
0,11,0,0,4,8,3,0,0,0,0,12583,6.41,16043,181,58,-2653,-4183,18.1,1258.3,27,5,1,8,4,8,1,0,0,2,19310,6.87,19291,226,66,22.6,1931.0
1,17,2,0,7,9,3,0,0,0,1,16880,6.85,17017,240,45,1343,2125,24.0,1688.0,22,3,1,9,7,7,0,0,1,1,16318,6.58,17557,217,55,21.7,1631.8
0,11,2,1,4,5,3,1,0,0,0,13513,6.58,15937,174,48,-1455,110,17.4,1351.3,30,3,0,5,4,6,1,1,0,0,18182,6.98,18847,199,73,19.9,1818.2
1,20,3,0,10,3,8,0,0,0,0,15532,6.83,16266,250,55,1259,-1119,25.0,1553.2,24,2,1,3,10,7,0,0,0,0,15561,6.98,17753,209,53,20.9,1556.1
0,20,0,1,0,13,2,0,0,0,0,15892,6.54,12035,205,27,-2739,-2204,20.5,1589.2,24,5,0,13,0,11,0,0,0,0,17879,6.69,19944,228,78,22.8,1787.9
0,17,2,0,8,5,7,0,1,1,1,16829,6.58,18276,217,75,1655,90,21.7,1682.9,19,0,1,5,8,2,0,0,1,0,16344,6.45,17009,203,36,20.3,1634.4
1,22,2,0,7,3,9,0,0,0,1,17750,7.16,18562,258,52,-13,916,25.8,1775.0,19,3,1,3,7,6,0,0,0,0,16184,6.84,14499,220,24,22.0,1618.4
0,17,4,0,4,6,6,1,0,0,0,13618,7.14,16257,219,59,-279,-1824,21.9,1361.8,15,2,1,6,4,6,0,0,1,0,19337,7.81,21752,264,66,26.4,1933.7
0,23,3,0,4,8,6,0,0,0,0,13730,6.63,15468,189,33,-1972,-3128,18.9,1373.0,27,3,1,8,4,2,1,1,1,0,18369,7.09,17196,232,64,23.2,1836.9
0,13,0,0,0,10,3,0,1,0,0,12102,6.34,14070,182,39,-4293,-2678,18.2,1210.2,17,1,1,10,0,11,0,1,1,0,19900,7.43,18854,211,68,21.1,1990.0
0,17,0,0,6,5,6,0,0,0,1,15754,6.23,17816,205,50,-167,-414,20.5,1575.4,26,4,1,5,6,6,0,1,1,0,16283,7.05,18905,211,53,21.1,1628.3
0,15,2,1,6,4,0,0,0,1,0,14915,6.26,15320,223,60,-619,-376,22.3,1491.5,19,0,0,4,6,8,0,0,0,0,18601,6.58,16656,227,65,22.7,1860.1
0,11,0,1,3,10,4,1,0,0,2,13907,6.06,15607,212,47,-1967,-1696,21.2,1390.7,19,3,0,10,3,8,1,1,0,0,17668,7.22,20536,254,68,25.4,1766.8
1,24,2,0,7,4,11,0,1,0,1,17762,6.89,15847,218,66,1558,802,21.8,1776.2,22,2,1,4,7,1,0,0,0,1,16696,6.53,15360,219,54,21.9,1669.6
0,18,0,1,5,6,7,1,0,0,0,17584,6.65,19407,217,54,651,-2425,21.7,1758.4,28,5,0,6,5,9,1,1,0,0,14777,6.83,17470,237,62,23.7,1477.7
0,18,0,1,3,10,6,0,0,0,0,15541,6.45,17100,271,43,-2470,-591,27.1,1554.1,29,4,0,10,3,7,1,1,1,1,17838,7.03,18730,257,62,25.7,1783.8
0,25,2,1,5,6,3,0,1,1,1,14459,6.78,15938,192,43,-756,-198,19.2,1445.9,14,2,0,6,5,10,1,0,0,1,18797,6.92,19568,222,67,22.2,1879.7
1,29,2,1,6,3,8,1,0,0,0,16416,7.57,18448,228,69,1958,1689,22.8,1641.6,28,0,0,3,6,2,0,0,0,0,14960,6.51,17118,232,44,23.2,1496.0
0,13,6,1,10,8,9,0,0,0,0,16122,7.27,19322,239,49,-417,1415,23.9,1612.2,21,0,0,8,10,8,1,1,0,0,15009,6.97,15965,212,46,21.2,1500.9
1,23,3,0,6,7,7,0,0,0,0,16491,7.44,18549,245,53,367,-252,24.5,1649.1,22,3,1,7,6,3,0,1,0,1,15393,7.31,18961,203,67,20.3,1539.3
1,22,1,0,6,3,9,2,0,0,0,18570,6.49,17601,226,47,1117,2458,22.6,1857.0,16,2,1,3,6,3,1,0,1,0,15579,6.93,17664,200,55,20.0,1557.9
0,15,0,0,4,6,1,1,1,0,0,16021,6.69,15279,170,49,-1318,-1955,17.0,1602.1,20,3,1,6,4,8,1,1,0,1,18493,7.24,20763,226,65,22.6,1849.3
1,22,3,1,6,6,4,1,1,0,0,19030,6.81,16765,250,60,916,-369,25.0,1903.0,22,2,0,6,6,6,0,1,0,2,17684,6.37,18910,203,71,20.3,1768.4
0,12,1,0,9,7,3,0,0,1,0,16571,7.16,18645,246,54,-97,208,24.6,1657.1,12,0,1,7,9,5,0,1,0,2,17573,6.51,17872,230,60,23.0,1757.3
0,26,4,0,7,6,6,1,1,0,0,15191,6.53,16537,210,33,957,-934,21.0,1519.1,18,3,1,6,7,10,1,1,1,0,18698,6.76,18836,256,42,25.6,1869.8
1,23,3,0,7,5,6,0,1,1,2,17032,7.05,18770,234,65,-227,1303,23.4,1703.2,22,3,1,5,7,6,1,0,1,1,13905,6.61,18083,207,46,20.7,1390.5
0,14,0,0,6,6,4,0,0,1,1,13214,6.54,16999,245,46,-2751,-530,24.5,1321.4,25,2,1,6,6,9,0,1,1,0,19410,7.13,16216,242,60,24.2,1941.0
1,18,1,0,8,4,5,1,0,1,1,17191,7.17,17627,228,77,235,2120,22.8,1719.1,18,3,1,4,8,7,0,0,0,1,14865,7.05,16063,210,60,21.0,1486.5
0,13,1,1,5,2,5,0,0,0,0,16832,7.47,16509,234,63,581,33,23.4,1683.2,5,2,0,2,5,7,1,0,0,0,13954,6.82,16908,229,64,22.9,1395.4
0,13,1,0,2,13,0,0,0,0,0,10962,5.46,15081,191,47,-5603,-4206,19.1,1096.2,22,4,1,13,2,15,1,1,0,1,20146,7.48,23018,245,70,24.5,2014.6
1,20,1,0,4,4,11,1,1,0,2,19703,7.06,19233,218,42,2820,1418,21.8,1970.3,24,1,1,4,4,5,0,0,0,0,15329,6.87,15726,193,36,19.3,1532.9
0,7,1,0,0,16,4,0,0,0,1,11338,6.74,13795,176,31,-5872,-4435,17.6,1133.8,23,3,1,16,0,8,1,0,0,2,19836,7.14,22272,293,70,29.3,1983.6
1,23,0,0,6,7,9,0,0,0,0,15039,7.09,16681,235,57,-625,-1727,23.5,1503.9,19,4,1,7,6,9,0,1,0,0,18647,7.35,19960,204,75,20.4,1864.7
1,28,3,1,9,2,7,2,1,0,1,16064,7.35,17224,220,61,515,2752,22.0,1606.4,19,0,0,2,9,0,0,1,0,0,13724,6.95,17069,185,42,18.5,1372.4
1,19,2,1,6,10,2,1,0,0,0,16234,6.52,16567,236,37,-181,-1102,23.6,1623.4,16,1,0,10,6,8,0,0,0,0,18307,6.25,17907,240,41,24.0,1830.7
0,16,3,0,6,10,5,0,0,0,0,16781,6.27,15945,199,35,-3267,-2789,19.9,1678.1,18,2,1,10,6,6,1,0,0,2,17308,6.91,16865,197,71,19.7,1730.8
0,20,2,0,4,9,7,0,0,0,1,15209,6.67,15396,200,49,-1708,-644,20.0,1520.9,20,0,1,9,4,9,1,1,0,1,18859,6.86,16983,279,45,27.9,1885.9
1,22,1,1,7,4,9,0,0,0,1,19246,7.11,19322,269,60,1515,2861,26.9,1924.6,19,3,0,4,7,3,0,0,0,1,16340,6.53,17516,200,49,20.0,1634.0
0,11,3,1,4,10,2,0,0,0,1,13012,6.01,14839,198,23,-3794,-2048,19.8,1301.2,20,5,0,10,4,12,1,0,0,1,20618,7.49,20866,222,75,22.2,2061.8
1,19,2,1,7,1,7,1,1,1,1,18867,7.01,17179,206,78,2141,2156,20.6,1886.7,19,2,0,1,7,5,0,0,0,2,14051,6.67,15230,225,34,22.5,1405.1
1,18,3,1,5,6,7,1,0,1,0,15510,7.73,15035,222,55,477,-281,22.2,1551.0,25,1,0,6,5,1,0,1,0,1,15585,6.58,17767,190,65,19.0,1558.5
0,19,0,0,4,8,5,0,1,0,0,13555,6.74,16476,167,57,-418,-2802,16.7,1355.5,32,2,1,8,4,9,1,1,1,0,18328,7.44,18934,281,66,28.1,1832.8
0,19,2,1,5,8,6,1,1,0,1,16194,6.21,15707,235,64,-597,824,23.5,1619.4,18,3,0,8,5,10,0,0,1,1,17729,7.38,17937,202,75,20.2,1772.9
1,19,0,0,3,11,1,0,0,0,0,16758,7.23,15797,175,42,-1140,-827,17.5,1675.8,26,2,1,11,3,8,0,0,0,1,18086,6.67,18506,245,65,24.5,1808.6
1,14,3,0,7,6,5,1,0,0,1,16666,6.91,17539,216,62,2239,3255,21.6,1666.6,18,3,1,6,7,6,0,0,0,0,14533,6.36,16198,200,42,20.0,1453.3
1,25,4,0,5,5,7,1,0,1,0,17898,7.73,19800,265,55,346,643,26.5,1789.8,24,1,1,5,5,5,0,1,0,1,15570,7.35,14149,181,23,18.1,1557.0
0,17,0,0,0,6,5,0,0,0,0,11723,6.8,13504,195,53,-2889,-778,19.5,1172.3,20,4,1,6,0,8,1,1,0,1,19645,7.01,20697,208,53,20.8,1964.5
0,32,1,1,9,6,7,0,0,0,1,14628,5.77,18166,231,61,-1246,-868,23.1,1462.8,32,2,0,6,9,9,1,1,0,0,17712,7.02,17170,238,78,23.8,1771.2
0,16,2,1,4,4,3,0,0,0,0,18409,5.95,14549,203,43,466,-1036,20.3,1840.9,19,2,0,4,4,6,0,0,1,0,17939,6.98,18640,263,49,26.3,1793.9
1,24,1,1,9,5,4,1,1,0,2,17735,7.21,19923,245,55,2906,1720,24.5,1773.5,18,5,0,5,9,3,0,0,0,0,16523,5.51,15306,196,30,19.6,1652.3
0,31,0,1,0,9,7,0,0,0,0,13853,6.72,15539,186,37,-3538,-681,18.6,1385.3,20,2,0,9,0,3,2,1,0,0,17731,6.92,20155,245,38,24.5,1773.1
1,24,3,1,15,2,12,1,1,0,2,19495,7.51,19702,235,71,2325,1738,23.5,1949.5,7,0,0,2,15,3,0,0,0,0,14885,6.22,15076,187,38,18.7,1488.5
1,20,2,1,4,4,6,0,0,0,2,15166,7.24,17828,192,51,-864,-151,19.2,1516.6,16,1,0,4,4,6,0,0,0,1,15448,7.14,15230,216,43,21.6,1544.8
0,13,1,0,1,11,3,0,0,0,0,15608,6.55,15762,211,36,-1816,228,21.1,1560.8,16,2,1,11,1,9,2,1,0,1,19233,7.09,17721,243,69,24.3,1923.3
0,26,2,0,4,8,4,1,0,0,0,16299,6.21,17507,228,55,-1298,-1227,22.8,1629.9,24,0,1,8,4,7,1,1,0,1,16657,7.07,17633,229,69,22.9,1665.7
0,13,3,1,2,7,7,0,0,0,1,14966,6.56,15902,212,38,-1415,-185,21.2,1496.6,22,2,0,7,2,6,1,0,0,1,19104,7.41,16690,204,68,20.4,1910.4
0,20,1,1,4,9,5,0,0,0,1,16451,5.91,14273,210,38,-2762,-1028,21.0,1645.1,21,2,0,9,4,6,1,0,1,0,19548,7.1,18759,286,52,28.6,1954.8
0,18,0,0,3,6,5,0,1,0,1,14722,6.8,17008,199,53,-87,-145,19.9,1472.2,26,0,1,6,3,7,1,0,1,0,16554,6.59,16503,182,63,18.2,1655.4
0,17,0,0,6,8,9,0,0,0,0,14331,7.02,15346,226,50,-1313,-1470,22.6,1433.1,21,3,1,8,6,9,1,0,1,1,18533,7.01,19019,220,75,22.0,1853.3
0,9,2,1,3,13,0,0,0,0,0,15031,6.88,14964,212,44,-3422,-2654,21.2,1503.1,29,6,0,13,3,11,1,0,0,2,18567,7.46,19812,242,58,24.2,1856.7
1,26,2,0,5,9,4,0,1,0,1,17087,6.63,15523,229,57,-1468,-1266,22.9,1708.7,25,4,1,9,5,9,0,0,0,1,18368,6.95,18875,199,55,19.9,1836.8
0,15,0,1,0,10,1,0,0,0,0,13416,6.59,16359,174,34,-3168,-3661,17.4,1341.6,25,2,0,10,0,12,0,1,1,0,18572,7.7,19492,239,81,23.9,1857.2
0,12,0,0,3,6,5,0,0,0,1,14633,6.22,18242,231,59,-2602,-2219,23.1,1463.3,10,3,1,6,3,4,1,1,1,0,17090,6.89,17856,250,63,25.0,1709.0
0,24,2,0,4,9,7,0,0,0,1,15503,7.0,15937,219,48,-1181,-1240,21.9,1550.3,20,2,1,9,4,9,0,0,0,1,19322,6.77,17170,200,59,20.0,1932.2
0,16,1,1,1,6,6,0,0,0,1,12903,6.41,17101,203,57,-1672,427,20.3,1290.3,17,2,0,6,1,10,1,1,0,2,19968,7.28,17501,237,52,23.7,1996.8
1,26,4,1,8,5,10,1,1,1,1,19320,7.25,22826,245,62,3080,2449,24.5,1932.0,19,1,0,5,8,3,1,0,0,0,14078,6.83,15259,196,38,19.6,1407.8
0,24,3,0,8,9,3,0,0,0,1,16912,7.14,17785,208,38,-1312,-62,20.8,1691.2,20,2,1,9,8,7,1,1,0,0,16635,7.38,16403,208,66,20.8,1663.5
0,23,2,0,7,7,9,1,0,0,1,15922,6.81,16182,224,71,262,1208,22.4,1592.2,21,3,1,7,7,4,0,1,0,0,15381,6.57,19070,183,52,18.3,1538.1
0,5,3,0,2,7,0,0,0,0,0,13999,6.62,14763,208,32,-2671,-1616,20.8,1399.9,20,3,1,7,2,11,0,0,0,1,18528,7.6,20614,224,55,22.4,1852.8
0,22,2,0,6,6,4,0,0,1,0,15586,6.61,15806,215,43,-1530,-1306,21.5,1558.6,24,2,1,6,6,3,1,0,1,1,17290,6.6,17665,230,59,23.0,1729.0
0,20,3,0,6,5,6,1,0,0,1,15009,7.1,18073,264,65,1189,195,26.4,1500.9,24,2,1,5,6,6,1,0,0,1,19543,6.95,17126,235,53,23.5,1954.3
0,16,0,0,4,6,2,0,1,0,0,14982,6.64,17723,204,57,-2982,-2112,20.4,1498.2,33,2,1,6,4,5,2,0,0,1,15825,7.73,18597,239,65,23.9,1582.5
0,21,1,0,9,3,6,1,1,0,2,16071,7.52,16369,229,66,1239,980,22.9,1607.1,24,3,1,3,9,5,0,0,0,0,15138,6.32,15269,230,40,23.0,1513.8
1,10,0,1,5,9,6,0,0,0,1,14021,6.33,17679,180,25,-2266,-2367,18.0,1402.1,21,3,0,9,5,6,1,1,0,2,15880,7.16,19177,227,52,22.7,1588.0
0,20,1,1,6,8,9,1,1,1,0,15475,7.09,17456,219,46,166,-99,21.9,1547.5,27,3,0,8,6,10,1,1,0,0,17073,6.77,16998,219,53,21.9,1707.3
0,12,2,0,8,10,5,2,0,0,1,17497,6.74,17653,205,48,310,-1742,20.5,1749.7,25,7,1,10,8,7,0,0,1,0,18747,7.47,19378,207,63,20.7,1874.7
1,19,2,1,6,5,2,1,1,0,1,17759,7.09,18275,206,48,1239,-89,20.6,1775.9,16,0,0,5,6,4,1,0,0,0,15361,7.03,17845,204,57,20.4,1536.1
1,20,2,1,2,7,5,0,0,0,1,17440,6.49,15847,230,42,-291,-1647,23.0,1744.0,27,6,0,7,2,6,1,1,1,1,17887,7.28,18622,194,68,19.4,1788.7
0,25,1,1,8,4,4,1,0,0,0,15393,7.38,17774,235,64,618,-657,23.5,1539.3,21,3,0,4,8,10,1,0,0,1,17286,6.55,19023,235,58,23.5,1728.6
0,15,3,0,5,7,6,0,1,0,0,15823,7.02,18525,222,63,-1992,350,22.2,1582.3,20,4,1,7,5,7,0,1,0,2,18203,6.91,17501,225,53,22.5,1820.3
0,26,4,0,3,6,5,1,0,0,1,15787,6.27,18141,206,42,-3273,-1481,20.6,1578.7,26,2,1,6,3,6,1,1,1,1,17525,6.47,17852,202,66,20.2,1752.5
0,26,2,0,9,4,2,2,0,1,0,17294,7.34,19582,237,59,356,660,23.7,1729.4,15,5,1,4,9,7,0,0,0,1,14812,6.5,15214,201,63,20.1,1481.2
0,18,1,0,7,4,6,0,0,0,0,18172,7.64,17170,249,45,931,836,24.9,1817.2,9,4,1,4,7,7,1,0,0,0,17952,6.76,17658,219,50,21.9,1795.2
0,14,1,0,3,5,7,1,0,0,0,17185,6.54,19110,242,66,610,1395,24.2,1718.5,16,2,1,5,3,6,1,1,0,0,16741,6.15,18027,244,50,24.4,1674.1
1,12,2,0,7,8,5,2,1,0,0,16997,6.46,18317,214,44,-447,-1293,21.4,1699.7,21,0,1,8,7,7,1,1,1,1,14881,6.51,17089,256,63,25.6,1488.1
0,23,2,1,12,4,5,1,1,0,1,17273,7.6,19740,245,51,1323,1774,24.5,1727.3,16,1,0,4,12,5,1,1,0,1,14068,6.65,16662,169,40,16.9,1406.8
1,16,0,0,6,10,7,1,1,1,1,17083,6.61,15660,230,69,-69,-880,23.0,1708.3,25,3,1,10,6,7,0,1,0,0,17859,6.84,17955,230,66,23.0,1785.9
0,25,0,0,5,4,1,0,1,0,0,15487,7.16,16415,251,58,-917,104,25.1,1548.7,25,1,1,4,5,7,0,1,0,1,19616,7.16,18749,211,53,21.1,1961.6
0,17,4,0,3,8,7,0,0,0,1,19519,7.01,17826,259,38,1297,-661,25.9,1951.9,18,5,1,8,3,8,0,0,0,1,15426,7.21,17461,178,65,17.8,1542.6
1,19,5,1,14,1,8,2,0,0,2,18503,7.16,20824,235,61,3762,2446,23.5,1850.3,20,0,0,1,14,0,1,0,0,0,15472,6.45,15586,216,43,21.6,1547.2
0,18,4,0,2,9,4,0,0,0,0,14796,6.58,13881,220,45,-950,-2715,22.0,1479.6,21,5,1,9,2,7,1,0,0,1,17364,6.98,18179,263,64,26.3,1736.4
1,18,3,1,5,5,7,0,0,1,1,18501,7.48,17027,209,41,2958,3016,20.9,1850.1,26,1,0,5,5,7,0,0,0,1,15047,6.97,16292,205,49,20.5,1504.7
0,16,0,0,2,12,3,1,0,0,0,16734,6.58,15181,203,27,-3112,-3098,20.3,1673.4,33,3,1,12,2,12,2,1,0,2,19166,6.85,18059,256,65,25.6,1916.6
1,25,1,1,9,8,10,1,0,1,1,18095,6.62,16399,228,54,1517,70,22.8,1809.5,17,3,0,8,9,5,1,0,0,1,14625,7.38,16795,201,48,20.1,1462.5
1,24,1,1,12,5,11,0,1,1,1,17685,7.17,19059,239,74,2652,872,23.9,1768.5,10,2,0,5,12,5,0,0,0,0,15455,6.36,14751,203,71,20.3,1545.5
1,22,0,1,6,4,9,1,1,0,1,18468,7.37,17992,241,70,1162,1022,24.1,1846.8,16,0,0,4,6,3,0,0,0,0,16158,6.46,16892,235,47,23.5,1615.8
0,21,2,0,6,9,8,0,0,0,0,14829,7.56,15100,223,76,1168,-548,22.3,1482.9,26,1,1,9,6,1,1,0,0,1,18286,6.79,16238,220,63,22.0,1828.6
0,10,3,1,5,8,1,0,1,0,1,15089,7.02,17069,211,54,630,-1409,21.1,1508.9,12,2,0,8,5,4,0,0,1,2,15030,6.91,17239,211,42,21.1,1503.0
1,22,5,0,8,0,6,1,0,0,1,15618,7.75,17307,197,52,756,-1961,19.7,1561.8,22,2,1,0,8,5,0,0,0,1,15391,7.21,16424,219,64,21.9,1539.1
0,20,2,1,7,7,6,0,0,1,1,15641,6.76,15155,203,59,-423,-555,20.3,1564.1,16,1,0,7,7,5,0,1,0,1,17363,7.17,17631,209,54,20.9,1736.3
0,23,0,1,5,7,6,0,0,1,0,16331,6.96,15695,226,54,-1396,-2385,22.6,1633.1,15,0,0,7,5,9,1,1,1,1,16924,6.44,17551,216,53,21.6,1692.4
0,22,2,0,7,6,5,0,1,0,0,17412,6.94,18108,203,45,828,-764,20.3,1741.2,25,2,1,6,7,10,0,1,0,0,17229,7.16,16692,243,52,24.3,1722.9
1,19,2,1,3,7,8,1,1,0,1,18281,7.62,17278,230,59,292,-260,23.0,1828.1,20,3,0,7,3,7,1,1,0,1,15955,7.26,17114,225,51,22.5,1595.5
0,24,1,1,5,8,2,1,0,0,1,14819,6.73,16482,218,52,-1111,-1578,21.8,1481.9,28,3,0,8,5,8,1,0,1,1,16147,7.04,18837,230,76,23.0,1614.7
0,17,2,1,5,6,9,0,0,0,1,13635,7.1,16773,190,68,-1737,-2013,19.0,1363.5,29,3,0,6,5,5,1,0,1,1,17842,7.23,18293,193,59,19.3,1784.2
0,19,0,0,3,12,5,0,1,0,1,15179,6.53,13247,230,43,-2201,-2393,23.0,1517.9,19,1,1,12,3,9,1,0,0,2,18928,7.68,18167,221,50,22.1,1892.8
1,19,2,1,6,2,4,0,0,0,3,17313,6.76,19821,234,56,166,-994,23.4,1731.3,19,2,0,2,6,8,0,0,0,0,17367,6.58,16505,218,65,21.8,1736.7
0,23,3,1,7,2,10,0,0,0,1,15094,7.65,18769,227,46,1478,-439,22.7,1509.4,21,4,0,2,7,6,0,0,1,1,16301,6.27,15131,203,47,20.3,1630.1
1,19,4,1,5,3,4,1,0,0,1,16390,6.92,18308,223,39,-177,-820,22.3,1639.0,16,2,0,3,5,6,0,0,0,1,16128,6.67,15997,222,41,22.2,1612.8
0,30,3,1,14,5,8,0,1,0,1,16615,7.21,19559,199,58,1739,3315,19.9,1661.5,23,1,0,5,14,3,1,0,0,0,14181,6.71,18740,221,43,22.1,1418.1
0,30,4,1,9,7,6,1,1,0,0,14055,6.61,17475,187,70,336,1309,18.7,1405.5,21,2,0,7,9,1,0,1,1,0,17196,7.15,19018,245,54,24.5,1719.6
1,25,2,1,9,3,6,0,1,0,1,17235,7.33,17956,248,54,650,1504,24.8,1723.5,18,1,0,3,9,8,0,0,0,0,15755,6.34,18579,194,50,19.4,1575.5
1,28,2,0,6,4,6,1,0,0,1,16148,6.53,20828,210,56,297,1357,21.0,1614.8,18,1,1,4,6,4,1,0,0,2,17332,7.16,16486,187,46,18.7,1733.2
1,12,4,1,4,6,6,0,1,0,0,15621,6.45,15483,205,62,-348,-694,20.5,1562.1,27,1,0,6,4,7,0,1,0,1,17586,6.88,18665,240,77,24.0,1758.6
0,12,0,0,4,5,2,0,0,0,0,15844,7.18,17584,179,62,-881,-1654,17.9,1584.4,19,2,1,5,4,2,1,1,1,0,16806,6.8,18755,241,62,24.1,1680.6
1,23,3,0,11,3,11,1,2,1,1,17261,7.48,19002,262,64,3199,4638,26.2,1726.1,22,2,1,3,11,2,0,0,0,1,13836,6.52,15252,193,41,19.3,1383.6
0,19,3,1,2,10,5,0,0,0,0,14523,6.66,18706,217,55,-1531,332,21.7,1452.3,22,1,0,10,2,7,0,0,0,0,17821,7.17,18416,221,55,22.1,1782.1
0,18,1,0,6,7,10,0,1,1,0,15851,6.34,16728,217,48,-390,-360,21.7,1585.1,12,4,1,7,6,7,1,0,0,1,18177,7.2,17850,241,52,24.1,1817.7
0,13,2,0,9,6,11,1,0,0,0,17762,7.2,16223,232,46,1069,389,23.2,1776.2,10,2,1,6,9,8,0,1,0,0,18543,6.89,14228,229,51,22.9,1854.3
1,26,2,0,2,6,5,1,1,0,0,18472,7.28,18500,232,44,353,1615,23.2,1847.2,18,3,1,6,2,6,0,0,0,0,16476,6.25,16208,218,51,21.8,1647.6
0,28,1,0,1,12,3,1,0,0,0,14781,6.71,17042,201,54,-1995,-2059,20.1,1478.1,25,2,1,12,1,13,1,1,1,1,18346,7.38,18925,233,60,23.3,1834.6
1,29,4,1,11,8,7,1,1,0,1,18763,6.57,19390,230,71,2293,868,23.0,1876.3,19,1,0,8,11,3,0,1,0,2,13184,6.95,15526,203,51,20.3,1318.4
1,25,3,0,7,5,5,1,2,0,1,16477,7.28,18514,211,39,400,272,21.1,1647.7,18,2,1,5,7,3,2,2,0,2,16486,6.55,17527,201,62,20.1,1648.6
0,19,1,0,2,8,6,0,1,0,0,15992,6.75,17900,175,53,-2068,64,17.5,1599.2,22,2,1,8,2,8,2,1,1,2,17935,6.94,18087,237,79,23.7,1793.5
1,18,4,0,10,5,8,1,1,0,1,16782,7.04,20061,207,75,2294,1106,20.7,1678.2,21,0,1,5,10,6,1,1,1,0,14514,6.83,15662,199,37,19.9,1451.4
0,22,3,1,6,5,6,1,1,0,1,16525,7.1,17746,263,67,1097,872,26.3,1652.5,5,4,0,5,6,1,0,1,0,0,15697,7.22,18001,237,53,23.7,1569.7
0,28,3,1,3,7,5,0,1,0,0,14599,6.21,17614,237,40,-2207,-2445,23.7,1459.9,22,2,0,7,3,8,1,0,0,1,18201,6.92,20252,218,59,21.8,1820.1
1,22,1,0,7,0,5,1,1,0,0,18971,7.56,20411,195,68,3331,1977,19.5,1897.1,15,0,1,0,7,0,1,0,0,0,14745,6.15,16075,179,58,17.9,1474.5
1,19,5,1,7,3,6,0,1,0,1,15924,6.99,17713,237,61,1018,1741,23.7,1592.4,24,1,0,3,7,8,0,1,1,0,14270,6.17,17849,219,43,21.9,1427.0
1,26,2,1,8,7,9,1,0,0,0,14563,7.19,18055,196,47,-778,-853,19.6,1456.3,19,2,0,7,8,11,0,1,0,0,17422,7.14,16721,219,63,21.9,1742.2
1,29,0,1,8,2,13,2,0,1,0,17617,7.46,20090,285,78,2821,1986,28.5,1761.7,9,2,0,2,8,2,0,0,0,1,16325,6.56,15752,177,50,17.7,1632.5
0,16,5,0,8,3,10,2,1,0,1,15830,7.05,17881,200,61,845,135,20.0,1583.0,24,0,1,3,8,0,0,1,0,1,16733,7.39,19102,191,57,19.1,1673.3
0,19,2,1,6,5,3,0,0,0,0,16854,7.1,15724,230,77,393,2407,23.0,1685.4,15,1,0,5,6,6,2,1,0,0,16877,6.85,18632,209,54,20.9,1687.7
0,16,1,1,7,11,2,0,1,0,1,13079,7.03,18191,213,42,-891,-2560,21.3,1307.9,19,2,0,11,7,8,1,0,1,1,17563,7.61,17857,243,77,24.3,1756.3
0,22,1,0,6,2,6,0,1,1,0,20063,6.62,19235,239,60,1570,863,23.9,2006.3,13,4,1,2,6,1,0,0,1,0,15499,6.27,17056,217,51,21.7,1549.9
1,26,3,1,10,4,7,1,1,0,0,16099,7.38,17350,247,69,-423,-803,24.7,1609.9,18,3,0,4,10,7,1,0,0,1,14836,6.96,20024,166,50,16.6,1483.6
0,16,1,1,8,5,4,1,1,0,0,14555,6.29,18178,199,34,567,321,19.9,1455.5,21,2,0,5,8,10,0,0,0,0,17633,6.48,17046,200,60,20.0,1763.3
0,24,1,0,5,12,0,0,0,0,0,13756,6.66,16915,241,53,-1370,-1489,24.1,1375.6,15,5,1,12,5,11,0,1,0,2,16988,7.1,19037,247,71,24.7,1698.8
1,21,1,1,7,2,9,0,0,0,2,16496,7.42,15646,208,37,-493,510,20.8,1649.6,26,3,0,2,7,7,0,0,0,1,16718,7.19,17811,236,61,23.6,1671.8
0,31,2,1,5,4,8,0,1,0,1,15253,6.96,17307,185,37,-1010,230,18.5,1525.3,14,0,0,4,5,9,0,0,0,0,15728,6.33,16067,206,49,20.6,1572.8
0,19,1,0,2,9,2,0,0,0,0,14389,6.48,16185,194,43,-3529,-1895,19.4,1438.9,29,0,1,9,2,8,1,0,0,1,17115,7.47,21593,228,44,22.8,1711.5
0,17,3,0,3,10,5,0,0,0,1,13941,6.37,17738,199,56,-877,-2404,19.9,1394.1,25,3,1,10,3,7,1,0,0,0,17023,7.49,19588,203,52,20.3,1702.3
0,24,3,1,5,7,9,1,0,0,0,17399,6.65,18360,251,55,2409,1137,25.1,1739.9,8,4,0,7,5,7,1,0,1,1,16182,6.48,17471,251,44,25.1,1618.2
0,13,1,0,0,14,0,1,0,0,2,12702,6.87,16331,201,30,-4513,-3615,20.1,1270.2,29,1,1,14,0,14,2,2,1,2,20804,7.45,22353,256,70,25.6,2080.4
0,11,3,0,4,4,8,0,0,0,0,17263,6.43,17423,233,60,1160,2944,23.3,1726.3,19,4,1,4,4,3,0,1,0,0,16838,6.5,16190,200,59,20.0,1683.8
0,18,2,0,6,8,5,1,1,1,0,17801,6.37,16609,200,58,-979,62,20.0,1780.1,27,2,1,8,6,6,1,0,0,1,17769,7.34,19417,251,66,25.1,1776.9
1,21,1,1,10,3,2,0,1,1,1,17837,6.63,17077,259,68,1491,3168,25.9,1783.7,12,2,0,3,10,5,0,1,0,0,14183,6.25,14976,191,46,19.1,1418.3
1,11,4,0,8,6,8,0,1,0,0,14537,7.34,16797,223,35,-1259,-2114,22.3,1453.7,20,3,1,6,8,12,0,0,1,0,16558,6.89,18879,229,56,22.9,1655.8
1,21,4,1,7,7,8,1,0,0,0,18514,6.98,17862,238,62,457,1526,23.8,1851.4,10,0,0,7,7,3,1,0,0,1,15892,6.65,15491,220,52,22.0,1589.2
0,9,4,0,3,7,1,1,0,0,0,16397,7.04,16277,242,63,-1064,-927,24.2,1639.7,24,4,1,7,3,9,0,0,0,1,18411,6.6,18330,217,61,21.7,1841.1
1,18,4,1,3,9,7,0,0,1,1,16510,7.15,16987,212,57,-219,1132,21.2,1651.0,28,0,0,9,3,2,0,0,0,1,15857,6.77,17243,229,50,22.9,1585.7
1,23,2,1,8,5,8,0,0,0,0,17739,7.28,17232,264,64,1162,2030,26.4,1773.9,21,0,0,5,8,6,0,0,1,1,15763,7.25,16759,209,56,20.9,1576.3
0,20,0,0,8,9,6,0,0,0,0,15177,6.84,15737,228,65,-271,-299,22.8,1517.7,24,2,1,9,8,6,0,0,0,1,19233,7.28,19515,223,73,22.3,1923.3
1,20,1,1,8,0,3,1,1,1,2,19494,7.22,18825,251,50,654,159,25.1,1949.4,17,0,0,0,8,1,0,0,0,0,14732,5.96,17704,230,29,23.0,1473.2
0,18,2,1,4,8,3,0,0,1,0,16225,7.1,17031,214,48,-4329,-1171,21.4,1622.5,22,3,0,8,4,6,1,0,0,0,17023,6.38,19455,218,57,21.8,1702.3
1,17,2,1,7,6,4,0,0,0,0,17211,6.99,19683,217,46,1306,1034,21.7,1721.1,22,0,0,6,7,9,1,1,0,1,16514,6.72,18018,212,56,21.2,1651.4
1,22,2,1,9,5,7,0,0,0,1,17389,6.91,19204,276,57,1147,610,27.6,1738.9,20,0,0,5,9,4,1,0,0,0,15843,6.86,18480,205,44,20.5,1584.3
1,22,0,0,10,8,3,1,1,1,1,15300,7.51,16316,227,49,1192,2292,22.7,1530.0,19,3,1,8,10,1,0,0,0,0,14779,6.7,17109,225,35,22.5,1477.9
1,19,3,1,14,3,7,1,1,0,1,20110,7.56,20403,230,67,1832,3454,23.0,2011.0,11,2,0,3,14,1,0,1,0,0,14783,6.02,14575,194,11,19.4,1478.3
0,20,0,0,5,5,8,0,0,0,1,15532,5.94,18242,192,67,-1879,-1544,19.2,1553.2,23,3,1,5,5,13,1,0,1,0,18137,7.09,18591,190,47,19.0,1813.7
1,19,0,0,4,10,6,0,0,0,0,15736,6.4,16084,241,44,-1335,-1942,24.1,1573.6,17,0,1,10,4,4,0,0,0,1,18120,6.95,20773,231,64,23.1,1812.0
0,17,3,0,3,10,6,0,0,0,1,13393,6.58,17805,223,51,-1845,392,22.3,1339.3,16,1,1,10,3,9,2,2,1,1,17982,7.06,18199,244,77,24.4,1798.2
1,33,1,0,7,3,11,0,1,0,1,17228,7.58,17940,204,74,637,2299,20.4,1722.8,24,1,1,3,7,12,2,1,0,1,13440,6.49,17831,221,57,22.1,1344.0
1,20,1,1,7,4,2,0,1,0,1,16907,7.05,17408,222,51,1342,1699,22.2,1690.7,17,1,0,4,7,2,1,0,0,0,16294,6.8,17768,213,67,21.3,1629.4
1,19,2,0,5,7,6,1,2,1,1,14391,6.67,16950,220,52,1473,887,22.0,1439.1,26,2,1,7,5,6,0,0,0,0,15920,6.9,18418,198,51,19.8,1592.0
0,16,3,1,4,8,4,0,0,0,1,13116,6.25,16723,192,48,-2704,-1325,19.2,1311.6,22,0,0,8,4,7,1,1,0,1,17787,7.19,18221,255,63,25.5,1778.7
1,17,2,1,9,7,7,0,0,1,1,17889,7.1,17324,244,55,2196,2166,24.4,1788.9,25,2,0,7,9,8,0,0,0,0,16469,7.34,18125,220,66,22.0,1646.9
1,21,4,1,3,9,0,1,0,0,0,17895,6.94,15527,203,61,-3565,-606,20.3,1789.5,25,2,0,9,3,9,1,1,0,0,15620,7.08,21027,212,54,21.2,1562.0
1,19,1,1,8,0,11,1,1,1,2,19664,7.81,19523,235,52,3813,1874,23.5,1966.4,18,0,0,0,8,6,0,0,0,1,14452,6.57,14944,198,45,19.8,1445.2
1,23,1,0,13,0,13,1,1,0,1,18309,7.14,22966,233,70,5126,3183,23.3,1830.9,17,1,1,0,13,0,0,0,0,1,12151,6.42,17622,163,40,16.3,1215.1
1,18,0,0,5,4,5,1,0,1,0,17239,7.06,16894,213,69,368,143,21.3,1723.9,19,3,1,4,5,3,0,0,0,0,16084,7.18,16720,215,48,21.5,1608.4
1,16,0,1,9,6,9,1,1,1,0,16458,6.9,20116,207,60,775,-738,20.7,1645.8,23,0,0,6,9,6,0,0,0,0,18526,6.8,17179,211,59,21.1,1852.6
0,10,2,0,4,8,5,0,0,0,0,16588,6.74,18803,268,45,-907,-1781,26.8,1658.8,22,2,1,8,4,6,1,0,0,1,17084,6.73,18278,219,42,21.9,1708.4
0,14,0,0,0,8,4,1,0,0,0,14101,6.19,13770,146,39,-2811,-3433,14.6,1410.1,18,3,1,8,0,9,2,0,1,1,19592,7.31,22245,257,58,25.7,1959.2
0,23,0,1,6,8,3,0,0,0,0,14893,6.24,16107,200,55,-1223,-2127,20.0,1489.3,13,2,0,8,6,3,0,1,0,0,15435,6.94,19398,257,52,25.7,1543.5
0,19,2,0,5,10,4,1,0,0,0,15964,6.76,15350,207,33,-467,-1573,20.7,1596.4,15,4,1,10,5,4,1,0,0,1,18726,6.93,17572,236,67,23.6,1872.6
0,25,3,1,1,10,4,0,0,0,1,14545,6.41,14335,193,59,-1583,-901,19.3,1454.5,29,2,0,10,1,7,0,0,0,1,20554,7.42,16928,222,63,22.2,2055.4
1,27,4,0,11,4,9,1,0,0,1,19210,7.61,20076,246,66,2681,4780,24.6,1921.0,14,1,1,4,11,2,0,0,0,1,13973,6.58,14235,203,44,20.3,1397.3
1,23,3,1,8,3,0,1,1,1,0,16876,7.01,18985,207,62,-244,-71,20.7,1687.6,24,0,0,3,8,8,0,1,0,1,17486,7.1,18504,192,53,19.2,1748.6
0,30,1,1,11,5,7,1,0,0,1,17040,7.57,18091,231,54,785,-615,23.1,1704.0,18,1,0,5,11,6,0,0,0,0,15274,6.88,16889,195,42,19.5,1527.4
0,19,2,1,5,2,6,0,0,0,1,16179,7.27,17034,242,52,-256,65,24.2,1617.9,26,6,0,2,5,8,1,0,0,0,14670,7.26,16275,205,40,20.5,1467.0
1,20,3,1,6,9,3,0,1,0,1,17842,7.57,19368,178,56,-680,1121,17.8,1784.2,23,4,0,9,6,5,0,1,0,0,17251,6.95,17323,249,42,24.9,1725.1
1,22,2,1,7,4,9,1,0,0,1,18919,6.83,18092,221,65,1630,1922,22.1,1891.9,27,4,0,4,7,0,0,0,0,0,14911,6.66,15127,221,52,22.1,1491.1
1,28,2,1,7,6,7,0,0,0,1,17867,7.35,17640,211,71,449,813,21.1,1786.7,20,3,0,6,7,9,0,0,1,2,16854,6.8,17629,216,56,21.6,1685.4
0,21,0,1,7,5,8,1,0,0,1,14800,7.08,18066,257,63,1959,1315,25.7,1480.0,25,2,0,5,7,10,1,1,0,2,15824,6.85,16726,232,58,23.2,1582.4
0,16,1,0,8,7,5,1,0,0,0,16742,7.06,16332,224,58,-1074,559,22.4,1674.2,23,3,1,7,8,5,1,0,0,0,17107,6.64,16028,226,56,22.6,1710.7
0,22,2,1,4,9,1,0,0,0,0,14760,6.83,16037,199,51,-2477,-696,19.9,1476.0,24,4,0,9,4,8,1,1,0,0,15459,7.01,19168,222,48,22.2,1545.9
0,13,4,1,4,8,0,0,0,0,0,14752,6.61,16090,205,54,-2893,-2272,20.5,1475.2,19,3,0,8,4,7,1,2,0,1,18590,6.8,18777,282,53,28.2,1859.0
0,19,3,1,1,11,4,0,0,0,0,15149,6.28,17026,167,39,-5205,-4234,16.7,1514.9,19,6,0,11,1,11,1,1,1,0,19259,7.58,21719,227,88,22.7,1925.9
0,22,3,1,1,7,3,1,1,0,1,14839,7.29,17748,248,58,-1393,-2347,24.8,1483.9,26,3,0,7,1,2,1,0,1,0,18951,7.13,17049,239,70,23.9,1895.1
1,19,2,1,8,1,4,0,1,0,0,16860,6.64,16260,229,56,-2269,409,22.9,1686.0,23,1,0,1,8,8,0,0,0,1,15468,7.19,15905,222,61,22.2,1546.8
0,20,1,0,0,7,6,0,0,0,0,14037,6.6,14931,203,36,-1039,-1135,20.3,1403.7,21,1,1,7,0,16,0,1,0,1,20411,6.66,19855,284,65,28.4,2041.1
1,12,0,1,6,7,1,0,0,0,2,17655,7.14,17716,226,62,-1794,-580,22.6,1765.5,20,3,0,7,6,5,0,0,0,0,15847,6.91,17129,249,73,24.9,1584.7
1,21,1,0,6,9,2,1,0,0,1,16834,6.8,16725,215,47,1977,405,21.5,1683.4,12,2,1,9,6,7,0,0,0,2,16282,6.72,18675,266,47,26.6,1628.2
0,13,0,0,1,14,4,0,1,0,0,13103,6.72,15137,174,67,-5544,-1923,17.4,1310.3,27,7,1,14,1,14,1,1,1,1,21180,7.43,20210,275,56,27.5,2118.0
1,32,2,0,4,5,4,2,0,0,0,14923,6.56,17029,199,54,-833,-1685,19.9,1492.3,32,3,1,5,4,7,2,1,0,1,19504,7.17,19675,225,56,22.5,1950.4
1,22,4,0,7,7,2,0,0,1,0,17414,6.95,17572,247,63,334,-200,24.7,1741.4,8,2,1,7,7,4,0,0,0,0,18475,6.81,16228,216,46,21.6,1847.5
0,18,3,1,8,7,6,0,0,0,0,19117,7.44,15138,225,41,1451,1487,22.5,1911.7,13,2,0,7,8,3,2,0,0,0,17564,7.29,18066,230,47,23.0,1756.4
0,11,3,1,3,9,4,1,0,0,0,15202,6.45,15954,213,68,-1399,-30,21.3,1520.2,22,3,0,9,3,6,1,1,0,0,17356,7.72,18617,232,69,23.2,1735.6
1,27,2,1,12,1,4,1,0,0,1,17324,7.31,19004,245,45,-727,639,24.5,1732.4,25,1,0,1,12,1,1,1,1,0,16539,7.1,18285,214,57,21.4,1653.9
1,20,1,1,7,3,4,0,1,0,1,19092,7.4,19367,249,39,3333,1627,24.9,1909.2,16,1,0,3,7,0,0,0,0,0,13896,6.62,16541,177,50,17.7,1389.6
1,18,2,0,5,5,3,0,1,0,1,17381,7.81,20546,219,61,110,18,21.9,1738.1,24,1,1,5,5,4,0,0,0,0,14886,6.18,17375,213,54,21.3,1488.6
1,21,1,1,3,6,8,0,1,0,2,15183,6.69,18386,235,35,-490,-1399,23.5,1518.3,13,2,0,6,3,8,0,1,0,0,17387,6.97,18656,225,67,22.5,1738.7
0,22,3,0,6,2,8,0,1,0,0,15978,6.69,16256,218,54,807,374,21.8,1597.8,18,1,1,2,6,13,1,1,0,1,15017,6.57,16364,235,69,23.5,1501.7
0,22,1,0,1,7,7,1,0,0,1,16715,6.85,15966,195,48,-820,-1197,19.5,1671.5,24,2,1,7,1,11,0,1,0,0,18405,6.89,18317,217,51,21.7,1840.5
0,21,2,0,4,3,10,1,0,1,0,17066,6.93,17764,240,40,629,401,24.0,1706.6,26,1,1,3,4,2,0,0,0,1,16022,6.5,15970,238,71,23.8,1602.2
0,21,3,1,3,7,10,1,1,0,1,15524,7.12,17248,241,53,329,-339,24.1,1552.4,13,3,0,7,3,4,0,1,1,1,15648,6.79,17126,168,43,16.8,1564.8
1,22,1,0,8,6,3,0,0,0,0,18193,7.13,18581,196,61,1321,1308,19.6,1819.3,25,2,1,6,8,2,1,1,0,0,14795,6.74,18060,222,45,22.2,1479.5
0,22,4,1,9,7,9,1,0,0,0,18816,6.53,16181,201,68,1186,947,20.1,1881.6,32,2,0,7,9,6,1,0,0,0,17707,6.69,15927,251,45,25.1,1770.7
1,24,0,1,6,3,8,0,0,0,1,17718,6.85,17618,212,52,1976,624,21.2,1771.8,19,3,0,3,6,4,1,0,1,1,14395,6.56,14151,233,63,23.3,1439.5
1,26,3,0,7,6,11,0,0,0,1,15668,7.54,17222,261,67,-200,156,26.1,1566.8,16,2,1,6,7,10,0,0,0,1,17599,6.85,17265,248,63,24.8,1759.9
1,22,2,0,2,4,16,0,1,1,1,18865,6.96,18547,214,69,1927,1523,21.4,1886.5,20,1,1,4,2,2,1,0,0,0,16557,6.25,16984,208,44,20.8,1655.7
1,18,4,1,6,6,7,2,0,1,2,18833,7.28,19665,194,56,-319,892,19.4,1883.3,15,0,0,6,6,9,0,0,0,0,15593,6.82,16974,219,54,21.9,1559.3
0,18,0,1,6,7,4,0,0,0,0,16081,6.49,15868,186,43,-983,-1713,18.6,1608.1,16,4,0,7,6,9,1,0,1,1,17497,7.03,20018,263,49,26.3,1749.7
0,20,0,0,1,8,1,0,0,0,0,14261,6.2,12381,214,34,-3714,-3260,21.4,1426.1,17,2,1,8,1,12,1,1,0,1,18445,7.51,20069,251,57,25.1,1844.5
1,14,4,0,12,5,9,1,1,0,2,18883,7.67,20801,225,66,2498,1692,22.5,1888.3,11,1,1,5,12,3,1,0,1,0,14430,6.1,13961,196,46,19.6,1443.0
1,12,2,0,2,7,7,0,1,0,0,18726,7.07,17495,206,51,890,349,20.6,1872.6,23,3,1,7,2,4,0,0,0,0,15173,7.21,18601,190,43,19.0,1517.3
0,21,1,0,1,11,9,0,0,0,0,14980,6.16,14983,165,43,-2354,-2292,16.5,1498.0,24,3,1,11,1,10,2,1,0,2,17893,7.58,17339,229,79,22.9,1789.3
0,26,1,0,5,11,5,0,0,0,0,15435,6.8,17576,229,55,-2349,-774,22.9,1543.5,21,0,1,11,5,4,1,0,1,1,19261,6.14,19305,227,53,22.7,1926.1
1,15,4,0,9,9,6,1,0,1,1,18080,7.24,19934,247,69,1457,470,24.7,1808.0,26,0,1,9,9,6,1,0,1,1,14232,6.55,17625,213,43,21.3,1423.2
0,20,2,1,7,9,5,0,0,0,1,15917,7.44,17681,221,55,-1778,2509,22.1,1591.7,20,1,0,9,7,3,1,0,0,1,16133,6.98,18858,220,67,22.0,1613.3
1,17,2,0,5,5,3,1,0,0,0,15544,6.07,16866,195,43,-613,303,19.5,1554.4,19,5,1,5,5,7,0,1,0,0,18169,7.25,16508,263,58,26.3,1816.9
1,21,1,1,7,5,5,1,1,0,2,18192,7.64,19000,225,54,1191,2042,22.5,1819.2,13,1,0,5,7,2,1,1,0,1,14372,6.41,15362,234,45,23.4,1437.2
0,19,2,0,2,9,4,0,0,0,0,15890,6.51,14804,195,36,-2865,-1258,19.5,1589.0,24,1,1,9,2,8,0,1,1,2,19053,6.65,18898,221,68,22.1,1905.3
0,12,0,0,9,7,10,1,0,0,1,15147,7.39,16799,205,63,-713,-769,20.5,1514.7,25,3,1,7,9,7,0,1,0,2,19057,7.06,17686,216,60,21.6,1905.7
0,15,1,1,4,4,9,1,1,0,1,16753,7.54,16249,207,55,165,841,20.7,1675.3,18,0,0,4,4,5,0,0,0,1,17655,6.89,17145,200,49,20.0,1765.5
1,19,0,0,4,6,6,1,1,0,0,17317,7.65,17959,204,67,759,-34,20.4,1731.7,27,5,1,6,4,5,0,0,1,1,15015,6.55,12710,234,55,23.4,1501.5
1,20,2,0,9,7,8,0,1,0,0,18141,6.89,20617,225,73,167,1589,22.5,1814.1,13,1,1,7,9,2,0,0,0,2,16499,6.43,16316,224,60,22.4,1649.9
1,16,4,0,6,7,14,1,1,0,0,19295,6.69,16848,260,48,2239,2920,26.0,1929.5,14,2,1,7,6,2,0,1,0,1,13911,6.88,15984,191,32,19.1,1391.1
0,24,2,1,10,7,7,0,0,0,0,16038,6.96,18306,199,75,-890,889,19.9,1603.8,33,3,0,7,10,4,1,0,0,0,14980,6.68,19143,248,51,24.8,1498.0
1,19,2,1,13,6,5,0,1,0,1,17844,6.73,17624,230,67,650,826,23.0,1784.4,21,0,0,6,13,3,0,0,0,1,15257,6.21,16961,195,64,19.5,1525.7
0,17,2,0,5,6,6,1,0,0,1,16854,6.82,16174,240,62,-754,168,24.0,1685.4,13,0,1,6,5,9,0,1,0,0,17093,7.14,16038,201,54,20.1,1709.3
1,22,2,0,7,6,8,0,0,0,1,16807,6.47,16955,224,63,302,-222,22.4,1680.7,15,0,1,6,7,5,1,0,0,0,15506,6.95,14630,195,64,19.5,1550.6
1,20,2,1,2,2,7,0,1,0,2,14596,6.79,17783,224,65,155,1493,22.4,1459.6,21,3,0,2,2,5,1,1,1,0,14950,6.29,16138,234,60,23.4,1495.0
1,25,2,1,9,7,10,0,1,0,1,16774,7.46,20789,206,57,360,9,20.6,1677.4,18,1,0,7,9,4,0,0,0,0,17002,6.67,17409,226,42,22.6,1700.2
1,17,1,1,3,5,8,1,1,0,1,17825,7.19,19575,245,49,359,311,24.5,1782.5,20,2,0,5,3,7,0,1,1,0,15376,6.58,12192,231,50,23.1,1537.6
1,14,2,1,4,9,1,1,0,1,0,18841,6.68,19033,248,59,-586,823,24.8,1884.1,21,4,0,9,4,3,0,1,0,0,14961,6.66,16793,211,47,21.1,1496.1
1,19,0,1,6,6,7,1,0,1,0,18033,7.12,16879,247,39,-26,-849,24.7,1803.3,19,0,0,6,6,4,0,0,0,1,17262,7.04,17125,221,76,22.1,1726.2
0,19,2,0,5,10,5,0,1,0,1,16150,6.48,15073,222,41,-1541,-1054,22.2,1615.0,8,3,1,10,5,9,2,1,0,2,18191,6.81,17864,249,65,24.9,1819.1
1,14,0,0,3,5,7,1,0,0,2,19487,7.34,16627,213,45,-714,-256,21.3,1948.7,15,4,1,5,3,11,1,0,0,1,15024,7.16,16489,205,45,20.5,1502.4
0,13,4,1,5,10,4,1,0,0,1,17133,7.24,19084,219,49,-1959,310,21.9,1713.3,18,4,0,10,5,3,2,1,0,1,17251,7.21,17955,208,52,20.8,1725.1
1,21,0,0,3,9,11,1,1,0,0,16208,7.19,17088,204,52,1702,-1627,20.4,1620.8,18,4,1,9,3,8,0,0,0,1,16279,6.81,16840,223,61,22.3,1627.9
1,21,6,1,10,4,8,1,1,0,0,20740,8.07,20690,250,49,4218,2911,25.0,2074.0,20,1,0,4,10,1,0,0,0,0,12570,6.24,14211,165,35,16.5,1257.0
0,12,0,0,3,7,2,0,0,0,0,15617,6.71,16881,220,44,-359,-353,22.0,1561.7,27,3,1,7,3,8,0,1,0,0,17860,6.83,19948,204,61,20.4,1786.0
1,26,0,0,6,5,6,2,0,1,1,17613,7.7,18244,234,58,676,1050,23.4,1761.3,13,2,1,5,6,4,0,0,0,0,15824,6.36,17224,184,58,18.4,1582.4
1,19,3,1,10,3,11,0,0,0,2,16901,7.35,18755,259,46,176,2497,25.9,1690.1,8,2,0,3,10,3,1,0,0,0,14394,6.92,14160,223,45,22.3,1439.4
1,26,3,0,7,4,10,1,1,0,0,16006,7.21,18292,222,50,-989,-866,22.2,1600.6,20,1,1,4,7,6,1,0,0,0,18692,6.49,19932,261,66,26.1,1869.2
1,25,3,1,12,2,12,2,0,0,1,18010,6.73,19588,234,72,4506,3744,23.4,1801.0,15,0,0,2,12,2,0,0,0,0,12680,6.18,14181,209,32,20.9,1268.0
0,21,3,0,5,6,7,2,1,1,0,15999,6.76,17840,212,33,316,-1965,21.2,1599.9,23,1,1,6,5,2,1,0,0,2,17302,6.96,17250,234,40,23.4,1730.2
0,20,1,0,8,6,3,0,1,0,0,16176,6.9,20558,230,51,279,24,23.0,1617.6,21,2,1,6,8,6,0,0,0,0,17592,6.48,17663,211,56,21.1,1759.2
0,5,1,0,4,8,0,1,0,1,0,18129,6.31,16517,226,51,-775,-2077,22.6,1812.9,12,0,1,8,4,7,0,0,0,1,17944,6.75,20614,255,64,25.5,1794.4
1,14,1,1,4,4,4,1,0,0,0,17500,6.49,16627,208,63,-2899,-990,20.8,1750.0,22,2,0,4,4,6,1,0,1,2,15677,7.31,17802,219,58,21.9,1567.7
1,20,1,1,8,8,9,0,1,0,0,16316,7.39,17635,215,72,-1029,554,21.5,1631.6,15,3,0,8,8,5,1,0,0,0,15884,6.62,16418,257,74,25.7,1588.4
1,24,0,1,7,4,10,0,1,0,0,16789,7.34,19598,243,66,1639,1458,24.3,1678.9,15,5,0,4,7,3,1,0,0,1,15724,7.11,15467,219,50,21.9,1572.4
0,12,2,1,6,7,4,2,0,0,1,16125,7.23,16369,208,74,863,1471,20.8,1612.5,15,2,0,7,6,5,0,0,1,0,15891,6.43,19420,250,72,25.0,1589.1
1,22,2,1,11,1,6,0,0,1,0,17306,7.95,20741,244,83,1704,1595,24.4,1730.6,19,0,0,1,11,4,0,0,1,0,16725,6.75,18402,230,31,23.0,1672.5
1,14,4,1,8,5,9,1,0,0,1,15248,7.06,17535,237,59,1049,-1159,23.7,1524.8,22,4,0,5,8,7,1,0,1,1,17218,7.12,14885,243,44,24.3,1721.8
0,21,0,0,5,6,6,1,0,0,0,15956,7.31,17558,216,46,-1998,-526,21.6,1595.6,11,3,1,6,5,8,0,0,0,2,16665,7.48,15174,229,61,22.9,1666.5
1,25,2,1,14,1,6,1,1,0,2,19505,7.69,20903,266,69,4862,5818,26.6,1950.5,7,0,0,1,14,1,0,0,0,0,12748,5.8,14067,170,35,17.0,1274.8
1,25,4,1,4,5,4,1,1,0,1,15805,6.79,18028,204,57,503,-1192,20.4,1580.5,19,2,0,5,4,5,0,1,0,0,15687,6.96,16006,221,69,22.1,1568.7
0,24,2,0,4,11,6,1,0,0,0,17007,6.73,15403,206,57,-1759,-239,20.6,1700.7,23,6,1,11,4,7,0,1,0,1,20340,7.02,18217,245,59,24.5,2034.0
0,21,2,1,3,10,2,0,0,0,1,14871,6.97,15432,194,34,-745,944,19.4,1487.1,28,0,0,10,3,6,0,0,0,1,16815,6.53,17388,214,64,21.4,1681.5
0,22,2,0,4,6,2,0,0,0,1,14500,6.12,14665,219,46,-1935,-2182,21.9,1450.0,19,6,1,6,4,8,1,1,1,1,17559,6.5,18862,191,40,19.1,1755.9
1,20,3,0,10,10,6,0,0,0,0,19786,7.23,16886,182,64,-736,984,18.2,1978.6,19,2,1,10,10,2,0,0,0,0,17659,6.56,15711,176,53,17.6,1765.9
1,33,5,0,6,7,7,1,0,0,0,18226,6.99,18637,232,56,-701,121,23.2,1822.6,23,1,1,7,6,8,1,1,0,0,19206,6.96,17661,281,59,28.1,1920.6
1,14,2,1,7,9,6,0,0,0,1,17767,6.69,17476,208,56,761,-491,20.8,1776.7,15,2,0,9,7,5,0,0,1,1,16298,6.9,16446,242,59,24.2,1629.8
1,17,0,0,6,6,10,1,0,0,2,16688,6.42,17921,204,43,-1462,1880,20.4,1668.8,17,1,1,6,6,11,0,1,0,1,15523,6.83,17667,235,71,23.5,1552.3
1,26,3,1,7,6,6,1,1,0,2,16678,7.28,18983,254,59,1981,-248,25.4,1667.8,15,6,0,6,7,6,0,0,0,0,16835,7.01,17126,205,42,20.5,1683.5
1,22,1,0,7,10,4,1,0,0,1,16581,6.73,16580,207,41,-1650,-969,20.7,1658.1,26,3,1,10,7,8,2,0,0,1,16183,7.23,18964,198,47,19.8,1618.3
0,20,1,0,0,5,5,1,0,0,0,14370,7.05,17053,198,37,-3256,-1113,19.8,1437.0,26,4,1,5,0,10,0,0,0,0,18310,6.83,17894,221,57,22.1,1831.0
0,24,3,0,5,9,5,0,0,1,0,15094,7.02,19545,229,74,554,-30,22.9,1509.4,22,1,1,9,5,4,0,1,1,0,17337,6.94,17642,222,58,22.2,1733.7
0,11,1,1,8,3,3,0,1,0,0,16835,6.29,18456,231,40,-150,1536,23.1,1683.5,24,1,0,3,8,9,0,0,0,0,14476,6.72,17846,245,56,24.5,1447.6
1,29,1,1,10,5,6,1,1,0,0,15636,6.99,17062,221,58,751,1115,22.1,1563.6,21,0,0,5,10,7,0,0,0,0,16802,6.76,15596,182,65,18.2,1680.2
0,17,2,0,3,6,3,1,0,0,0,14399,6.97,18015,231,57,-773,-1363,23.1,1439.9,17,0,1,6,3,8,1,1,0,0,18000,6.47,19967,229,47,22.9,1800.0
1,28,2,1,7,3,7,1,1,1,1,19129,6.61,16512,183,69,3577,78,18.3,1912.9,15,2,0,3,7,7,0,1,0,0,16065,6.82,17875,228,66,22.8,1606.5
0,8,3,0,2,6,3,0,0,1,1,17213,6.15,17392,190,53,-956,-1536,19.0,1721.3,28,2,1,6,2,11,2,1,1,1,18229,7.01,18806,188,79,18.8,1822.9
0,20,0,1,4,5,6,1,0,0,0,14932,7.01,17019,193,51,-1845,149,19.3,1493.2,20,3,0,5,4,10,1,1,1,0,18110,7.52,17629,203,50,20.3,1811.0
0,15,0,1,5,10,3,0,0,0,0,14380,7.06,17114,241,61,-3589,-670,24.1,1438.0,21,3,0,10,5,10,1,1,1,2,17620,6.72,17165,199,64,19.9,1762.0
1,25,6,1,12,3,5,1,1,1,1,17286,7.14,17793,263,63,2822,2040,26.3,1728.6,11,1,0,3,12,0,1,1,0,2,15603,6.41,15786,215,44,21.5,1560.3
1,23,0,0,7,4,6,1,0,0,1,19494,7.19,19219,230,71,577,1095,23.0,1949.4,14,3,1,4,7,4,0,0,0,1,15779,7.23,18762,208,53,20.8,1577.9
1,23,2,1,6,7,4,1,0,0,0,19211,6.72,17899,226,71,-1578,1078,22.6,1921.1,17,2,0,7,6,5,0,0,0,0,15325,6.76,16248,221,41,22.1,1532.5
0,17,5,0,9,7,13,2,1,0,1,17465,7.02,18417,228,60,1632,2155,22.8,1746.5,22,2,1,7,9,1,0,0,1,0,16818,6.4,16632,206,53,20.6,1681.8
1,25,3,1,9,0,12,1,1,1,0,21757,7.77,23173,274,85,3908,4117,27.4,2175.7,14,1,0,0,9,0,0,1,0,0,13533,6.03,14414,181,34,18.1,1353.3
0,16,3,0,5,13,4,0,1,0,0,14419,6.54,16613,176,32,-1245,-3272,17.6,1441.9,11,1,1,13,5,5,1,0,0,0,18707,7.53,20572,228,69,22.8,1870.7
0,21,3,0,2,8,4,0,0,0,0,15974,6.85,17148,229,59,-2340,798,22.9,1597.4,22,2,1,8,2,10,2,1,0,0,16778,6.74,21325,288,58,28.8,1677.8
0,24,2,1,5,4,9,0,0,0,0,16392,6.92,17076,246,32,-1427,-37,24.6,1639.2,24,1,0,4,5,1,2,1,0,0,16919,7.67,18665,234,45,23.4,1691.9
0,19,1,1,5,9,1,0,0,0,1,15054,7.51,15336,214,61,-1631,-882,21.4,1505.4,26,1,0,9,5,7,0,1,1,1,19766,7.4,19741,230,65,23.0,1976.6
0,11,0,1,5,8,2,0,0,1,1,14631,5.62,15125,213,73,-1808,-1830,21.3,1463.1,22,1,0,8,5,4,1,1,1,2,20264,7.27,15800,250,52,25.0,2026.4
1,20,1,1,6,9,8,0,1,0,0,18067,7.05,17814,220,55,437,-640,22.0,1806.7,18,3,0,9,6,7,0,0,0,0,17142,7.2,19879,243,65,24.3,1714.2
0,31,2,1,3,9,2,0,0,0,0,14813,6.4,14416,197,50,-1894,-1848,19.7,1481.3,17,2,0,9,3,9,1,0,0,0,18997,6.85,19403,234,84,23.4,1899.7
1,29,3,0,8,6,5,0,2,1,1,17455,6.7,19378,191,74,66,2047,19.1,1745.5,22,0,1,6,8,8,0,0,1,1,14409,6.49,16525,206,47,20.6,1440.9
1,5,6,0,8,5,5,0,0,0,1,18834,7.06,19192,224,54,-557,-700,22.4,1883.4,19,3,1,5,8,7,1,0,0,0,14983,6.91,15645,226,59,22.6,1498.3
0,21,3,1,11,3,12,1,1,0,1,17818,7.11,19508,213,33,137,869,21.3,1781.8,12,2,0,3,11,7,0,0,0,0,15628,7.18,18188,236,59,23.6,1562.8
0,26,3,1,5,7,12,1,1,1,1,17334,7.31,18967,208,61,2835,211,20.8,1733.4,20,0,0,7,5,6,0,0,1,0,16880,7.0,15649,202,50,20.2,1688.0
0,20,4,0,3,4,8,1,0,1,1,16887,7.09,17149,223,50,1007,-138,22.3,1688.7,21,0,1,4,3,0,0,0,0,1,16584,7.31,16312,221,47,22.1,1658.4
0,17,3,0,2,8,6,0,0,0,1,15136,6.51,15824,230,51,-473,787,23.0,1513.6,22,2,1,8,2,4,1,1,0,1,18914,6.8,17768,261,37,26.1,1891.4
1,23,3,0,7,5,12,2,0,1,1,19820,7.0,21968,254,57,3795,2934,25.4,1982.0,20,0,1,5,7,6,0,0,0,0,17507,6.57,14405,198,30,19.8,1750.7
1,23,2,1,4,5,7,0,0,0,0,16100,6.76,18312,230,72,-1336,-655,23.0,1610.0,8,1,0,5,4,5,0,1,1,1,16944,7.1,15722,238,51,23.8,1694.4
0,11,1,1,0,12,3,0,0,0,1,13561,6.68,16048,211,49,-1892,-2666,21.1,1356.1,23,2,0,12,0,8,2,1,0,2,18255,6.98,19229,253,91,25.3,1825.5
0,24,2,0,3,8,3,0,0,0,1,12956,6.99,17850,216,45,-2788,-1421,21.6,1295.6,17,3,1,8,3,9,2,0,0,0,17033,7.78,19725,233,72,23.3,1703.3
0,16,1,1,4,9,1,0,1,0,0,14614,5.85,17911,217,51,-3277,-3575,21.7,1461.4,22,7,0,9,4,15,1,1,0,1,19542,7.71,21286,237,71,23.7,1954.2
1,15,3,0,7,3,7,0,0,0,0,15585,6.82,16482,242,55,244,1255,24.2,1558.5,24,2,1,3,7,8,0,1,0,1,16533,6.52,15286,229,52,22.9,1653.3
0,25,0,1,4,6,6,1,0,0,0,18708,6.76,19005,236,70,-1465,1145,23.6,1870.8,24,1,0,6,4,9,0,0,0,1,17916,6.57,19451,225,48,22.5,1791.6
0,11,2,0,4,7,9,0,1,1,0,14919,6.89,14768,200,57,-1145,-806,20.0,1491.9,24,2,1,7,4,9,1,0,0,1,16404,6.45,17121,222,72,22.2,1640.4
1,21,5,1,15,0,9,2,1,0,0,18923,7.16,19717,261,82,3851,4019,26.1,1892.3,4,0,0,0,15,3,0,0,0,1,13637,5.94,13971,231,34,23.1,1363.7
0,18,2,0,9,0,5,0,0,0,0,17228,6.51,16678,218,52,2732,201,21.8,1722.8,24,3,1,0,9,5,1,0,0,0,16652,7.24,15633,222,35,22.2,1665.2
0,32,5,1,8,1,4,1,0,1,1,17081,6.95,19128,209,62,-34,483,20.9,1708.1,21,1,0,1,8,8,0,1,0,0,15761,6.98,17382,219,36,21.9,1576.1
0,15,2,0,4,12,2,1,0,0,0,13082,7.1,18617,196,60,-997,163,19.6,1308.2,28,4,1,12,4,7,1,1,0,0,19485,7.58,19473,245,59,24.5,1948.5
0,7,1,0,3,8,0,0,0,0,0,15214,5.9,15282,190,51,-807,-1201,19.0,1521.4,27,3,1,8,3,4,1,1,1,1,17744,7.62,18305,263,24,26.3,1774.4
1,17,2,0,10,3,9,0,1,0,0,17171,6.5,15334,238,33,-994,463,23.8,1717.1,13,1,1,3,10,6,1,1,0,1,13764,7.17,18544,205,57,20.5,1376.4
0,23,2,0,6,4,5,1,1,0,1,16406,6.9,16459,227,54,579,-712,22.7,1640.6,12,1,1,4,6,6,0,1,0,1,15640,6.39,15667,200,55,20.0,1564.0
0,20,0,0,2,10,0,0,1,0,1,13648,6.22,13524,219,34,-2294,-3996,21.9,1364.8,19,2,1,10,2,9,2,1,1,2,21295,7.12,19284,229,68,22.9,2129.5
0,31,3,0,2,7,7,0,0,0,1,15887,6.45,14011,239,66,922,835,23.9,1588.7,18,2,1,7,2,5,1,1,1,1,17171,6.66,19158,239,54,23.9,1717.1
0,27,5,0,5,5,11,0,1,0,0,15573,6.65,18194,218,62,-1014,-2233,21.8,1557.3,19,3,1,5,5,3,0,1,0,1,17349,7.31,17678,246,65,24.6,1734.9
0,21,3,0,4,11,5,1,0,0,1,15492,6.96,17677,231,64,-253,361,23.1,1549.2,31,2,1,11,4,5,0,1,0,2,15708,6.87,17923,236,48,23.6,1570.8
0,14,2,0,5,12,2,1,0,0,0,17222,6.78,15677,182,42,389,714,18.2,1722.2,14,4,1,12,5,7,1,1,1,1,17886,7.12,20726,225,76,22.5,1788.6
0,27,1,0,3,8,4,1,0,0,1,16339,7.07,17415,196,43,-1858,-820,19.6,1633.9,19,0,1,8,3,9,1,1,0,2,19396,7.34,18907,221,49,22.1,1939.6
1,18,4,1,6,6,1,1,0,0,1,17293,7.08,18127,189,41,659,344,18.9,1729.3,22,1,0,6,6,5,1,1,0,0,15609,6.81,17390,211,62,21.1,1560.9
1,17,2,1,5,7,7,1,1,0,0,16040,6.44,19667,203,52,1381,228,20.3,1604.0,21,1,0,7,5,7,0,0,0,1,16905,6.53,15268,220,68,22.0,1690.5
1,19,3,0,5,2,9,1,0,1,0,18528,7.24,18684,212,58,2749,2544,21.2,1852.8,17,2,1,2,5,2,0,0,0,0,16716,7.04,14048,248,51,24.8,1671.6
1,16,0,0,6,6,7,1,1,0,2,19449,7.41,17560,222,71,852,3377,22.2,1944.9,21,4,1,6,6,3,0,1,0,0,15204,6.96,17046,180,43,18.0,1520.4
1,17,1,1,5,7,3,0,1,0,0,15681,6.65,18086,207,50,-793,-1531,20.7,1568.1,33,3,0,7,5,9,1,0,0,0,17529,7.68,18069,264,58,26.4,1752.9
0,18,2,0,5,4,11,0,0,0,0,18989,7.22,15600,200,43,-89,-48,20.0,1898.9,19,5,1,4,5,7,0,0,1,1,17565,7.03,16892,188,60,18.8,1756.5
1,25,4,1,7,4,4,0,2,0,0,16039,6.79,18521,203,67,1286,-297,20.3,1603.9,25,1,0,4,7,6,0,0,0,1,16390,6.94,15706,206,31,20.6,1639.0
1,19,4,1,6,6,5,2,1,0,1,16000,7.42,20445,247,49,-711,1523,24.7,1600.0,17,3,0,6,6,2,1,1,0,0,15444,6.2,14837,202,57,20.2,1544.4
0,13,0,0,5,3,5,0,1,0,1,14961,7.0,17253,212,64,772,-453,21.2,1496.1,14,2,1,3,5,8,1,0,1,0,17343,7.21,18173,249,54,24.9,1734.3
1,14,0,0,7,2,10,1,0,0,1,17090,7.04,19472,240,86,759,1611,24.0,1709.0,23,4,1,2,7,6,0,0,0,0,14502,7.45,16061,207,36,20.7,1450.2
1,23,3,1,6,3,8,1,1,0,0,18800,6.8,16826,217,56,791,3064,21.7,1880.0,22,1,0,3,6,4,1,0,1,0,14488,6.74,16875,192,55,19.2,1448.8
0,23,2,0,9,5,9,1,1,1,1,17522,7.02,20936,215,37,3508,794,21.5,1752.2,21,2,1,5,9,8,0,0,0,1,16236,6.71,14470,159,40,15.9,1623.6
1,21,4,0,14,6,11,0,1,0,1,16665,7.11,16327,262,68,2848,3737,26.2,1666.5,27,3,1,6,14,3,0,0,0,0,14768,6.49,15666,212,51,21.2,1476.8
0,16,0,0,4,9,12,0,0,0,0,14648,7.32,18640,233,54,100,-2671,23.3,1464.8,14,0,1,9,4,7,1,0,0,0,16570,7.63,18106,267,62,26.7,1657.0
1,22,2,0,3,0,5,1,0,0,0,16164,7.28,20234,225,55,-136,422,22.5,1616.4,23,3,1,0,3,8,1,1,0,0,17794,6.73,17341,213,59,21.3,1779.4
0,27,2,1,9,4,5,1,1,0,0,17012,7.25,17146,218,64,21,430,21.8,1701.2,15,3,0,4,9,9,0,1,0,1,14713,7.14,17386,230,83,23.0,1471.3
0,16,3,1,9,14,6,0,0,0,0,13381,6.99,16784,251,54,-446,1518,25.1,1338.1,21,0,0,14,9,10,1,0,0,2,17676,6.67,16841,225,68,22.5,1767.6
0,19,0,1,8,8,6,0,0,0,0,15219,6.57,16483,234,41,-2307,-1317,23.4,1521.9,19,2,0,8,8,8,0,1,0,0,15887,7.2,17655,246,48,24.6,1588.7
0,22,0,1,3,4,9,0,0,0,0,14374,6.79,17097,197,37,-2030,-3205,19.7,1437.4,25,3,0,4,3,7,2,0,0,1,18066,7.24,19263,230,74,23.0,1806.6
1,16,2,1,4,11,6,1,0,1,0,16706,6.6,15583,202,51,1019,2181,20.2,1670.6,20,2,0,11,4,10,1,1,0,1,16669,6.84,17902,231,39,23.1,1666.9
0,18,2,1,2,5,6,1,0,0,0,16303,7.24,16234,240,48,-707,-718,24.0,1630.3,23,0,0,5,2,7,0,1,0,1,15182,7.05,20077,219,64,21.9,1518.2
1,20,4,1,9,7,1,0,0,0,0,15509,6.39,18063,172,51,717,-955,17.2,1550.9,14,4,0,7,9,4,0,1,0,0,15860,7.29,17557,200,63,20.0,1586.0
0,12,1,0,8,5,5,1,1,0,0,15233,6.33,18550,208,50,-314,-354,20.8,1523.3,25,5,1,5,8,8,0,2,1,3,17038,7.12,17613,220,56,22.0,1703.8
0,19,3,1,2,13,4,1,1,1,0,15070,6.85,14793,198,37,-2407,-1594,19.8,1507.0,16,3,0,13,2,9,0,0,0,0,17802,7.35,18661,240,72,24.0,1780.2
0,21,3,1,1,2,9,1,1,1,0,16497,6.85,18582,209,74,1456,-318,20.9,1649.7,23,0,0,2,1,7,0,0,0,1,16877,6.52,20587,190,62,19.0,1687.7
1,23,4,1,6,4,5,1,0,0,0,17211,7.36,18053,206,51,947,705,20.6,1721.1,18,4,0,4,6,4,1,0,1,1,17490,7.41,16170,211,59,21.1,1749.0
0,15,2,1,5,7,4,1,0,0,1,16194,7.48,19576,225,48,944,2215,22.5,1619.4,21,2,0,7,5,3,0,1,1,0,15110,6.71,19342,209,69,20.9,1511.0
1,24,0,1,9,0,11,1,0,2,1,20141,6.59,21575,268,71,3417,3020,26.8,2014.1,9,0,0,0,9,5,0,0,0,0,11944,6.52,15430,179,43,17.9,1194.4
0,27,2,0,6,6,3,1,0,1,2,16599,6.67,17040,207,51,246,-87,20.7,1659.9,25,3,1,6,6,1,0,0,0,0,16607,6.57,17546,206,42,20.6,1660.7
1,31,2,0,8,7,5,0,0,0,2,18110,6.72,22131,257,54,-247,137,25.7,1811.0,16,3,1,7,8,4,0,0,0,1,16875,7.07,15506,231,52,23.1,1687.5
1,24,2,0,2,9,4,0,0,1,1,16381,6.94,18076,201,51,-1294,-2094,20.1,1638.1,20,4,1,9,2,10,1,0,0,1,16770,6.81,20517,273,58,27.3,1677.0
0,12,0,0,3,6,0,0,0,0,0,15747,6.09,14411,178,49,-2062,-2902,17.8,1574.7,18,5,1,6,3,5,2,1,1,0,16890,7.27,20766,225,64,22.5,1689.0
1,25,2,0,9,1,9,1,0,1,0,17152,6.45,18639,223,52,2838,2820,22.3,1715.2,16,4,1,1,9,2,0,1,0,0,15031,6.68,12106,225,44,22.5,1503.1
1,16,3,1,0,7,8,1,0,0,0,14434,6.31,17279,198,56,-1388,-632,19.8,1443.4,27,3,0,7,0,7,1,0,0,0,15230,6.92,18974,238,57,23.8,1523.0
0,19,1,1,5,10,0,0,0,0,0,15321,6.83,15524,197,47,-470,-1303,19.7,1532.1,24,3,0,10,5,6,0,0,0,2,18430,6.64,18232,194,55,19.4,1843.0
0,16,2,0,5,8,4,0,1,1,0,16037,7.57,17276,198,49,86,84,19.8,1603.7,17,0,1,8,5,4,0,1,0,1,14805,6.91,18345,218,61,21.8,1480.5
1,11,5,0,3,7,7,1,0,0,0,15627,6.29,19629,231,70,795,838,23.1,1562.7,24,2,1,7,3,6,1,0,0,1,15018,6.84,18348,210,51,21.0,1501.8
0,16,0,0,2,10,6,1,0,0,1,16268,6.37,17822,221,55,-764,-2204,22.1,1626.8,23,2,1,10,2,13,1,1,0,0,16950,6.81,19394,233,62,23.3,1695.0
1,23,4,1,6,3,6,0,1,0,0,14786,6.87,16663,213,43,-1091,-184,21.3,1478.6,24,2,0,3,6,5,0,1,0,1,16383,7.15,19093,247,66,24.7,1638.3
1,24,4,0,9,4,8,1,0,0,1,16269,7.58,18812,212,57,3230,2457,21.2,1626.9,10,0,1,4,9,4,0,0,0,0,14051,6.71,15845,192,52,19.2,1405.1
0,20,1,0,6,8,9,0,0,0,0,14214,7.42,13794,197,45,-1118,-1290,19.7,1421.4,26,4,1,8,6,5,0,0,1,1,17938,7.17,18508,231,65,23.1,1793.8
0,18,1,0,4,10,4,0,0,0,0,14969,6.67,16286,204,56,-2109,-1580,20.4,1496.9,18,4,1,10,4,11,1,1,0,1,19369,7.88,22248,248,62,24.8,1936.9
1,24,2,1,5,6,5,1,0,1,0,19565,7.4,15952,205,54,1511,2873,20.5,1956.5,16,0,0,6,5,5,0,0,0,0,12689,6.11,15654,213,47,21.3,1268.9
1,24,3,1,1,3,7,0,1,0,1,19408,7.05,16798,200,52,-531,218,20.0,1940.8,13,2,0,3,1,5,1,0,0,0,13765,6.98,17559,197,62,19.7,1376.5
0,17,1,1,5,7,4,1,0,0,0,15325,7.25,15128,206,41,-3075,-547,20.6,1532.5,30,1,0,7,5,2,0,1,0,0,17414,7.05,17040,264,67,26.4,1741.4
0,17,1,1,4,12,2,1,0,0,0,13132,6.31,16790,170,53,-4041,-2528,17.0,1313.2,26,0,0,12,4,12,1,0,0,1,19367,7.19,20734,221,45,22.1,1936.7
0,27,1,1,4,8,0,1,0,0,0,15489,6.72,16975,224,48,-994,599,22.4,1548.9,28,0,0,8,4,8,0,0,0,1,17245,7.29,18985,251,45,25.1,1724.5
0,21,1,0,7,6,6,1,0,1,1,16611,6.12,18220,222,44,-670,-1169,22.2,1661.1,20,2,1,6,7,8,1,0,0,0,17211,6.78,19806,209,51,20.9,1721.1
1,23,2,1,6,1,10,0,1,1,1,16086,7.45,17207,260,42,1207,1030,26.0,1608.6,14,1,0,1,6,3,0,0,0,1,14106,6.58,16001,252,43,25.2,1410.6
0,18,0,1,3,9,6,0,0,0,1,12841,7.2,17842,182,46,-1818,-738,18.2,1284.1,20,3,0,9,3,8,1,0,1,2,15495,7.42,20562,220,58,22.0,1549.5
1,19,2,1,4,3,6,1,1,0,1,14832,7.11,17442,205,46,-752,159,20.5,1483.2,20,2,0,3,4,7,2,0,0,1,16400,6.99,17034,191,68,19.1,1640.0
1,19,2,0,9,4,7,1,1,0,1,18913,6.8,16738,243,55,2157,488,24.3,1891.3,12,3,1,4,9,2,1,1,0,1,15166,6.25,16462,221,50,22.1,1516.6
0,16,0,1,0,10,0,0,0,0,0,12860,5.81,13868,207,52,-3224,-4501,20.7,1286.0,22,3,0,10,0,12,2,1,1,1,19542,7.42,21175,275,84,27.5,1954.2
1,20,2,1,13,5,10,1,1,0,0,17294,7.75,21139,200,76,2841,1555,20.0,1729.4,12,0,0,5,13,5,0,0,0,2,16501,6.61,17382,213,46,21.3,1650.1
0,17,1,0,2,7,1,0,0,0,2,15447,6.26,15012,236,38,-1606,-1156,23.6,1544.7,15,2,1,7,2,8,0,1,0,1,18773,7.75,20207,210,59,21.0,1877.3
1,17,4,1,8,5,5,0,0,0,1,18257,6.87,18388,208,47,-286,-670,20.8,1825.7,21,0,0,5,8,6,0,0,0,1,16372,6.33,18015,223,55,22.3,1637.2
1,21,1,0,5,3,4,1,0,0,1,15946,6.45,17908,251,57,602,1010,25.1,1594.6,30,0,1,3,5,5,1,0,0,0,15528,7.36,17045,228,51,22.8,1552.8
1,25,4,1,11,3,8,1,1,0,1,18177,7.33,18030,228,68,2063,1675,22.8,1817.7,23,1,0,3,11,0,0,0,0,1,13698,6.98,15098,189,47,18.9,1369.8
0,20,4,0,10,5,10,0,1,0,1,17536,7.67,18959,244,67,1408,2275,24.4,1753.6,24,3,1,5,10,4,1,1,0,1,17579,6.41,17388,164,51,16.4,1757.9
0,5,0,0,0,10,0,0,0,0,0,14213,6.35,15039,149,57,-4355,-2804,14.9,1421.3,24,1,1,10,0,14,2,1,1,0,20302,8.03,23035,231,69,23.1,2030.2
0,21,2,1,5,7,5,0,0,0,1,15389,7.17,16319,290,52,-1044,-1574,29.0,1538.9,25,0,0,7,5,9,1,0,0,1,18593,7.42,19333,251,47,25.1,1859.3
0,21,5,0,9,6,7,0,1,1,2,14943,6.61,17465,221,54,185,1929,22.1,1494.3,21,2,1,6,9,1,1,0,0,1,16609,7.0,17195,204,64,20.4,1660.9
0,15,2,1,6,9,3,1,0,0,0,16196,6.82,15982,244,49,707,407,24.4,1619.6,15,4,0,9,6,9,0,1,1,1,15968,6.92,19302,233,64,23.3,1596.8
0,25,3,1,5,7,6,1,0,1,2,17585,7.09,16042,227,49,-132,2983,22.7,1758.5,15,1,0,7,5,3,0,0,0,0,16028,7.01,18465,211,47,21.1,1602.8
1,15,2,0,8,1,5,1,0,0,1,17447,6.82,19638,237,64,1522,231,23.7,1744.7,18,2,1,1,8,4,0,1,0,0,14706,6.39,19020,225,48,22.5,1470.6
1,26,3,0,6,6,7,0,0,0,0,16545,6.72,17422,247,80,1217,1298,24.7,1654.5,24,0,1,6,6,7,1,0,0,1,14700,6.73,18647,214,39,21.4,1470.0
1,19,2,1,6,9,5,1,0,1,1,14618,6.62,17834,253,54,-1100,-731,25.3,1461.8,27,4,0,9,6,7,0,0,0,0,18445,6.55,19281,247,64,24.7,1844.5
0,5,0,0,0,12,6,0,0,0,0,15257,6.35,15532,198,64,-3947,-3347,19.8,1525.7,28,3,1,12,0,10,2,0,1,0,16529,7.65,20726,291,74,29.1,1652.9
0,20,1,1,6,2,3,0,1,0,1,16727,6.6,17053,247,65,-1493,-707,24.7,1672.7,33,3,0,2,6,11,0,1,0,0,18277,6.82,17054,226,62,22.6,1827.7
0,19,0,1,3,6,6,0,1,0,0,17123,7.46,20653,226,36,1358,366,22.6,1712.3,18,1,0,6,3,6,0,1,0,0,15371,6.9,15926,252,65,25.2,1537.1
0,15,2,1,1,11,3,2,0,0,0,13738,5.87,14363,219,55,-2843,-1261,21.9,1373.8,19,4,0,11,1,8,2,0,1,1,16625,7.28,18201,234,51,23.4,1662.5
1,18,1,0,6,4,11,0,1,0,2,18209,7.09,17988,232,39,148,1435,23.2,1820.9,16,1,1,4,6,1,1,1,0,0,14999,7.19,17250,197,57,19.7,1499.9
1,21,3,0,8,10,7,2,0,1,1,17096,6.58,18636,235,68,572,1470,23.5,1709.6,18,3,1,10,8,2,0,0,0,1,16535,6.98,14970,209,39,20.9,1653.5
0,18,2,1,3,1,4,1,1,0,2,14570,7.29,18369,217,50,228,717,21.7,1457.0,13,0,0,1,3,10,0,1,0,1,17290,7.03,15816,192,55,19.2,1729.0
0,5,0,0,0,13,0,0,0,0,0,13295,5.86,13364,177,37,-6673,-3620,17.7,1329.5,22,2,1,13,0,10,1,1,0,1,21696,7.8,22220,249,75,24.9,2169.6
0,24,1,0,5,10,1,0,0,0,2,12254,6.56,14851,201,39,-2713,-3185,20.1,1225.4,25,3,1,10,5,12,1,1,0,1,17449,7.65,19797,215,59,21.5,1744.9
1,23,4,1,12,2,8,1,0,1,3,18849,7.84,18108,262,72,3745,1804,26.2,1884.9,22,1,0,2,12,0,0,1,0,1,12353,6.39,13178,209,57,20.9,1235.3
0,15,3,1,0,8,3,0,1,0,1,16659,6.18,16376,238,74,-281,-1551,23.8,1665.9,17,1,0,8,0,5,1,1,1,1,19423,7.15,19308,192,63,19.2,1942.3
0,10,0,0,0,8,2,0,0,1,0,13903,6.88,13345,157,68,-1839,-3803,15.7,1390.3,17,3,1,8,0,5,1,1,1,0,19190,7.8,19024,238,76,23.8,1919.0
1,26,1,1,12,2,5,1,1,0,1,19067,7.38,20121,227,54,1966,2361,22.7,1906.7,12,3,0,2,12,5,0,0,0,0,15261,5.98,15770,209,53,20.9,1526.1
1,14,5,1,7,7,7,1,0,0,1,17806,6.74,15707,185,54,641,1328,18.5,1780.6,20,1,0,7,7,5,0,1,0,1,17589,6.9,18052,231,57,23.1,1758.9
1,23,3,1,9,0,8,1,0,0,1,16897,6.35,19217,237,72,2257,537,23.7,1689.7,20,3,0,0,9,2,0,0,0,0,13483,7.29,15307,202,57,20.2,1348.3
1,18,2,1,8,7,11,1,1,0,0,16885,7.63,19860,197,58,127,-1060,19.7,1688.5,28,2,0,7,8,4,0,0,0,1,15389,6.76,18600,222,56,22.2,1538.9
1,18,1,1,5,5,8,1,0,1,0,17069,6.89,19680,201,53,180,641,20.1,1706.9,18,2,0,5,5,6,1,0,1,1,13795,6.48,18129,192,44,19.2,1379.5
0,15,3,0,7,6,8,1,0,0,0,16884,7.21,18338,218,67,920,631,21.8,1688.4,10,2,1,6,7,6,0,0,0,0,16287,7.22,16377,228,45,22.8,1628.7
1,18,5,0,9,6,12,2,1,0,1,18275,7.13,18205,198,55,1793,-588,19.8,1827.5,24,0,1,6,9,0,1,0,0,1,14607,6.93,16553,203,60,20.3,1460.7
0,25,4,0,11,9,12,2,1,0,0,20451,8.19,21572,259,73,3835,5760,25.9,2045.1,19,2,1,9,11,4,0,0,1,0,13843,6.15,14943,192,47,19.2,1384.3
1,23,4,0,7,7,7,2,1,0,1,19058,6.76,20973,236,68,1625,1106,23.6,1905.8,19,1,1,7,7,6,0,0,1,0,14818,6.74,17518,205,51,20.5,1481.8
0,13,1,0,2,7,1,0,0,0,1,13089,6.87,14178,186,48,-1569,-1241,18.6,1308.9,23,2,1,7,2,10,1,1,0,2,17709,7.11,20497,220,58,22.0,1770.9
1,20,1,1,4,10,11,0,0,1,1,17492,7.66,16260,235,50,2318,681,23.5,1749.2,27,1,0,10,4,5,0,0,1,0,12293,6.64,17970,206,40,20.6,1229.3
1,27,2,1,10,0,6,2,1,0,0,16798,6.77,17618,225,62,1720,1693,22.5,1679.8,21,2,0,0,10,6,0,0,0,1,14256,6.63,15936,200,47,20.0,1425.6
0,14,1,0,5,2,6,1,0,1,1,18681,7.13,18410,236,69,2433,1897,23.6,1868.1,15,2,1,2,5,4,0,0,0,1,15666,6.19,16634,223,44,22.3,1566.6
0,19,2,0,3,7,2,1,0,0,0,17849,6.91,16630,267,50,-7,208,26.7,1784.9,17,2,1,7,3,10,1,0,0,0,18802,7.28,16223,224,57,22.4,1880.2
1,18,4,1,10,3,6,0,1,0,2,19934,7.45,21289,229,65,2055,2002,22.9,1993.4,18,2,0,3,10,4,0,0,1,1,15930,7.14,17843,209,50,20.9,1593.0
1,17,3,0,9,5,8,0,1,0,0,16234,7.33,18955,233,67,1173,1815,23.3,1623.4,22,0,1,5,9,0,0,1,0,0,13518,7.04,16909,251,52,25.1,1351.8
1,26,3,1,11,0,10,1,1,1,0,18757,7.92,20259,266,79,4850,3460,26.6,1875.7,8,0,0,0,11,0,0,0,0,0,13107,6.71,14406,236,22,23.6,1310.7
0,16,0,0,1,10,6,1,0,0,2,15959,6.72,18706,269,50,-643,-494,26.9,1595.9,13,1,1,10,1,12,1,1,1,1,17588,6.89,17668,201,69,20.1,1758.8
0,13,2,1,5,6,2,0,0,0,0,15101,6.91,16651,201,45,-609,-1411,20.1,1510.1,17,5,0,6,5,5,0,1,0,1,19373,7.35,20647,204,57,20.4,1937.3
1,26,0,1,4,6,3,1,0,0,0,17571,6.4,18263,208,57,-501,305,20.8,1757.1,10,3,0,6,4,6,0,0,0,0,16486,6.74,17587,224,63,22.4,1648.6
0,24,0,0,6,11,5,0,0,1,0,16716,6.42,15660,225,49,-2022,1249,22.5,1671.6,15,3,1,11,6,11,2,0,0,0,17973,7.23,18037,226,30,22.6,1797.3
0,9,3,0,3,10,2,1,1,0,0,15854,6.64,17973,200,39,-1342,-1236,20.0,1585.4,31,4,1,10,3,8,1,1,0,1,17354,7.15,20333,225,67,22.5,1735.4
0,7,0,0,0,12,0,0,0,0,0,11363,6.09,13637,192,24,-5384,-3813,19.2,1136.3,28,2,1,12,0,15,3,1,1,1,22032,7.41,20454,246,69,24.6,2203.2
1,22,1,0,2,8,1,1,0,0,0,16836,7.03,16563,254,56,-449,-1783,25.4,1683.6,24,2,1,8,2,3,1,1,1,0,17784,7.1,19898,208,49,20.8,1778.4
1,19,2,0,6,9,7,0,0,0,0,17711,6.34,15606,219,44,96,2011,21.9,1771.1,19,5,1,9,6,7,1,0,1,0,17832,6.59,18608,214,53,21.4,1783.2
0,27,3,1,5,4,5,0,1,0,0,15734,6.94,16090,205,66,-1266,-1357,20.5,1573.4,17,1,0,4,5,7,0,0,1,0,16162,6.97,20649,193,65,19.3,1616.2
1,27,3,1,8,0,10,0,1,1,2,17449,7.65,18281,279,61,5136,4130,27.9,1744.9,14,4,0,0,8,3,0,0,0,0,14229,6.67,16513,202,43,20.2,1422.9
0,22,1,1,4,5,9,0,0,0,0,18302,6.13,17758,211,39,265,-807,21.1,1830.2,11,0,0,5,4,6,0,0,0,1,19518,6.62,17955,238,48,23.8,1951.8
1,17,2,1,11,4,9,1,0,0,1,16932,7.81,17882,242,78,42,3079,24.2,1693.2,22,3,0,4,11,6,0,0,0,0,13281,7.0,14339,188,41,18.8,1328.1
0,23,2,1,9,8,7,1,0,0,1,15071,7.65,15654,185,55,1646,19,18.5,1507.1,18,5,0,8,9,8,0,0,1,1,15741,6.55,18898,222,63,22.2,1574.1
1,15,3,1,8,2,11,2,0,0,2,18233,7.49,19337,243,62,260,2209,24.3,1823.3,15,2,0,2,8,4,1,0,0,0,13403,6.74,15153,235,53,23.5,1340.3
1,27,2,0,6,3,9,0,1,0,0,18119,6.89,16886,228,47,-245,510,22.8,1811.9,16,5,1,3,6,5,1,1,0,1,14366,6.79,16985,193,59,19.3,1436.6
1,25,2,1,8,0,7,1,1,0,0,17526,7.14,18239,207,75,2389,1082,20.7,1752.6,24,2,0,0,8,6,0,0,0,1,14222,6.72,17399,210,49,21.0,1422.2
1,16,2,1,7,4,8,0,0,0,1,15437,6.71,20883,220,53,1064,1290,22.0,1543.7,13,0,0,4,7,3,2,0,0,1,16517,6.71,18439,234,68,23.4,1651.7
1,25,2,1,6,3,11,1,0,0,0,17582,7.02,17302,245,38,1140,1091,24.5,1758.2,20,2,0,3,6,4,0,0,0,1,17437,6.87,16781,193,38,19.3,1743.7
1,32,1,1,9,0,11,1,0,1,0,19280,6.83,19262,213,54,-831,-591,21.3,1928.0,16,0,0,0,9,6,0,1,0,0,14520,6.34,17497,262,57,26.2,1452.0
1,18,4,1,8,5,8,1,0,0,1,18160,6.95,15557,206,60,-97,293,20.6,1816.0,23,4,0,5,8,9,0,0,0,1,15726,7.03,16527,217,54,21.7,1572.6
1,24,1,0,8,3,8,1,0,1,0,18173,7.01,18406,248,50,321,980,24.8,1817.3,17,2,1,3,8,4,1,0,0,0,15496,6.47,17809,225,41,22.5,1549.6
1,22,3,1,10,1,11,1,1,0,0,19990,7.67,21179,245,54,3794,3131,24.5,1999.0,11,0,0,1,10,0,0,0,0,0,12787,6.84,13651,214,54,21.4,1278.7
1,20,0,0,4,10,9,1,1,0,1,15858,6.7,14793,230,51,-970,-570,23.0,1585.8,26,2,1,10,4,8,1,1,0,0,15360,6.66,19028,203,53,20.3,1536.0
1,13,2,0,3,2,3,0,0,0,0,16779,6.65,16309,250,77,-109,1405,25.0,1677.9,15,0,1,2,3,6,0,1,1,1,13568,6.78,14458,237,48,23.7,1356.8
1,23,1,0,9,5,12,1,0,0,3,17888,7.63,20680,218,77,1409,1261,21.8,1788.8,21,4,1,5,9,2,1,1,1,0,14507,6.48,15382,217,58,21.7,1450.7
1,22,1,0,8,7,9,0,1,1,0,18307,6.83,18428,218,75,2737,1238,21.8,1830.7,20,1,1,7,8,4,0,0,0,0,15099,6.78,16252,247,57,24.7,1509.9
1,29,6,0,3,8,4,0,0,0,0,15958,6.84,17607,227,65,-710,105,22.7,1595.8,27,1,1,8,3,8,0,1,1,1,15930,6.8,17316,239,55,23.9,1593.0
0,6,1,0,6,12,0,0,0,0,0,12830,6.25,15792,175,39,-5423,-4600,17.5,1283.0,22,3,1,12,6,11,1,1,0,1,18099,7.47,19423,265,54,26.5,1809.9
0,20,4,1,8,8,3,0,0,0,1,16475,7.06,19860,226,53,278,964,22.6,1647.5,19,2,0,8,8,3,0,1,1,0,16826,6.46,19221,216,56,21.6,1682.6
0,22,2,0,0,12,3,0,0,0,0,13180,6.3,13794,200,44,-4101,-4378,20.0,1318.0,16,4,1,12,0,12,1,1,0,2,18044,7.52,20503,235,63,23.5,1804.4
0,22,4,1,14,5,14,0,1,0,1,18441,7.14,19376,253,72,3081,2724,25.3,1844.1,14,1,0,5,14,2,0,0,1,0,14992,6.6,13915,180,34,18.0,1499.2
0,19,2,1,5,6,5,0,0,0,0,17026,7.01,17032,216,44,589,-423,21.6,1702.6,16,3,0,6,5,5,0,0,0,0,14361,6.74,17573,233,52,23.3,1436.1
1,18,5,0,10,1,6,1,0,0,1,18552,6.82,18532,267,59,1638,1228,26.7,1855.2,9,1,1,1,10,3,0,0,0,0,14931,7.1,16136,199,44,19.9,1493.1
0,14,3,0,4,11,7,0,0,0,0,18758,6.6,15499,261,64,-2394,-187,26.1,1875.8,19,3,1,11,4,11,0,0,0,1,16833,6.98,18407,234,54,23.4,1683.3
0,8,1,1,2,15,3,1,0,1,0,15812,6.54,14920,185,53,-3747,-2472,18.5,1581.2,18,5,0,15,2,10,0,0,1,1,18767,6.65,20131,242,46,24.2,1876.7
1,17,3,0,6,5,10,1,0,0,1,18232,6.34,20410,277,66,1307,-780,27.7,1823.2,19,2,1,5,6,6,1,0,0,1,15000,6.9,17330,201,67,20.1,1500.0
1,15,2,1,9,6,3,1,1,0,0,18034,7.34,16766,208,30,433,376,20.8,1803.4,22,3,0,6,9,1,0,1,0,1,15505,7.05,17628,237,61,23.7,1550.5
0,20,2,0,7,7,7,1,0,0,0,16412,7.51,13342,184,55,-411,-1302,18.4,1641.2,24,4,1,7,7,12,0,0,1,1,16852,6.51,18199,216,69,21.6,1685.2
1,16,2,0,6,3,11,1,1,0,2,14705,7.14,17262,223,57,378,535,22.3,1470.5,21,2,1,3,6,3,0,0,0,0,17888,6.62,16581,214,54,21.4,1788.8
1,23,4,1,8,0,9,1,1,0,0,21007,7.46,18776,263,60,5310,4322,26.3,2100.7,16,0,0,0,8,1,0,0,0,0,11553,5.95,13381,203,36,20.3,1155.3
1,19,5,1,9,5,7,1,0,0,1,17286,6.99,19008,219,64,1576,1768,21.9,1728.6,19,0,0,5,9,0,0,1,0,0,14603,6.53,15387,232,51,23.2,1460.3
1,22,1,0,6,3,7,1,1,0,0,17316,6.8,18610,228,74,1205,2302,22.8,1731.6,9,0,1,3,6,3,1,0,0,0,15750,6.71,16980,207,40,20.7,1575.0
1,19,4,1,9,4,10,1,0,0,0,15880,7.66,21335,245,57,3117,455,24.5,1588.0,18,1,0,4,9,2,1,0,0,0,13703,6.93,18660,215,39,21.5,1370.3
1,18,2,0,8,3,12,0,0,0,0,16895,6.8,20715,203,69,1358,2250,20.3,1689.5,18,2,1,3,8,11,0,0,0,1,14560,6.46,14009,195,46,19.5,1456.0
0,20,4,1,4,6,4,2,0,0,1,15999,7.18,14448,215,50,-1543,1204,21.5,1599.9,20,4,0,6,4,8,0,1,0,0,17938,7.17,16720,188,66,18.8,1793.8
0,21,0,0,0,9,8,0,0,0,0,13966,6.22,13109,171,46,-3263,-3614,17.1,1396.6,29,4,1,9,0,9,2,0,0,0,20083,7.38,19951,261,70,26.1,2008.3
1,20,3,0,8,7,6,0,0,0,1,16269,7.32,16834,208,34,-47,-691,20.8,1626.9,19,2,1,7,8,8,1,0,0,0,16776,6.48,17278,209,53,20.9,1677.6
0,19,2,1,4,5,6,2,0,1,0,17124,7.33,18866,262,52,3264,539,26.2,1712.4,20,0,0,5,4,6,0,0,0,0,14611,6.47,16722,236,54,23.6,1461.1
0,17,0,0,5,6,8,1,1,0,0,15745,6.97,17430,214,42,-1481,-1088,21.4,1574.5,26,3,1,6,5,6,1,2,0,2,17858,6.91,18246,265,43,26.5,1785.8
0,9,5,0,6,7,6,1,0,0,0,17110,6.92,18001,265,52,-221,-509,26.5,1711.0,18,2,1,7,6,7,0,0,0,0,18787,7.01,17015,198,47,19.8,1878.7
0,18,0,1,4,6,4,1,0,0,1,16178,7.31,17266,201,41,-332,-2033,20.1,1617.8,28,3,0,6,4,8,0,0,0,1,17730,6.99,18522,224,46,22.4,1773.0
1,21,3,1,8,4,8,1,1,0,2,19303,6.71,18779,263,71,4921,2597,26.3,1930.3,17,2,0,4,8,3,1,0,0,0,16039,6.34,16318,216,48,21.6,1603.9
1,17,1,0,9,4,13,0,0,0,0,18478,6.48,17996,247,72,1889,892,24.7,1847.8,16,1,1,4,9,4,1,1,0,0,17410,6.54,14809,208,43,20.8,1741.0
1,18,0,1,6,5,5,0,2,1,1,15255,6.52,18761,194,64,-4,835,19.4,1525.5,18,0,0,5,6,6,1,0,1,0,14669,6.98,15246,240,45,24.0,1466.9
0,19,2,0,6,5,10,0,1,1,0,17819,6.89,18717,215,62,3034,1188,21.5,1781.9,16,0,1,5,6,7,0,1,0,0,17155,6.78,16637,187,47,18.7,1715.5
0,25,1,0,6,6,4,0,0,1,1,15762,6.64,18037,248,56,39,612,24.8,1576.2,22,1,1,6,6,8,1,1,0,0,17867,7.43,18974,225,62,22.5,1786.7
1,26,0,0,10,6,5,0,1,0,2,18978,6.76,16596,231,68,526,1018,23.1,1897.8,24,2,1,6,10,8,0,0,0,0,17817,7.11,18140,225,43,22.5,1781.7
0,13,1,1,0,10,3,0,0,0,0,16200,7.18,15869,190,36,-4099,-2490,19.0,1620.0,27,4,0,10,0,7,1,1,0,0,18399,7.9,17945,238,56,23.8,1839.9
0,13,0,0,2,11,3,0,0,0,0,13787,6.14,15908,161,20,-4604,-2575,16.1,1378.7,16,3,1,11,2,9,1,0,0,1,21161,7.54,19675,220,46,22.0,2116.1
1,18,2,1,6,6,2,1,0,0,1,16472,7.26,16902,184,43,-579,1590,18.4,1647.2,26,3,0,6,6,9,0,1,0,0,15850,7.15,17053,199,47,19.9,1585.0
0,25,2,0,6,5,5,1,0,0,0,14360,7.01,18560,241,51,157,-330,24.1,1436.0,23,3,1,5,6,2,1,0,0,1,17882,6.53,17302,213,60,21.3,1788.2
1,23,0,0,5,0,11,1,1,0,1,16813,7.59,17902,211,64,2936,1899,21.1,1681.3,14,2,1,0,5,0,0,0,0,0,14853,6.55,17335,215,63,21.5,1485.3
1,24,2,0,6,3,12,0,0,1,1,18128,7.42,19451,272,72,1172,1130,27.2,1812.8,10,3,1,3,6,6,0,0,0,0,15670,6.18,17746,206,35,20.6,1567.0
1,26,3,1,10,0,8,0,0,0,0,19144,7.42,20339,259,62,895,1758,25.9,1914.4,12,2,0,0,10,5,0,1,0,0,16274,6.67,14821,235,46,23.5,1627.4
0,15,0,1,1,7,1,0,0,1,0,14637,6.55,17255,155,41,-435,-653,15.5,1463.7,26,3,0,7,1,4,0,1,0,0,18586,6.99,19351,220,59,22.0,1858.6
1,26,3,1,7,5,6,1,0,0,0,17775,6.49,15897,225,52,-196,-1049,22.5,1777.5,26,3,0,5,7,4,0,0,0,1,17972,7.16,17758,220,56,22.0,1797.2
1,21,3,0,5,3,9,0,1,0,0,16466,6.47,14060,212,67,741,1876,21.2,1646.6,23,1,1,3,5,6,1,1,0,1,14630,6.97,16817,248,72,24.8,1463.0
1,21,2,1,13,0,12,0,0,1,2,22823,7.75,22554,248,68,5105,2951,24.8,2282.3,17,2,0,0,13,0,0,0,0,1,13875,6.51,13222,183,44,18.3,1387.5
1,22,3,1,8,4,12,1,1,0,0,17091,7.93,21072,240,58,2398,1498,24.0,1709.1,20,1,0,4,8,5,0,0,0,0,14753,6.85,13927,191,53,19.1,1475.3
1,28,4,1,7,4,8,1,1,0,0,18923,6.99,16407,229,72,1055,354,22.9,1892.3,9,0,0,4,7,0,0,1,0,2,14015,6.51,18506,226,36,22.6,1401.5
0,17,0,1,3,7,2,2,0,0,1,15824,6.8,17631,222,72,-1870,-288,22.2,1582.4,19,0,0,7,3,3,1,2,0,0,18063,7.44,15956,252,68,25.2,1806.3
0,23,1,1,5,11,3,0,0,0,0,14886,6.32,16475,185,52,-1555,-518,18.5,1488.6,27,4,0,11,5,7,0,1,1,0,21834,7.38,19672,259,50,25.9,2183.4
1,18,4,1,9,11,8,1,0,0,0,17526,7.05,20308,247,52,1473,3224,24.7,1752.6,23,2,0,11,9,2,0,1,0,1,13968,6.33,18678,197,49,19.7,1396.8
0,14,0,1,3,10,2,0,1,0,0,13996,6.51,17726,175,40,-2753,-1321,17.5,1399.6,33,2,0,10,3,12,0,1,1,0,18850,7.47,16973,277,83,27.7,1885.0
1,23,3,1,7,9,4,0,0,0,1,16487,6.6,18401,211,70,279,-435,21.1,1648.7,21,3,0,9,7,6,0,0,0,1,16686,7.28,17644,231,60,23.1,1668.6
1,15,0,1,6,7,8,0,0,0,1,15431,6.52,16931,212,62,476,-202,21.2,1543.1,22,1,0,7,6,8,0,1,0,1,16216,6.65,17578,235,51,23.5,1621.6
1,27,3,1,7,4,7,0,0,0,1,18990,7.65,16444,269,69,1441,2425,26.9,1899.0,24,0,0,4,7,0,0,0,0,2,15917,6.82,17183,196,41,19.6,1591.7
0,21,2,0,6,3,2,1,0,0,0,16475,7.17,17607,193,58,375,85,19.3,1647.5,21,3,1,3,6,9,2,0,1,1,16453,7.06,18105,187,58,18.7,1645.3
0,11,0,0,0,5,3,0,0,1,0,13257,6.78,12855,197,36,-4563,-3226,19.7,1325.7,27,2,1,5,0,12,2,1,0,0,18393,7.95,18649,268,68,26.8,1839.3
1,21,1,0,1,0,9,1,0,0,1,16586,7.32,15806,241,66,403,910,24.1,1658.6,20,2,1,0,1,6,1,1,0,1,16630,7.03,16900,221,55,22.1,1663.0
0,16,2,1,4,6,2,1,1,0,1,17185,6.41,20352,227,62,-740,75,22.7,1718.5,16,1,0,6,4,6,1,1,1,0,15706,7.91,17797,219,65,21.9,1570.6
0,22,2,0,2,9,8,1,1,0,2,14473,6.69,16623,215,57,-308,1666,21.5,1447.3,20,1,1,9,2,7,0,0,0,0,17919,7.25,16262,241,57,24.1,1791.9
0,29,1,1,3,7,3,1,0,0,2,16942,7.0,18075,230,50,-1917,-16,23.0,1694.2,23,5,0,7,3,4,1,1,0,0,17470,6.87,17000,192,65,19.2,1747.0
1,18,0,0,5,6,4,1,0,0,1,18173,6.55,18277,245,51,-1011,-125,24.5,1817.3,20,4,1,6,5,6,0,0,0,1,14395,6.89,16430,239,62,23.9,1439.5
1,24,3,0,8,6,5,1,0,0,0,18926,7.62,19099,214,59,677,2124,21.4,1892.6,19,5,1,6,8,8,1,0,0,0,15751,6.61,18206,215,51,21.5,1575.1
0,17,1,0,1,10,2,1,0,0,0,13025,6.51,11799,194,56,-3064,-1058,19.4,1302.5,30,3,1,10,1,12,0,0,1,1,19492,6.86,20410,255,53,25.5,1949.2
0,19,3,1,6,4,6,0,0,0,0,14917,6.45,18771,215,61,-575,-178,21.5,1491.7,15,0,0,4,6,3,1,1,1,1,15168,6.96,18396,239,53,23.9,1516.8
1,21,3,0,7,6,8,0,0,0,1,17331,7.3,18330,211,62,421,1311,21.1,1733.1,22,1,1,6,7,4,0,0,0,1,15811,6.28,16239,228,46,22.8,1581.1
0,14,1,1,4,9,3,0,0,0,2,14261,7.02,17285,245,55,29,-955,24.5,1426.1,25,1,0,9,4,6,0,0,0,1,17472,6.79,17297,243,53,24.3,1747.2
0,18,3,0,3,14,3,0,0,0,1,13404,6.65,14458,196,46,-2833,-2545,19.6,1340.4,17,2,1,14,3,11,1,1,0,2,16930,7.14,21942,248,66,24.8,1693.0
1,20,1,0,10,4,8,0,1,0,1,15662,7.36,17190,224,33,1662,-585,22.4,1566.2,24,2,1,4,10,8,0,1,1,0,16686,6.59,18272,222,71,22.2,1668.6
1,18,4,1,4,7,11,1,0,1,3,18880,7.32,17852,213,55,1513,1696,21.3,1888.0,33,3,0,7,4,5,0,0,1,1,14784,7.2,16094,193,37,19.3,1478.4
1,25,4,0,9,5,7,1,1,0,1,17727,7.45,16401,229,53,1121,-584,22.9,1772.7,27,5,1,5,9,8,0,1,0,0,18777,6.82,16209,250,50,25.0,1877.7
0,17,3,0,0,15,4,1,0,0,1,12931,6.78,14153,211,44,-2779,-3491,21.1,1293.1,33,2,1,15,0,12,2,0,1,1,20664,6.9,20121,243,63,24.3,2066.4
1,20,2,0,6,3,8,0,0,0,1,17070,6.85,20004,204,40,60,47,20.4,1707.0,12,0,1,3,6,4,0,0,0,0,14833,6.65,18732,215,41,21.5,1483.3
0,23,5,1,1,11,1,1,0,0,0,13012,6.24,14779,213,57,-3247,-1763,21.3,1301.2,27,1,0,11,1,16,1,1,1,1,19833,7.39,20673,241,65,24.1,1983.3
1,11,2,1,5,6,7,0,0,0,2,17605,6.94,18599,240,47,2678,1493,24.0,1760.5,21,2,0,6,5,7,0,0,0,1,17810,6.79,17216,239,73,23.9,1781.0
1,25,2,0,2,11,7,0,1,0,0,14392,6.67,15580,215,55,-68,-3189,21.5,1439.2,20,0,1,11,2,7,1,0,0,1,17306,7.29,18412,251,72,25.1,1730.6
0,13,1,0,5,12,7,1,0,0,0,13734,6.37,16514,188,45,-1946,-1781,18.8,1373.4,32,1,1,12,5,3,0,1,0,1,16267,7.19,21094,234,44,23.4,1626.7
0,20,0,0,5,5,0,1,1,0,0,16747,6.44,16872,208,57,248,-407,20.8,1674.7,19,1,1,5,5,1,0,0,0,2,18708,7.76,17493,217,73,21.7,1870.8
0,17,4,0,1,6,7,0,1,0,0,17670,6.78,16457,186,38,-684,814,18.6,1767.0,16,1,1,6,1,8,0,0,1,1,16572,7.37,17502,217,43,21.7,1657.2
1,14,1,0,6,12,3,0,1,0,1,15735,6.51,14835,184,45,-243,-1236,18.4,1573.5,23,3,1,12,6,10,0,1,0,0,18345,6.99,17314,247,59,24.7,1834.5
0,28,4,1,8,5,8,2,0,0,2,15310,7.07,18763,244,71,-24,55,24.4,1531.0,15,4,0,5,8,1,0,0,0,0,15839,6.82,16149,202,49,20.2,1583.9
0,28,4,1,2,9,2,0,0,0,0,17211,5.98,15635,243,47,-2175,-1397,24.3,1721.1,28,3,0,9,2,3,0,0,0,0,17682,7.12,18648,220,53,22.0,1768.2
1,21,3,0,9,1,7,0,0,0,0,15943,7.52,19416,225,47,3717,3139,22.5,1594.3,7,0,1,1,9,9,0,0,0,1,15429,7.33,16210,248,51,24.8,1542.9
0,22,1,1,8,5,3,1,1,0,0,15383,6.85,15814,235,59,1024,2146,23.5,1538.3,18,0,0,5,8,5,0,0,1,1,16457,6.8,18673,199,69,19.9,1645.7
1,19,1,1,1,6,4,0,1,0,0,15051,6.84,15659,200,50,-1899,-819,20.0,1505.1,11,4,0,6,1,7,0,1,1,0,16472,6.64,16035,209,50,20.9,1647.2
0,27,0,0,5,10,6,0,0,0,0,15616,5.85,13526,208,44,-918,-206,20.8,1561.6,24,4,1,10,5,8,1,1,0,0,15469,7.21,19721,249,54,24.9,1546.9
0,6,1,1,1,11,4,0,0,0,0,13659,6.52,14023,208,53,-2558,-2020,20.8,1365.9,29,4,0,11,1,10,1,1,0,0,17658,7.33,20282,272,66,27.2,1765.8
1,22,3,1,8,8,12,0,0,0,0,18464,6.92,17259,234,51,-1002,-316,23.4,1846.4,22,1,0,8,8,1,1,1,0,0,16291,7.0,16456,216,44,21.6,1629.1
0,16,1,0,3,4,4,1,0,0,0,16301,6.79,18750,207,45,-358,-868,20.7,1630.1,26,1,1,4,3,10,0,1,0,0,14959,7.56,15735,220,72,22.0,1495.9
0,3,0,0,3,12,0,0,0,0,0,13229,6.37,16271,208,47,-3590,-4115,20.8,1322.9,18,3,1,12,3,11,1,0,0,1,20468,7.87,22313,256,64,25.6,2046.8
1,17,1,0,4,7,8,0,0,0,0,14140,6.57,18111,190,45,615,-853,19.0,1414.0,22,6,1,7,4,12,1,0,0,2,16320,7.06,21655,197,53,19.7,1632.0
0,27,3,0,3,3,0,0,0,0,0,16837,6.81,17064,239,41,-2008,-573,23.9,1683.7,22,2,1,3,3,9,1,0,0,2,15888,7.55,19491,230,53,23.0,1588.8
1,20,3,1,8,4,10,0,1,0,0,18525,6.35,19770,221,93,1093,2453,22.1,1852.5,16,0,0,4,8,3,0,1,0,0,12725,5.86,15559,186,56,18.6,1272.5
0,21,4,0,4,13,4,0,0,0,0,12893,6.57,14466,211,54,-3853,-2277,21.1,1289.3,19,3,1,13,4,9,1,0,0,1,17701,7.72,17839,244,59,24.4,1770.1
0,23,0,1,1,13,0,0,0,0,1,13705,6.6,15303,172,64,-3316,-2994,17.2,1370.5,26,1,0,13,1,13,1,0,0,1,17742,7.21,17777,242,59,24.2,1774.2
1,22,3,1,11,3,5,1,1,0,1,19707,7.72,18033,209,61,1555,2041,20.9,1970.7,11,2,0,3,11,3,1,0,0,1,15461,6.97,16447,192,46,19.2,1546.1
1,23,2,0,9,5,5,1,1,1,0,18699,7.34,20636,202,57,2477,3074,20.2,1869.9,17,1,1,5,9,3,0,0,0,1,15560,6.89,13286,190,49,19.0,1556.0
0,10,5,0,1,9,7,1,0,0,1,15200,5.9,15969,185,38,-1135,-1371,18.5,1520.0,22,1,1,9,1,6,0,0,0,2,16938,6.73,18310,231,56,23.1,1693.8
0,15,2,1,5,6,3,3,0,0,0,14954,6.58,18113,236,49,627,-2497,23.6,1495.4,19,0,0,6,5,5,1,0,0,1,17187,7.58,17666,223,56,22.3,1718.7
1,26,6,1,7,3,7,0,0,1,2,17952,6.89,16471,221,39,-718,-255,22.1,1795.2,12,1,0,3,7,5,0,1,1,0,17649,6.58,14346,191,62,19.1,1764.9
0,16,0,0,0,11,0,0,0,0,0,11541,6.28,16447,204,20,-6223,-4537,20.4,1154.1,26,3,1,11,0,3,1,1,1,2,18144,6.71,19691,224,91,22.4,1814.4
0,18,3,1,2,10,0,1,0,1,0,14070,6.31,14103,209,39,-3750,-2208,20.9,1407.0,26,4,0,10,2,9,2,1,0,1,18637,7.57,20716,258,64,25.8,1863.7
0,20,2,1,7,7,3,0,0,0,1,15517,6.85,16552,229,50,-1700,-843,22.9,1551.7,18,2,0,7,7,6,0,1,0,0,16563,6.61,17804,179,45,17.9,1656.3
1,34,4,0,12,2,9,1,1,1,0,16977,6.95,19843,262,61,2342,2555,26.2,1697.7,17,0,1,2,12,2,0,0,1,0,15030,6.75,16685,191,51,19.1,1503.0
0,17,0,0,7,7,4,1,0,0,0,15470,7.35,15113,210,58,-2475,-907,21.0,1547.0,17,3,1,7,7,8,1,1,0,1,16261,6.95,15663,237,58,23.7,1626.1
1,28,3,0,11,3,10,1,1,0,0,14880,6.88,17595,213,49,1581,1416,21.3,1488.0,27,3,1,3,11,2,0,0,0,1,16807,6.96,17374,190,58,19.0,1680.7
1,23,1,1,8,7,10,1,1,0,2,17373,7.94,18364,204,67,3601,2686,20.4,1737.3,29,1,0,7,8,6,0,1,0,0,14079,6.14,17226,197,53,19.7,1407.9
1,33,3,1,12,0,6,2,0,0,1,16808,6.95,21773,247,68,3749,3568,24.7,1680.8,18,1,0,0,12,4,0,0,0,0,15591,6.28,15816,191,52,19.1,1559.1
1,13,0,0,3,7,7,0,0,0,0,14896,6.61,15898,212,49,635,-635,21.2,1489.6,25,1,1,7,3,11,1,0,1,0,17209,6.91,18241,241,67,24.1,1720.9
1,21,2,0,10,6,8,1,0,0,0,15013,7.15,19292,199,43,2259,702,19.9,1501.3,28,2,1,6,10,9,0,1,0,0,16661,6.76,18746,215,47,21.5,1666.1
1,22,5,0,8,2,10,0,1,1,1,18960,6.84,20016,228,88,3145,1658,22.8,1896.0,18,0,1,2,8,3,0,0,0,1,13547,7.19,16085,208,44,20.8,1354.7
0,18,2,0,7,7,5,0,0,0,1,14142,6.94,14471,186,62,-2272,-2171,18.6,1414.2,30,1,1,7,7,10,0,1,0,2,22499,7.35,21647,247,59,24.7,2249.9
1,28,1,0,12,0,11,1,0,1,2,18240,7.21,19182,207,58,569,827,20.7,1824.0,12,2,1,0,12,4,0,1,1,1,13356,6.39,13615,206,69,20.6,1335.6
1,20,0,0,2,9,3,0,0,0,0,16504,6.69,16362,238,60,-2412,516,23.8,1650.4,9,3,1,9,2,5,0,1,0,1,17053,6.8,19982,234,60,23.4,1705.3
1,26,3,1,9,5,3,1,1,1,0,18111,7.38,16243,233,61,1417,-755,23.3,1811.1,23,1,0,5,9,6,1,0,0,1,16960,6.77,18359,232,62,23.2,1696.0
0,16,4,0,6,7,7,0,0,0,1,15704,6.68,16580,248,63,143,-108,24.8,1570.4,25,1,1,7,6,4,1,1,0,0,19245,7.67,16471,230,47,23.0,1924.5
0,14,0,1,3,4,2,0,1,0,0,15154,6.46,16350,226,43,-1743,-671,22.6,1515.4,20,2,0,4,3,9,0,0,0,2,18291,7.33,19193,249,41,24.9,1829.1
0,18,5,0,4,12,5,0,1,0,0,13906,6.51,17818,231,63,-1429,-1375,23.1,1390.6,18,0,1,12,4,9,1,0,0,0,17204,6.5,18378,211,58,21.1,1720.4
0,20,2,0,7,5,4,0,0,0,0,16664,6.86,19601,188,42,1312,587,18.8,1666.4,20,2,1,5,7,4,0,0,0,1,19232,6.21,16182,228,42,22.8,1923.2
1,21,0,1,9,0,10,0,0,0,0,19520,6.71,18362,219,41,2885,1291,21.9,1952.0,16,2,0,0,9,7,0,0,0,0,13713,6.55,17713,189,40,18.9,1371.3
1,15,0,1,9,7,4,0,0,0,0,15209,7.0,18470,242,52,-454,-877,24.2,1520.9,28,1,0,7,9,5,1,0,0,1,14435,8.03,15698,185,57,18.5,1443.5
0,26,3,0,7,5,6,0,0,0,1,18945,6.79,19775,238,49,-207,-15,23.8,1894.5,11,0,1,5,7,10,0,0,0,1,16397,6.36,17071,220,67,22.0,1639.7
1,19,2,0,6,2,6,2,1,0,1,14911,6.98,17646,244,65,1173,2126,24.4,1491.1,18,0,1,2,6,5,0,0,0,0,15760,6.96,16501,213,49,21.3,1576.0
0,25,4,0,5,11,1,0,0,0,0,15337,6.6,15462,189,32,-2617,-609,18.9,1533.7,21,2,1,11,5,7,0,0,1,1,19231,7.43,18054,224,72,22.4,1923.1
1,22,1,1,4,6,10,1,1,0,1,16510,7.37,18240,241,61,977,1431,24.1,1651.0,14,2,0,6,4,6,1,1,1,0,15576,7.23,16055,217,49,21.7,1557.6
0,25,3,0,7,5,11,0,0,0,0,14868,7.21,19779,205,53,2211,2889,20.5,1486.8,21,3,1,5,7,1,0,0,0,0,14639,6.64,13616,232,34,23.2,1463.9
1,28,3,1,11,0,11,3,1,0,1,21261,7.72,21728,248,86,5070,6055,24.8,2126.1,14,1,0,0,11,0,0,0,0,0,11948,6.01,15166,189,33,18.9,1194.8
0,15,2,1,7,8,3,0,0,0,2,16063,6.75,16860,226,37,531,-4,22.6,1606.3,28,3,0,8,7,9,0,0,0,0,18349,7.01,20842,218,76,21.8,1834.9
1,21,1,1,9,4,4,0,0,0,1,16366,6.96,17640,194,67,-1217,-1070,19.4,1636.6,31,4,0,4,9,3,0,0,0,1,17279,7.25,17288,241,59,24.1,1727.9
0,31,2,0,8,5,6,0,1,0,2,16654,7.78,16620,231,71,2842,1154,23.1,1665.4,4,3,1,5,8,2,0,0,0,0,16174,6.72,15389,202,35,20.2,1617.4
1,23,3,0,7,7,8,1,1,1,1,18582,7.52,17077,224,59,987,1341,22.4,1858.2,22,1,1,7,7,3,1,0,0,1,15547,6.54,15733,234,34,23.4,1554.7
0,23,2,1,3,9,4,0,0,0,1,15210,6.44,17745,208,57,-1544,-2204,20.8,1521.0,17,0,0,9,3,9,1,0,0,0,20146,7.08,19767,202,58,20.2,2014.6
0,23,2,0,7,5,3,0,0,0,1,17081,7.2,14379,207,61,-2045,-524,20.7,1708.1,30,1,1,5,7,6,0,0,0,1,18884,7.52,18795,251,49,25.1,1888.4
1,23,4,0,7,5,10,1,0,0,2,16662,7.2,17244,206,58,-1224,-15,20.6,1666.2,20,1,1,5,7,4,0,1,0,0,16935,7.29,17191,210,63,21.0,1693.5
0,19,0,1,3,5,4,0,0,0,1,16483,6.7,17955,193,59,-937,-1783,19.3,1648.3,16,2,0,5,3,7,0,0,0,0,17521,7.32,18694,213,51,21.3,1752.1
0,22,0,1,7,7,10,1,0,0,0,16409,7.08,17355,221,48,-690,-463,22.1,1640.9,17,2,0,7,7,7,0,0,1,1,18923,7.09,20668,237,73,23.7,1892.3
1,24,4,1,9,4,6,0,1,0,0,18447,7.16,18776,195,65,639,455,19.5,1844.7,14,4,0,4,9,0,1,1,0,1,15460,6.86,15989,214,55,21.4,1546.0
1,15,1,1,6,2,7,1,2,0,1,18384,7.22,18686,221,57,1713,705,22.1,1838.4,20,2,0,2,6,7,0,1,1,1,16922,6.54,16986,219,48,21.9,1692.2
0,20,1,1,1,8,4,0,0,0,0,17008,6.62,19956,218,49,-1303,-2708,21.8,1700.8,13,2,0,8,1,12,0,0,0,0,16317,6.77,19099,208,49,20.8,1631.7
0,15,0,0,2,8,1,0,1,0,0,14320,6.18,17463,198,52,-3043,-2689,19.8,1432.0,22,1,1,8,2,9,1,0,1,0,21764,6.99,19437,269,70,26.9,2176.4
0,14,0,1,0,8,2,0,1,0,0,14895,6.71,14289,182,31,-2326,-2774,18.2,1489.5,15,6,0,8,0,11,0,1,0,2,20355,6.98,17198,251,74,25.1,2035.5
0,24,0,0,0,10,4,1,0,0,1,14849,6.71,12577,214,61,-1596,418,21.4,1484.9,27,5,1,10,0,6,1,1,0,1,16026,6.88,17657,259,60,25.9,1602.6
0,14,0,0,1,6,1,1,0,0,0,14765,6.48,15117,215,45,-852,-1936,21.5,1476.5,21,4,1,6,1,8,1,0,0,2,19247,7.31,17645,236,59,23.6,1924.7
1,13,3,1,8,6,3,1,1,0,0,17845,6.85,20822,233,59,239,193,23.3,1784.5,22,2,0,6,8,6,0,1,0,1,16131,6.75,16982,197,67,19.7,1613.1
0,22,1,0,5,5,6,0,0,0,0,14942,6.47,16027,202,48,-2692,-2135,20.2,1494.2,22,1,1,5,5,9,1,0,1,1,18636,7.56,17992,237,68,23.7,1863.6
0,11,2,1,10,5,6,0,0,0,0,13645,6.37,14813,236,56,903,-1659,23.6,1364.5,13,2,0,5,10,6,0,0,0,0,17988,6.9,20380,288,86,28.8,1798.8
0,9,1,0,3,10,1,0,0,0,0,15885,7.14,16875,202,46,-121,22,20.2,1588.5,19,0,1,10,3,4,1,1,1,0,17603,6.28,17038,215,61,21.5,1760.3
1,24,3,0,8,6,6,1,1,1,1,17500,6.84,16402,188,56,-603,-1842,18.8,1750.0,21,2,1,6,8,4,0,0,1,1,17260,7.42,19014,239,60,23.9,1726.0
1,23,2,1,10,2,11,1,0,1,1,18436,6.57,17801,213,59,2950,1855,21.3,1843.6,14,1,0,2,10,2,1,0,0,1,15445,6.71,15081,224,36,22.4,1544.5
1,24,0,0,6,6,8,1,1,1,2,17405,7.33,16012,230,86,1699,2846,23.0,1740.5,12,0,1,6,6,0,0,0,0,1,15852,7.36,17269,216,43,21.6,1585.2
0,18,2,0,6,10,2,0,1,1,1,15916,7.01,16778,198,48,-967,761,19.8,1591.6,31,3,1,10,6,6,1,0,0,0,15216,6.82,16717,190,64,19.0,1521.6
0,12,3,0,4,8,2,0,0,0,0,15158,6.98,16703,233,61,-775,45,23.3,1515.8,15,1,1,8,4,6,1,0,1,1,17934,7.43,17850,208,45,20.8,1793.4
1,13,1,0,6,9,5,1,0,0,1,14874,7.17,18275,233,43,-679,-911,23.3,1487.4,17,2,1,9,6,4,0,0,0,1,16927,7.62,18919,240,67,24.0,1692.7
1,19,4,0,9,4,11,2,0,1,1,16702,6.93,17890,254,46,1622,-184,25.4,1670.2,20,5,1,4,9,7,1,0,0,1,16507,6.44,15446,194,51,19.4,1650.7
1,15,1,0,6,5,6,0,1,0,2,15666,7.1,18478,237,65,853,968,23.7,1566.6,17,2,1,5,6,4,0,0,0,0,15252,6.53,17089,175,72,17.5,1525.2
0,20,3,1,6,8,6,0,0,0,0,12869,6.21,14801,176,17,-1239,-2125,17.6,1286.9,24,4,0,8,6,13,1,0,0,2,17581,7.28,18933,227,68,22.7,1758.1
1,18,5,0,9,7,4,0,0,1,1,16456,6.73,16901,219,43,1679,979,21.9,1645.6,16,1,1,7,9,8,0,0,0,1,15051,7.16,15542,197,43,19.7,1505.1
0,17,1,0,5,13,6,0,0,0,0,14613,6.72,14920,193,33,-3449,-3413,19.3,1461.3,23,1,1,13,5,12,1,1,1,1,20142,8.34,21304,227,56,22.7,2014.2
1,21,2,0,4,2,7,1,1,0,1,14917,6.94,17482,231,62,1063,-168,23.1,1491.7,22,2,1,2,4,7,1,0,1,1,15447,6.47,17414,222,40,22.2,1544.7
1,23,2,0,8,2,4,1,0,0,0,20242,6.96,18938,227,56,2053,3067,22.7,2024.2,20,1,1,2,8,10,0,1,1,0,13993,6.12,15962,202,67,20.2,1399.3
0,22,4,1,7,6,3,2,1,0,0,17185,6.92,16073,237,37,-594,158,23.7,1718.5,27,3,0,6,7,9,0,1,0,1,17225,7.19,18661,257,59,25.7,1722.5
1,22,4,1,8,0,7,2,1,0,2,19315,7.04,20784,236,63,3384,1729,23.6,1931.5,17,1,0,0,8,0,0,1,0,0,14839,5.98,15685,220,44,22.0,1483.9
0,19,5,0,1,8,5,0,0,1,1,17158,6.49,18167,213,48,-1720,-1047,21.3,1715.8,20,5,1,8,1,5,1,1,0,1,16938,7.01,19815,223,65,22.3,1693.8
0,22,3,0,6,6,5,1,0,0,2,16312,7.23,15323,226,60,-731,122,22.6,1631.2,25,2,1,6,6,2,0,0,1,1,17919,7.09,18405,245,41,24.5,1791.9
1,8,1,1,5,6,5,1,0,0,2,16492,6.29,17224,221,37,-217,-819,22.1,1649.2,17,3,0,6,5,2,0,0,0,1,17458,7.41,17208,230,54,23.0,1745.8
0,23,1,1,5,5,11,0,0,0,1,14453,6.7,19687,219,54,-975,-712,21.9,1445.3,19,4,0,5,5,4,0,0,0,1,18543,7.58,17887,224,56,22.4,1854.3
0,21,2,1,5,9,4,1,0,0,1,16475,6.91,14995,212,55,56,648,21.2,1647.5,19,3,0,9,5,6,1,1,0,0,18269,7.65,17997,228,77,22.8,1826.9
1,23,0,1,11,6,7,1,1,0,0,17360,7.07,16593,222,59,1257,392,22.2,1736.0,23,2,0,6,11,0,1,0,0,0,17862,6.63,21481,178,57,17.8,1786.2
1,15,2,0,7,4,7,0,0,0,0,17364,6.82,19983,218,66,3322,1270,21.8,1736.4,23,4,1,4,7,6,1,1,0,2,13107,6.48,16037,199,62,19.9,1310.7
1,21,2,1,10,3,9,1,0,0,1,18158,7.42,19529,223,67,2085,908,22.3,1815.8,17,3,0,3,10,2,0,0,1,0,13207,6.84,16351,189,55,18.9,1320.7
0,15,2,0,7,8,8,1,0,0,0,15100,6.91,17441,204,64,192,1300,20.4,1510.0,19,1,1,8,7,9,0,0,1,0,18055,7.06,16479,198,58,19.8,1805.5
0,25,5,1,4,5,2,2,0,0,1,19466,7.54,16798,228,72,1013,-49,22.8,1946.6,18,4,0,5,4,11,0,0,1,0,16231,7.09,14103,212,32,21.2,1623.1
0,12,2,0,8,6,5,0,0,0,0,13344,6.95,17254,199,38,-2270,-1517,19.9,1334.4,23,1,1,6,8,12,0,1,0,1,17169,7.34,18233,252,64,25.2,1716.9
0,17,0,1,9,8,7,1,1,0,0,19623,7.01,20041,197,62,1477,-484,19.7,1962.3,21,2,0,8,9,1,0,1,0,0,14855,6.39,17136,204,42,20.4,1485.5
0,21,0,0,5,9,5,0,0,0,1,14487,7.09,16972,240,57,-3244,-700,24.0,1448.7,25,2,1,9,5,9,1,0,0,0,17061,6.71,14864,227,50,22.7,1706.1
1,19,3,1,11,1,8,1,1,0,0,16006,7.19,18170,224,57,2650,1063,22.4,1600.6,10,2,0,1,11,5,1,0,0,1,16761,6.85,15075,210,39,21.0,1676.1
1,20,3,1,11,0,10,0,1,1,2,19334,7.6,20146,234,64,3526,3780,23.4,1933.4,13,0,0,0,11,8,0,0,0,0,13362,6.86,14729,202,47,20.2,1336.2
0,24,4,0,8,8,6,0,0,0,1,16100,6.67,16165,205,78,-646,-417,20.5,1610.0,26,3,1,8,8,11,0,0,0,2,16209,7.14,16456,221,53,22.1,1620.9
0,20,2,0,0,14,0,0,0,0,0,13558,6.03,14153,180,39,-5483,-3040,18.0,1355.8,18,2,1,14,0,12,2,0,0,1,17876,8.07,19895,220,73,22.0,1787.6
0,23,3,1,7,8,10,0,0,1,0,14934,6.24,14749,200,62,-1949,-780,20.0,1493.4,15,0,0,8,7,7,1,1,1,1,15123,6.9,19718,226,48,22.6,1512.3
1,27,2,0,9,5,6,1,1,0,1,20099,7.02,18475,223,74,2835,972,22.3,2009.9,20,2,1,5,9,1,0,0,0,1,15862,7.07,17890,221,43,22.1,1586.2
1,20,4,0,8,6,11,0,0,1,1,18059,7.04,19211,243,72,1271,1564,24.3,1805.9,11,0,1,6,8,3,0,0,0,1,15249,7.03,17711,220,54,22.0,1524.9
1,19,1,1,5,5,3,0,0,0,0,16940,6.75,17871,217,70,187,647,21.7,1694.0,23,2,0,5,5,9,0,0,0,1,16436,6.49,17805,236,39,23.6,1643.6
1,19,4,0,8,0,7,2,0,0,0,17553,7.24,18568,253,63,1937,4258,25.3,1755.3,23,1,1,0,8,3,1,0,0,1,15657,7.12,15731,241,51,24.1,1565.7
1,22,2,1,7,3,8,0,1,0,1,20246,6.96,16976,246,59,74,-809,24.6,2024.6,26,1,0,3,7,5,1,0,0,1,16699,6.1,16816,246,49,24.6,1669.9
1,20,0,1,6,5,6,1,0,0,1,17844,7.21,19238,194,62,391,2780,19.4,1784.4,20,1,0,5,6,2,0,0,0,1,15625,7.16,14326,183,53,18.3,1562.5
1,20,3,1,9,5,5,1,2,0,0,17663,7.55,19114,241,63,2427,2612,24.1,1766.3,20,2,0,5,9,6,0,0,0,1,16634,6.89,17545,162,44,16.2,1663.4
1,26,5,1,13,2,8,1,1,0,3,18151,7.79,18480,219,64,3537,1740,21.9,1815.1,4,2,0,2,13,3,1,0,0,0,14699,7.08,14971,155,54,15.5,1469.9
1,27,2,1,4,4,9,0,1,0,0,18423,6.48,17273,247,56,408,1031,24.7,1842.3,17,0,0,4,4,6,1,0,0,0,16088,6.69,18385,195,50,19.5,1608.8
1,24,5,1,9,4,8,2,1,0,2,17867,6.73,16661,221,47,2763,2486,22.1,1786.7,25,0,0,4,9,8,1,0,1,0,14156,6.93,18337,203,40,20.3,1415.6
1,28,0,1,4,6,10,0,1,0,1,14988,6.88,18143,207,60,-1670,756,20.7,1498.8,15,3,0,6,4,7,1,0,0,1,17283,6.6,16559,217,59,21.7,1728.3
0,15,0,1,3,7,6,0,0,0,1,16263,6.61,18876,212,45,-300,-2298,21.2,1626.3,18,2,0,7,3,9,0,0,0,2,16402,7.23,18241,215,61,21.5,1640.2
1,14,3,1,10,3,8,1,1,1,3,19680,6.81,19034,252,67,2419,2828,25.2,1968.0,19,3,0,3,10,0,0,1,0,0,13166,7.07,18227,193,44,19.3,1316.6
0,24,2,1,7,4,0,0,0,1,1,16035,7.09,18587,196,51,-37,1986,19.6,1603.5,23,6,0,4,7,2,1,2,0,0,16949,6.31,18372,207,59,20.7,1694.9
1,18,1,1,8,6,4,1,0,1,0,18301,6.72,19852,234,49,394,2215,23.4,1830.1,21,3,0,6,8,2,1,0,1,0,13548,6.51,15527,215,63,21.5,1354.8
0,19,2,1,4,5,6,1,1,0,0,19254,7.16,17526,246,47,1118,308,24.6,1925.4,23,3,0,5,4,7,0,1,1,0,16495,6.69,15293,213,56,21.3,1649.5
0,10,1,0,7,8,1,0,0,0,0,17551,7.09,17358,217,62,-173,-589,21.7,1755.1,27,3,1,8,7,7,1,0,0,2,17722,7.02,16981,276,67,27.6,1772.2
1,16,1,1,6,6,6,1,0,1,1,17934,7.3,16443,222,40,-226,286,22.2,1793.4,24,1,0,6,6,7,1,0,1,2,16344,6.87,17211,219,63,21.9,1634.4
1,15,3,1,10,6,9,1,1,0,0,18701,7.01,20419,219,62,2319,2551,21.9,1870.1,23,2,0,6,10,4,0,1,0,0,13961,5.79,14506,221,36,22.1,1396.1
0,19,1,0,10,6,6,0,0,0,0,17406,7.05,17435,230,64,2194,481,23.0,1740.6,18,1,1,6,10,0,1,0,0,1,18303,6.55,15559,180,37,18.0,1830.3
0,15,1,0,0,11,2,0,0,0,0,15479,6.86,15637,212,40,-2973,-3517,21.2,1547.9,21,3,1,11,0,8,0,1,0,0,20518,7.25,18910,263,55,26.3,2051.8
0,20,1,0,7,7,10,0,0,0,1,14089,6.11,17965,221,48,-600,-755,22.1,1408.9,29,2,1,7,7,11,0,1,0,2,15768,6.37,16716,234,62,23.4,1576.8
1,30,1,1,10,7,10,1,1,0,2,18803,6.95,20134,245,62,1456,2668,24.5,1880.3,17,3,0,7,10,0,1,0,0,0,14444,6.73,14423,187,55,18.7,1444.4
0,23,3,1,8,6,5,1,1,0,1,15325,7.03,18317,231,47,741,-747,23.1,1532.5,23,1,0,6,8,0,1,0,1,1,16540,6.72,19737,197,77,19.7,1654.0
0,8,4,0,0,10,0,0,0,0,0,13221,6.98,13569,202,31,-4228,-2983,20.2,1322.1,22,2,1,10,0,10,1,1,0,0,19184,7.45,20827,238,63,23.8,1918.4
1,27,5,0,12,2,10,1,0,0,2,19596,6.52,20648,229,65,3793,3833,22.9,1959.6,9,0,1,2,12,0,0,0,0,0,13440,6.72,16526,219,45,21.9,1344.0
1,22,3,1,5,0,6,0,1,0,2,18123,6.67,18149,235,40,83,1331,23.5,1812.3,24,2,0,0,5,3,0,0,0,0,14919,6.71,16954,207,41,20.7,1491.9
0,19,1,0,7,6,10,1,0,0,1,15427,6.76,17410,202,53,269,-198,20.2,1542.7,24,1,1,6,7,9,1,0,0,0,16057,6.85,18683,192,47,19.2,1605.7
0,19,1,1,6,9,7,1,0,0,0,13972,6.85,16899,220,61,-1075,-179,22.0,1397.2,25,3,0,9,6,10,1,0,0,0,16971,6.83,16029,226,70,22.6,1697.1
1,23,4,0,8,5,12,0,0,1,2,19321,7.83,18668,219,61,1222,946,21.9,1932.1,11,1,1,5,8,3,0,0,1,0,14224,6.48,14832,192,53,19.2,1422.4
0,15,0,1,3,11,5,1,0,0,0,16083,7.11,18642,263,56,-2780,-859,26.3,1608.3,22,3,0,11,3,5,1,0,0,2,15722,6.98,18741,224,53,22.4,1572.2
1,21,2,1,8,5,11,0,1,0,1,17862,7.35,19787,262,62,1693,1948,26.2,1786.2,23,1,0,5,8,1,0,0,0,0,14576,6.64,12703,159,53,15.9,1457.6
1,27,3,1,9,6,5,0,0,0,0,16095,6.54,14864,245,55,-674,291,24.5,1609.5,13,4,0,6,9,5,0,0,0,0,14981,6.68,17555,178,59,17.8,1498.1
1,17,0,0,10,7,7,1,0,0,0,17241,6.96,18790,230,54,579,1290,23.0,1724.1,15,2,1,7,10,6,0,0,0,0,15841,6.34,16016,229,58,22.9,1584.1
1,15,3,0,11,6,4,1,0,0,0,15711,7.22,18373,222,67,576,124,22.2,1571.1,21,1,1,6,11,4,1,1,0,1,16341,7.47,16971,244,48,24.4,1634.1
1,19,2,0,7,6,5,0,0,0,1,15629,6.47,16329,186,61,-106,-719,18.6,1562.9,15,2,1,6,7,2,1,0,0,0,15353,6.7,16780,256,67,25.6,1535.3
0,16,0,0,9,3,8,1,0,0,0,19021,7.02,19310,241,66,1297,883,24.1,1902.1,5,3,1,3,9,7,0,0,1,0,16765,6.57,15841,225,41,22.5,1676.5
0,10,2,0,5,3,2,0,0,0,1,15973,6.63,16343,190,63,-2421,-1929,19.0,1597.3,19,1,1,3,5,10,1,0,0,1,18559,6.83,17035,207,68,20.7,1855.9
0,15,0,1,7,13,0,0,0,0,0,14774,6.26,15660,191,55,-2308,-3318,19.1,1477.4,19,4,0,13,7,10,0,1,1,2,18146,7.83,19958,244,77,24.4,1814.6
0,28,3,0,8,4,10,1,0,0,0,18587,7.3,17281,205,53,3153,1877,20.5,1858.7,22,2,1,4,8,5,0,0,0,1,16189,7.09,17453,191,62,19.1,1618.9
1,21,3,1,8,2,3,1,1,1,0,16053,7.36,16477,184,52,812,1293,18.4,1605.3,23,1,0,2,8,8,1,0,1,0,16298,7.05,15331,224,51,22.4,1629.8
1,22,3,1,6,4,11,1,1,0,1,18264,6.73,19836,208,64,1445,772,20.8,1826.4,16,1,0,4,6,4,1,0,0,0,17592,6.57,17147,241,60,24.1,1759.2
0,10,2,1,7,9,5,0,0,0,1,18155,6.63,17398,226,61,363,400,22.6,1815.5,32,2,0,9,7,9,0,0,0,1,17837,7.19,17604,196,51,19.6,1783.7
1,22,2,0,6,7,7,0,0,0,0,17477,6.79,16217,163,63,-672,-1764,16.3,1747.7,22,4,1,7,6,2,0,0,0,1,16056,7.38,18006,200,52,20.0,1605.6
1,22,1,1,6,5,9,2,0,1,1,18058,7.22,19177,230,60,818,1763,23.0,1805.8,15,0,0,5,6,3,0,0,0,0,15663,6.13,17875,227,37,22.7,1566.3
0,17,2,0,5,11,3,0,0,1,0,16534,7.55,16854,257,59,395,-803,25.7,1653.4,23,3,1,11,5,10,0,1,1,1,17782,6.95,17136,255,28,25.5,1778.2
0,20,1,0,5,9,6,0,0,1,0,16535,6.79,17183,205,65,-2638,-1896,20.5,1653.5,23,4,1,9,5,9,1,0,1,1,17752,6.81,18221,204,40,20.4,1775.2
1,20,3,1,4,6,6,1,0,0,0,17417,6.69,16088,233,41,-2901,470,23.3,1741.7,23,3,0,6,4,9,1,0,0,0,17190,6.05,18451,214,67,21.4,1719.0
1,19,4,1,12,0,12,0,1,1,1,19381,7.13,20754,228,63,3414,3148,22.8,1938.1,24,1,0,0,12,3,0,0,0,1,13645,5.89,16753,179,46,17.9,1364.5
0,18,2,0,4,11,6,0,0,0,0,15165,6.53,16521,254,55,-2164,-4783,25.4,1516.5,18,4,1,11,4,6,1,0,0,1,19328,7.22,17007,250,73,25.0,1932.8
1,27,5,0,8,3,9,2,1,1,1,13319,6.93,18401,233,58,1533,-243,23.3,1331.9,22,2,1,3,8,2,1,0,1,1,16318,7.04,17896,208,46,20.8,1631.8
0,16,1,0,3,11,0,0,0,0,0,12083,6.75,13970,198,48,-2461,-1560,19.8,1208.3,24,2,1,11,3,9,2,1,1,0,17747,7.59,22108,230,67,23.0,1774.7
1,15,1,1,6,6,5,0,0,0,0,17566,6.95,17872,200,49,1527,-94,20.0,1756.6,11,4,0,6,6,11,0,0,0,0,15933,6.59,16993,246,64,24.6,1593.3
0,18,1,0,0,8,3,0,0,0,2,16310,6.76,15976,210,57,533,-1290,21.0,1631.0,13,4,1,8,0,7,1,0,0,1,18914,6.3,19738,222,62,22.2,1891.4
0,20,0,0,0,13,0,0,0,0,1,14105,6.05,15077,191,43,-3975,-2685,19.1,1410.5,30,3,1,13,0,16,0,1,0,0,18372,7.73,19440,259,61,25.9,1837.2
0,15,0,1,8,1,8,0,0,0,2,16510,7.15,15506,218,53,284,-376,21.8,1651.0,24,2,0,1,8,1,1,0,0,0,15776,6.78,15554,226,35,22.6,1577.6
0,22,3,0,3,7,7,0,1,1,0,13910,6.75,18217,186,59,-2270,-746,18.6,1391.0,29,5,1,7,3,8,1,1,0,0,17351,7.25,20363,199,53,19.9,1735.1
0,12,0,0,3,11,3,0,0,0,0,15006,6.62,15131,178,36,-3758,-1009,17.8,1500.6,26,1,1,11,3,11,1,1,0,2,19569,7.17,18425,243,59,24.3,1956.9
1,23,1,0,10,5,8,1,1,1,0,18543,6.61,18853,247,65,3033,3127,24.7,1854.3,9,1,1,5,10,1,0,1,0,0,16696,6.15,17491,190,48,19.0,1669.6
1,20,3,0,9,4,10,1,0,0,1,20019,7.36,20671,221,68,3611,1721,22.1,2001.9,16,1,1,4,9,1,1,0,0,0,15159,5.89,14783,182,28,18.2,1515.9
1,20,2,1,8,3,8,0,1,0,1,16106,7.54,17243,273,67,3850,2271,27.3,1610.6,16,2,0,3,8,3,0,1,0,0,12671,6.43,16691,211,36,21.1,1267.1
1,28,4,1,7,4,10,1,1,0,1,18254,7.01,16913,258,66,682,1132,25.8,1825.4,19,1,0,4,7,8,1,0,0,1,16546,6.46,16926,221,63,22.1,1654.6
1,13,2,1,6,3,8,1,0,0,0,17714,7.2,17062,199,78,-310,1038,19.9,1771.4,15,4,0,3,6,1,1,0,0,1,14860,7.13,15223,253,58,25.3,1486.0
1,25,1,0,10,0,9,2,0,0,0,19047,7.38,16270,214,52,2756,1650,21.4,1904.7,24,1,1,0,10,4,1,0,0,1,14099,6.48,12402,204,45,20.4,1409.9
1,32,4,0,5,3,12,1,1,0,0,18960,7.11,20009,197,57,3764,2195,19.7,1896.0,12,0,1,3,5,0,0,0,0,0,12002,7.03,13285,184,54,18.4,1200.2
1,26,4,1,7,5,7,1,0,1,1,17318,6.78,17580,284,59,1906,1422,28.4,1731.8,18,0,0,5,7,4,1,0,1,0,15336,6.6,18731,187,47,18.7,1533.6
0,11,0,0,2,7,4,0,1,0,1,15862,7.01,17884,206,44,-1049,-2531,20.6,1586.2,18,3,1,7,2,11,1,0,1,0,18844,7.23,20207,212,55,21.2,1884.4
1,14,2,1,1,7,9,1,0,0,1,16263,6.75,16617,217,43,-128,-651,21.7,1626.3,23,0,0,7,1,2,1,0,1,2,16670,6.97,16409,220,59,22.0,1667.0
1,17,1,1,6,5,4,1,0,0,2,17974,6.97,19518,224,48,868,616,22.4,1797.4,12,3,0,5,6,5,0,1,0,1,16679,6.49,16093,229,49,22.9,1667.9
0,17,0,1,0,10,8,0,0,0,0,13422,6.26,13859,209,60,-3762,-3290,20.9,1342.2,17,5,0,10,0,10,1,0,1,1,21865,7.48,20290,263,65,26.3,2186.5
1,22,5,0,6,2,5,1,0,0,1,16855,7.39,19637,190,48,948,390,19.0,1685.5,24,0,1,2,6,1,0,1,0,0,16817,6.22,16668,235,55,23.5,1681.7
1,18,3,1,10,0,9,2,0,1,0,18663,6.67,20133,259,76,4330,3985,25.9,1866.3,18,1,0,0,10,0,0,0,0,0,12072,5.78,15672,202,54,20.2,1207.2
1,17,2,0,8,7,7,0,0,1,1,17368,7.37,17425,253,54,1147,1057,25.3,1736.8,28,1,1,7,8,5,0,0,0,1,16709,6.69,19599,202,34,20.2,1670.9
1,19,3,0,9,6,11,0,1,0,2,18608,7.08,21743,243,65,1936,1891,24.3,1860.8,18,0,1,6,9,1,1,1,0,1,16119,6.19,14292,205,34,20.5,1611.9
1,19,3,1,3,5,8,1,0,1,2,18266,7.68,18974,227,52,-933,1648,22.7,1826.6,21,0,0,5,3,10,0,1,0,1,14544,6.87,18935,234,32,23.4,1454.4
1,30,1,1,7,8,10,0,1,0,2,16552,7.2,17190,198,49,1600,762,19.8,1655.2,15,3,0,8,7,4,1,1,0,0,16141,6.74,18027,220,55,22.0,1614.1
0,16,1,0,12,8,7,0,2,0,0,13670,6.71,15798,252,55,1329,485,25.2,1367.0,25,1,1,8,12,7,1,0,0,1,16923,6.75,18777,190,58,19.0,1692.3
0,13,3,0,7,6,5,0,0,0,1,18359,7.24,15181,219,63,-1642,-1932,21.9,1835.9,27,1,1,6,7,13,1,1,0,1,16647,6.96,17504,225,64,22.5,1664.7
0,12,0,0,5,9,0,2,1,0,0,14451,6.44,16402,191,48,-830,-1199,19.1,1445.1,27,4,1,9,5,7,1,0,0,1,17205,7.22,18992,245,70,24.5,1720.5
1,26,4,1,8,4,6,1,1,1,1,16286,7.42,18388,244,62,2317,1693,24.4,1628.6,19,1,0,4,8,7,1,0,0,1,16159,7.45,16568,185,60,18.5,1615.9
1,23,0,1,8,5,9,0,1,1,1,19725,7.4,18026,260,66,3738,1575,26.0,1972.5,15,2,0,5,8,0,0,0,1,0,15847,6.23,17426,208,60,20.8,1584.7
1,14,1,0,3,6,5,0,0,0,0,16150,7.42,16013,180,65,-2358,-1943,18.0,1615.0,22,5,1,6,3,8,0,0,0,0,17010,7.41,20161,220,60,22.0,1701.0
1,20,0,1,9,5,8,1,0,0,1,17466,6.81,19906,257,58,768,1589,25.7,1746.6,19,2,0,5,9,5,0,0,1,0,13494,6.54,19161,199,50,19.9,1349.4
0,16,0,0,3,6,7,1,0,0,0,14919,6.04,19735,219,49,-1229,-535,21.9,1491.9,20,2,1,6,3,9,0,1,0,0,17888,6.74,16621,250,56,25.0,1788.8
1,22,4,1,7,6,7,1,0,1,1,17290,6.57,16761,230,51,303,-24,23.0,1729.0,18,1,0,6,7,6,0,1,0,0,15820,6.75,18483,254,51,25.4,1582.0
1,34,4,0,6,8,6,0,0,0,1,16667,7.02,17258,207,61,-1006,848,20.7,1666.7,23,3,1,8,6,2,1,0,1,1,15476,7.37,15535,218,55,21.8,1547.6
1,25,4,1,4,7,14,1,0,1,2,17947,6.78,20172,190,51,1667,2195,19.0,1794.7,24,3,0,7,4,3,1,0,1,0,12146,6.31,15273,214,48,21.4,1214.6
1,20,0,0,5,9,6,0,1,1,1,16701,6.43,16257,228,44,-589,3670,22.8,1670.1,15,4,1,9,5,2,0,1,0,0,16765,7.22,18335,203,48,20.3,1676.5
1,19,1,1,12,1,11,0,1,0,1,16180,7.14,18646,215,59,2148,1812,21.5,1618.0,18,0,0,1,12,3,0,1,0,1,15631,6.52,16583,225,60,22.5,1563.1
1,14,3,1,7,4,3,0,0,0,1,16254,7.3,18087,191,59,1030,1681,19.1,1625.4,28,3,0,4,7,5,1,1,0,1,15754,6.98,17870,220,36,22.0,1575.4
1,25,3,1,0,7,8,1,2,0,1,16822,6.04,19781,206,49,1617,1854,20.6,1682.2,15,3,0,7,0,6,2,1,0,1,14325,6.76,17051,257,42,25.7,1432.5
0,22,0,1,3,9,3,2,0,0,1,15229,6.75,14395,228,61,-2996,-1466,22.8,1522.9,20,6,0,9,3,10,2,0,0,2,16940,7.5,19208,197,55,19.7,1694.0
1,22,2,0,13,1,15,1,0,0,2,19551,7.5,20068,269,75,4782,1645,26.9,1955.1,12,2,1,1,13,0,0,0,0,0,13988,5.7,13160,166,36,16.6,1398.8
1,27,1,1,6,3,6,1,0,0,3,15188,7.3,16753,254,60,199,640,25.4,1518.8,19,0,0,3,6,8,0,0,0,0,15647,7.3,17835,234,29,23.4,1564.7
1,22,5,1,9,0,7,0,0,1,0,16755,6.71,19957,253,69,-647,-19,25.3,1675.5,20,1,0,0,9,1,1,1,0,1,17140,6.76,15728,216,61,21.6,1714.0
0,21,0,0,2,6,1,0,1,0,1,13927,7.1,15914,185,46,-4871,-2698,18.5,1392.7,24,3,1,6,2,11,1,1,1,2,17191,7.31,22139,238,57,23.8,1719.1
0,20,2,0,5,7,2,1,0,0,0,15055,6.76,16159,188,67,-579,-1574,18.8,1505.5,26,2,1,7,5,4,2,1,0,0,15669,6.94,18734,188,70,18.8,1566.9
1,22,3,1,9,3,8,1,1,0,0,19486,7.36,18808,248,52,2555,2211,24.8,1948.6,18,0,0,3,9,3,0,0,0,0,14151,6.87,17055,216,39,21.6,1415.1
0,16,4,1,5,6,7,1,0,0,0,17751,6.79,18513,233,39,1456,-503,23.3,1775.1,22,3,0,6,5,12,1,0,1,0,15845,6.77,16371,200,63,20.0,1584.5
1,15,0,0,3,12,5,2,0,0,0,17152,6.82,14089,214,30,-1496,-2617,21.4,1715.2,22,0,1,12,3,10,0,0,0,2,16031,7.56,18396,237,78,23.7,1603.1
1,26,4,1,12,9,7,2,0,1,1,16669,8.02,18491,247,64,1528,1813,24.7,1666.9,12,0,0,9,12,3,0,0,0,1,15672,6.64,16808,200,48,20.0,1567.2
1,16,0,0,6,6,3,1,0,0,0,16841,6.65,16210,214,59,195,-892,21.4,1684.1,31,3,1,6,6,3,1,0,1,0,18030,7.46,16058,256,64,25.6,1803.0
1,25,4,1,9,0,12,1,0,0,1,18884,7.34,19260,259,73,1879,2491,25.9,1888.4,21,1,0,0,9,1,0,1,0,1,14269,6.05,15503,197,38,19.7,1426.9
0,14,0,0,4,4,10,1,0,0,1,15995,7.09,18736,222,73,-685,-467,22.2,1599.5,17,1,1,4,4,7,0,0,0,0,17516,6.81,18604,190,31,19.0,1751.6
1,24,2,0,9,9,6,2,0,0,0,17209,7.45,16724,248,51,1149,-772,24.8,1720.9,20,2,1,9,9,1,1,0,0,0,15315,7.09,16127,233,46,23.3,1531.5
1,24,5,1,7,3,10,2,0,0,1,19567,7.55,19890,219,64,902,1553,21.9,1956.7,21,1,0,3,7,5,1,0,0,0,13794,6.92,17462,200,50,20.0,1379.4
0,12,3,0,5,10,8,0,1,1,1,14897,6.86,16612,177,27,-3186,-1765,17.7,1489.7,20,4,1,10,5,5,0,1,1,1,17872,7.17,19642,244,72,24.4,1787.2
0,17,2,0,5,7,11,0,1,0,0,16346,6.86,15930,205,39,-2973,-666,20.5,1634.6,22,0,1,7,5,8,2,0,1,0,17872,7.04,18020,198,73,19.8,1787.2
0,24,0,0,8,5,7,0,0,0,1,16586,7.16,18149,215,63,-1207,47,21.5,1658.6,23,4,1,5,8,8,1,0,0,0,15591,7.12,18669,226,61,22.6,1559.1
1,15,1,1,10,0,10,1,0,0,0,17753,7.47,18582,222,57,480,2244,22.2,1775.3,21,1,0,0,10,4,0,1,0,1,14974,6.94,15126,190,47,19.0,1497.4
0,12,3,0,5,8,4,1,0,0,0,17477,6.94,16264,180,47,-3048,-2240,18.0,1747.7,15,1,1,8,5,9,1,1,0,1,16980,6.66,21693,193,69,19.3,1698.0
0,16,2,1,0,10,0,0,0,0,1,13087,6.29,16807,196,39,-2154,-3353,19.6,1308.7,23,1,0,10,0,12,2,0,0,1,18658,7.15,17641,259,76,25.9,1865.8
1,32,4,0,6,6,9,1,0,0,1,18495,8.09,18015,210,54,1839,2278,21.0,1849.5,10,2,1,6,6,0,0,0,0,1,14651,6.49,16438,217,38,21.7,1465.1
0,15,2,0,2,9,8,1,1,0,0,16993,6.86,16101,195,48,-1462,-120,19.5,1699.3,23,3,1,9,2,10,1,1,0,1,17454,6.55,18404,237,70,23.7,1745.4
0,22,1,0,2,11,3,0,0,0,0,16503,7.0,17652,199,67,-264,156,19.9,1650.3,22,4,1,11,2,2,0,1,0,1,15269,7.19,17188,239,54,23.9,1526.9
0,18,2,0,5,10,0,0,0,1,1,13571,6.78,14976,160,59,-1849,-2580,16.0,1357.1,24,3,1,10,5,9,1,1,1,1,18317,7.42,19495,273,69,27.3,1831.7
0,16,2,0,2,8,6,0,0,0,1,15849,6.94,17890,207,45,-796,-1085,20.7,1584.9,25,5,1,8,2,5,0,1,0,1,16369,7.61,17169,225,55,22.5,1636.9
0,21,2,0,4,6,2,0,1,0,1,14857,7.23,20127,230,65,855,350,23.0,1485.7,11,3,1,6,4,5,2,0,0,0,15984,7.02,17831,195,42,19.5,1598.4
1,20,0,0,8,2,4,2,0,0,1,16762,6.92,20671,209,74,1431,1618,20.9,1676.2,16,0,1,2,8,5,2,0,0,0,13943,6.69,15682,190,64,19.0,1394.3
0,17,3,0,3,9,0,1,1,0,0,16453,6.73,15271,236,47,-742,-174,23.6,1645.3,18,1,1,9,3,7,2,0,1,0,18412,6.89,18738,205,71,20.5,1841.2
1,15,3,1,15,2,4,1,0,1,1,18152,7.33,20514,223,50,3793,3357,22.3,1815.2,14,3,0,2,15,3,0,0,1,0,12009,6.67,16932,225,50,22.5,1200.9
0,19,1,1,4,11,7,0,0,0,0,14241,7.07,14256,211,64,-3196,-1137,21.1,1424.1,17,2,0,11,4,4,0,1,1,0,14922,6.95,19798,219,67,21.9,1492.2
0,23,3,0,5,6,5,2,0,0,1,16003,6.77,17024,197,39,947,-795,19.7,1600.3,19,2,1,6,5,5,0,1,0,1,17849,6.69,17142,253,53,25.3,1784.9
1,23,3,1,8,2,14,0,0,0,0,18072,7.37,19171,211,49,2348,2055,21.1,1807.2,10,3,0,2,8,4,0,0,0,1,13932,6.69,16803,186,43,18.6,1393.2
0,26,3,0,3,3,8,0,0,1,0,17400,7.05,18360,212,61,-131,-428,21.2,1740.0,19,3,1,3,3,8,0,0,0,0,18613,6.38,18692,205,34,20.5,1861.3
1,22,3,0,3,8,10,0,0,0,1,17994,7.25,16724,199,46,-1076,574,19.9,1799.4,22,3,1,8,3,10,2,1,0,0,16203,6.58,17030,194,54,19.4,1620.3
0,19,3,1,4,3,4,1,0,0,0,16146,5.93,16690,216,67,1394,1213,21.6,1614.6,24,3,0,3,4,12,1,0,1,0,18590,7.02,16412,224,60,22.4,1859.0
1,20,3,0,7,3,10,2,1,1,0,17883,7.39,19470,242,51,823,2479,24.2,1788.3,16,0,1,3,7,3,0,0,0,0,15296,6.57,16564,203,42,20.3,1529.6
1,21,2,0,6,0,6,1,1,0,0,17308,7.14,20874,277,59,3290,2463,27.7,1730.8,21,0,1,0,6,4,0,0,1,0,13319,6.82,14359,192,57,19.2,1331.9
0,11,5,0,5,6,4,0,0,0,0,14409,6.08,19333,217,49,-1747,-1906,21.7,1440.9,21,1,1,6,5,9,1,1,0,1,18553,7.4,18452,226,77,22.6,1855.3
1,19,1,1,5,4,10,0,1,0,1,15951,6.52,19105,222,67,492,-1097,22.2,1595.1,26,3,0,4,5,9,1,0,0,0,15072,7.27,17440,186,53,18.6,1507.2
1,21,3,1,3,7,6,0,0,0,2,14844,6.55,18637,217,48,-415,-1064,21.7,1484.4,22,1,0,7,3,6,1,1,0,0,15258,6.65,18750,261,55,26.1,1525.8
0,27,1,0,4,8,3,1,0,0,0,16284,6.51,17364,180,46,-1902,-915,18.0,1628.4,20,4,1,8,4,15,1,1,0,1,15824,6.78,19749,285,72,28.5,1582.4
0,23,3,0,8,6,6,0,0,1,0,16056,6.6,17212,226,23,-720,1231,22.6,1605.6,26,2,1,6,8,6,0,0,0,2,14852,7.1,20371,225,46,22.5,1485.2
0,16,4,0,9,7,6,1,0,1,1,17171,6.92,17405,206,55,133,511,20.6,1717.1,17,0,1,7,9,5,0,0,1,0,16185,6.66,16177,205,58,20.5,1618.5
1,15,2,0,3,2,9,1,0,0,0,18599,7.46,19901,234,39,1378,1849,23.4,1859.9,20,0,1,2,3,1,0,1,1,0,14310,6.45,15680,206,40,20.6,1431.0
1,21,4,1,7,0,12,2,0,1,1,18779,7.26,16912,227,75,2255,801,22.7,1877.9,14,0,0,0,7,3,0,0,1,0,16141,6.12,15594,182,62,18.2,1614.1
0,23,2,1,2,4,4,0,0,0,0,15764,6.58,17597,161,54,-212,-1305,16.1,1576.4,26,3,0,4,2,6,0,0,0,0,17636,7.17,19747,223,60,22.3,1763.6
1,18,1,0,4,6,5,0,0,0,1,17252,6.92,17035,211,70,1552,844,21.1,1725.2,29,3,1,6,4,6,1,0,1,0,15127,6.68,17155,237,64,23.7,1512.7
1,24,4,1,11,4,8,1,0,1,1,18603,7.28,18057,220,53,1362,2127,22.0,1860.3,9,3,0,4,11,6,0,0,0,1,16540,7.3,15306,205,43,20.5,1654.0
0,18,3,0,3,9,3,0,0,0,0,15976,7.17,15334,226,53,-1520,-2110,22.6,1597.6,20,1,1,9,3,5,1,0,0,1,17779,7.35,20504,241,36,24.1,1777.9
1,25,2,0,6,4,6,0,0,1,1,15885,6.76,18515,244,46,437,1878,24.4,1588.5,29,3,1,4,6,2,0,0,0,1,13551,6.34,19045,235,51,23.5,1355.1
0,12,4,0,4,8,8,0,0,0,0,17897,7.48,16459,229,53,-940,-573,22.9,1789.7,16,4,1,8,4,5,1,1,0,0,17758,7.26,16494,224,45,22.4,1775.8
0,26,0,0,7,9,2,0,0,0,0,14474,6.72,16503,199,52,-2222,-2086,19.9,1447.4,20,2,1,9,7,5,1,1,0,1,16637,6.56,18678,257,59,25.7,1663.7
1,13,1,1,0,5,11,1,0,0,0,16358,6.71,16351,218,47,-2367,-1978,21.8,1635.8,23,3,0,5,0,10,0,1,0,1,18950,7.68,19026,236,73,23.6,1895.0
1,27,2,1,8,0,13,2,0,0,2,19077,7.02,18541,229,71,3710,2944,22.9,1907.7,15,0,0,0,8,3,1,0,0,0,16552,6.89,17646,208,67,20.8,1655.2
0,18,3,0,4,4,6,0,1,0,0,15207,6.4,18701,220,44,-274,-979,22.0,1520.7,28,2,1,4,4,5,0,1,0,1,19409,6.72,17020,231,59,23.1,1940.9
1,23,2,0,6,3,11,2,0,0,1,19242,6.82,19336,264,85,2698,3030,26.4,1924.2,23,2,1,3,6,6,1,0,0,0,13402,5.77,13553,202,30,20.2,1340.2
0,18,3,0,7,8,7,0,0,0,0,15199,7.4,17507,219,56,-777,-662,21.9,1519.9,14,3,1,8,7,5,0,1,1,1,17514,6.9,15815,227,58,22.7,1751.4
0,22,3,1,3,5,8,1,1,0,0,16279,7.47,16535,265,43,1492,659,26.5,1627.9,18,0,0,5,3,7,1,1,0,1,17535,6.68,14574,209,55,20.9,1753.5
1,27,3,1,10,1,11,2,1,1,2,21499,7.72,20273,268,69,3502,3142,26.8,2149.9,24,0,0,1,10,7,0,0,0,0,14004,6.57,15452,198,38,19.8,1400.4
0,23,4,1,4,11,11,1,0,0,0,13553,6.25,14876,190,43,-2026,-1953,19.0,1355.3,19,3,0,11,4,8,1,0,0,1,17850,6.7,18160,221,59,22.1,1785.0
0,23,0,0,0,10,0,1,0,0,0,13975,6.39,15066,191,49,-1831,-1538,19.1,1397.5,25,3,1,10,0,13,2,1,1,0,19250,8.54,20241,240,59,24.0,1925.0
0,24,1,0,5,4,8,0,1,0,1,19475,6.7,19590,228,46,1222,2327,22.8,1947.5,11,2,1,4,5,1,0,0,0,0,17189,6.81,14580,189,45,18.9,1718.9
0,27,3,1,4,11,5,0,0,0,1,15453,6.48,16831,205,49,-2234,-563,20.5,1545.3,26,3,0,11,4,8,1,0,0,0,18354,6.94,19776,213,55,21.3,1835.4
0,20,0,1,4,2,8,0,0,0,0,15452,6.34,19632,226,73,550,-690,22.6,1545.2,22,0,0,2,4,7,0,0,0,0,17614,6.98,18695,223,52,22.3,1761.4
0,24,4,1,6,11,10,1,0,1,0,16376,6.61,17904,191,55,-1520,108,19.1,1637.6,17,4,0,11,6,8,2,0,0,1,16359,6.72,18133,247,47,24.7,1635.9
0,23,2,0,8,0,7,0,1,0,0,16278,6.84,15942,216,38,59,289,21.6,1627.8,23,3,1,0,8,3,0,0,0,1,17202,7.04,16571,186,49,18.6,1720.2
1,15,0,1,8,6,6,0,0,0,1,14766,6.44,17312,199,51,-1507,1,19.9,1476.6,17,1,0,6,8,6,1,0,0,1,19317,6.49,16770,240,70,24.0,1931.7
1,21,0,1,6,5,7,0,0,0,2,13792,6.53,16342,214,52,-1141,-674,21.4,1379.2,26,2,0,5,6,4,0,0,0,1,18005,7.2,16451,203,57,20.3,1800.5
1,23,0,1,8,1,7,1,0,0,0,18323,6.96,19089,257,66,1324,9,25.7,1832.3,25,2,0,1,8,6,1,0,0,0,13826,6.51,17161,191,65,19.1,1382.6
0,18,2,0,3,8,7,0,1,0,0,15862,6.83,13999,197,53,171,-951,19.7,1586.2,26,2,1,8,3,6,0,0,1,2,17584,6.69,19633,252,65,25.2,1758.4
1,21,0,1,8,7,6,0,0,0,0,16329,7.17,16347,189,55,-2532,-605,18.9,1632.9,22,1,0,7,8,7,0,0,0,1,17254,7.3,18354,221,50,22.1,1725.4
0,24,3,0,5,8,8,0,0,1,1,14910,6.57,17496,239,48,-1587,-1712,23.9,1491.0,17,2,1,8,5,4,0,1,1,1,16452,6.63,18081,198,46,19.8,1645.2
0,17,1,0,3,11,2,0,1,0,0,13166,6.75,14414,210,28,-809,-2609,21.0,1316.6,17,0,1,11,3,7,1,0,1,1,17470,7.29,19090,214,63,21.4,1747.0
1,4,1,0,6,7,4,0,1,0,1,16497,6.99,18664,247,55,-1355,-442,24.7,1649.7,25,3,1,7,6,10,1,1,0,0,15707,6.84,16165,224,44,22.4,1570.7
0,29,3,1,5,8,5,1,0,0,0,16895,7.05,20248,206,45,49,390,20.6,1689.5,9,2,0,8,5,4,0,1,1,0,16688,6.98,16528,201,51,20.1,1668.8
0,18,3,0,4,8,6,0,0,0,0,18258,7.11,16879,215,61,-2045,-395,21.5,1825.8,16,3,1,8,4,2,0,1,0,0,16520,6.73,17744,228,62,22.8,1652.0
1,15,4,1,7,6,8,0,1,0,1,16881,6.88,18165,221,43,875,-827,22.1,1688.1,22,5,0,6,7,9,2,1,0,1,15056,7.35,17005,251,61,25.1,1505.6
0,14,1,1,8,6,11,2,1,0,0,15409,6.88,18629,232,82,640,1147,23.2,1540.9,17,2,0,6,8,8,1,0,1,0,18656,6.38,15640,247,65,24.7,1865.6
0,17,2,0,6,6,5,0,0,0,0,14428,6.94,15847,235,40,-957,-2106,23.5,1442.8,29,1,1,6,6,10,1,0,0,0,18507,6.87,17688,231,56,23.1,1850.7
1,19,1,1,7,2,12,0,1,0,0,17810,7.73,17568,215,62,1221,2131,21.5,1781.0,14,0,0,2,7,6,1,0,1,1,14988,6.36,15726,222,61,22.2,1498.8
1,19,3,1,10,4,10,1,1,0,1,19330,6.72,19825,232,43,2062,2342,23.2,1933.0,13,2,0,4,10,5,0,0,0,0,12211,6.79,13613,185,50,18.5,1221.1
0,16,1,1,7,4,3,0,0,0,1,17205,6.84,18807,189,71,-1028,-295,18.9,1720.5,18,1,0,4,7,4,0,1,0,2,17539,6.83,19730,228,68,22.8,1753.9
0,24,2,1,5,5,7,1,1,0,1,17642,6.87,19445,217,48,1396,528,21.7,1764.2,13,1,0,5,5,5,2,0,0,0,17336,7.18,17660,202,50,20.2,1733.6
0,30,1,1,5,1,7,1,0,0,0,15415,6.46,15242,290,57,-1393,1075,29.0,1541.5,26,4,0,1,5,7,0,0,1,0,16447,6.83,18503,201,58,20.1,1644.7
0,25,3,1,0,5,9,0,1,0,0,16495,7.17,19536,214,62,2053,782,21.4,1649.5,10,2,0,5,0,9,1,0,0,1,17974,6.53,16109,213,50,21.3,1797.4
1,29,3,0,11,1,8,0,0,1,2,17236,7.18,21049,230,73,4166,755,23.0,1723.6,17,0,1,1,11,0,0,0,0,0,12585,6.55,13971,173,41,17.3,1258.5
1,19,3,1,5,6,6,0,1,0,2,18669,6.86,14460,251,63,1673,690,25.1,1866.9,27,2,0,6,5,1,1,0,0,0,17959,6.92,17528,232,42,23.2,1795.9
0,17,1,0,0,9,2,0,0,0,0,14085,6.57,16174,215,43,-2777,-2206,21.5,1408.5,27,3,1,9,0,10,1,1,0,1,18614,7.27,20376,257,76,25.7,1861.4
1,23,1,0,7,5,6,0,0,1,1,13407,7.29,18149,212,66,1632,466,21.2,1340.7,20,2,1,5,7,5,1,0,0,0,15776,7.05,15379,246,47,24.6,1577.6
1,19,3,1,10,3,9,2,0,0,1,18928,6.82,20807,242,63,3876,753,24.2,1892.8,14,1,0,3,10,7,0,0,0,1,15730,6.77,15186,216,63,21.6,1573.0
1,17,1,0,11,5,10,0,0,0,0,16144,6.92,18513,250,37,-977,-1438,25.0,1614.4,19,2,1,5,11,6,1,0,0,1,16515,6.47,21146,199,68,19.9,1651.5
0,26,3,1,5,3,7,1,1,0,2,17262,7.64,19535,272,52,2680,577,27.2,1726.2,21,2,0,3,5,2,0,0,0,0,15394,6.78,17801,222,63,22.2,1539.4
0,24,1,1,3,6,1,0,0,0,0,15841,6.78,16839,229,62,-2521,-80,22.9,1584.1,31,3,0,6,3,9,1,0,0,0,18822,7.1,17366,261,52,26.1,1882.2
1,17,2,1,3,9,0,0,0,0,0,14713,6.49,16059,185,54,-2435,-2245,18.5,1471.3,21,3,0,9,3,8,0,1,0,1,17286,7.47,18722,216,50,21.6,1728.6
1,14,2,0,5,4,8,0,0,0,1,17535,6.87,15701,221,40,509,1085,22.1,1753.5,10,3,1,4,5,4,0,0,0,0,16791,6.82,18367,218,51,21.8,1679.1
0,15,4,0,4,11,1,1,1,1,0,14538,5.76,13127,194,40,-2571,-2408,19.4,1453.8,29,1,1,11,4,8,2,1,0,2,19407,7.15,19795,247,63,24.7,1940.7
0,12,2,1,5,3,6,1,0,0,1,16551,6.19,17991,250,43,-1553,-526,25.0,1655.1,21,2,0,3,5,10,0,0,0,1,20439,6.98,17360,265,50,26.5,2043.9
1,23,3,1,11,0,7,2,0,0,1,17830,7.56,19337,216,62,2070,631,21.6,1783.0,18,0,0,0,11,5,1,0,0,0,16923,6.37,17012,211,56,21.1,1692.3
0,17,0,0,1,14,2,0,0,0,0,14970,7.12,15870,176,40,-3047,-2745,17.6,1497.0,21,4,1,14,1,9,1,0,1,0,19332,7.39,19477,228,63,22.8,1933.2
0,16,3,1,4,8,3,1,1,0,0,12284,7.14,15257,181,48,-1900,-2453,18.1,1228.4,18,4,0,8,4,12,0,1,1,0,17227,6.72,19519,235,71,23.5,1722.7
0,19,1,1,2,6,2,0,1,0,0,15383,7.31,15227,179,59,-1851,-1696,17.9,1538.3,14,2,0,6,2,9,1,1,1,2,18824,7.38,17749,247,51,24.7,1882.4
0,22,0,0,10,6,9,1,0,0,0,15050,6.78,16795,219,55,163,1084,21.9,1505.0,22,2,1,6,10,4,0,1,0,0,17558,6.91,15143,219,70,21.9,1755.8
0,21,2,1,1,8,9,1,0,1,0,15699,6.76,15993,203,47,-572,-1344,20.3,1569.9,25,3,0,8,1,7,1,0,0,1,19651,7.17,19973,222,61,22.2,1965.1
1,17,3,1,8,4,10,2,0,0,1,19136,6.83,20698,203,70,1871,3605,20.3,1913.6,20,2,0,4,8,5,0,1,0,0,14462,7.33,14434,223,53,22.3,1446.2
1,21,1,0,5,2,13,1,1,0,0,17409,6.77,19666,215,63,1565,1336,21.5,1740.9,15,3,1,2,5,2,0,0,0,0,14698,6.76,18176,245,52,24.5,1469.8
1,23,2,1,9,4,4,1,0,0,1,16928,7.29,18865,229,50,-358,1820,22.9,1692.8,30,0,0,4,9,6,1,0,1,0,15673,6.87,15924,199,52,19.9,1567.3
0,28,2,0,8,5,6,1,0,0,0,17691,6.69,19540,231,47,42,87,23.1,1769.1,27,3,1,5,8,3,1,0,1,1,16584,7.45,16939,200,65,20.0,1658.4
1,19,2,1,4,6,6,0,1,0,1,15526,6.81,17017,206,56,357,-297,20.6,1552.6,23,1,0,6,4,9,0,1,1,0,16340,7.01,17414,215,54,21.5,1634.0
0,21,3,0,6,8,6,0,1,0,0,16195,6.58,14696,183,42,-2358,-1141,18.3,1619.5,20,3,1,8,6,6,1,0,0,0,19074,6.79,17334,254,57,25.4,1907.4
1,26,0,1,6,2,5,0,0,0,1,17455,7.43,18320,254,49,1456,208,25.4,1745.5,23,3,0,2,6,5,0,0,0,1,14662,6.65,16455,215,38,21.5,1466.2
0,17,4,1,4,7,5,1,0,0,0,16575,6.63,16587,194,57,-2367,-1725,19.4,1657.5,22,3,0,7,4,9,1,1,0,2,18497,7.5,18529,215,51,21.5,1849.7
1,27,2,1,9,4,4,1,0,0,0,16708,6.9,17682,268,75,2477,736,26.8,1670.8,25,0,0,4,9,8,0,1,0,0,15187,6.76,18299,240,37,24.0,1518.7
1,28,3,0,8,7,10,2,1,1,2,18810,7.2,17635,237,80,3205,1179,23.7,1881.0,18,1,1,7,8,3,1,1,1,0,14535,6.23,13847,210,63,21.0,1453.5
1,27,2,1,8,5,9,1,1,0,1,17332,7.27,16699,182,55,-1717,1366,18.2,1733.2,16,3,0,5,8,6,1,0,1,0,15500,6.69,17737,222,55,22.2,1550.0
0,22,0,1,5,14,3,0,0,0,1,14066,6.64,18339,202,58,-591,707,20.2,1406.6,26,1,0,14,5,9,1,0,1,0,17839,6.78,20283,221,63,22.1,1783.9
0,33,1,1,8,5,6,1,0,0,1,17422,6.66,18785,223,51,618,-491,22.3,1742.2,26,1,0,5,8,11,0,0,0,0,16388,7.08,20162,212,49,21.2,1638.8
0,11,0,1,0,9,3,0,0,0,1,13252,5.86,15606,199,36,-5081,-3895,19.9,1325.2,27,5,0,9,0,14,1,1,0,2,21808,7.65,20323,288,81,28.8,2180.8
1,31,4,0,3,6,10,0,1,0,0,16304,7.67,19767,199,48,399,-211,19.9,1630.4,21,1,1,6,3,7,0,0,0,1,18664,7.04,16330,209,58,20.9,1866.4
1,24,0,0,5,9,2,0,0,1,0,17943,6.61,17741,214,65,-778,-124,21.4,1794.3,26,4,1,9,5,7,1,1,0,1,15786,7.04,18915,238,54,23.8,1578.6
0,27,1,0,4,7,7,0,0,0,0,14909,6.89,14974,201,52,669,1403,20.1,1490.9,12,0,1,7,4,2,1,0,0,0,16342,6.96,14078,240,54,24.0,1634.2
1,20,3,1,11,5,9,0,0,0,1,16063,6.42,18768,242,68,1753,1996,24.2,1606.3,22,2,0,5,11,2,1,0,0,0,16382,6.6,17420,210,46,21.0,1638.2
0,24,3,0,3,5,6,0,0,0,0,15666,7.69,17509,192,63,1064,-678,19.2,1566.6,21,1,1,5,3,6,1,0,1,0,17723,6.95,19014,241,42,24.1,1772.3
0,25,2,0,6,8,7,0,0,0,0,13898,6.41,16380,206,51,-2575,-1673,20.6,1389.8,19,4,1,8,6,12,1,1,1,0,17023,7.26,19429,248,69,24.8,1702.3
1,14,0,1,5,1,4,0,0,0,0,16688,7.03,16480,209,57,-1458,-3,20.9,1668.8,23,2,0,1,5,3,0,0,0,1,16380,6.96,17016,228,67,22.8,1638.0
0,19,0,1,7,8,5,1,0,1,1,17488,6.88,16046,224,46,1093,426,22.4,1748.8,31,3,0,8,7,6,0,0,0,0,19254,6.53,16975,225,54,22.5,1925.4
1,10,3,0,3,5,5,1,1,0,1,15197,6.67,17988,213,46,428,-119,21.3,1519.7,14,0,1,5,3,1,1,0,1,1,15430,6.6,18420,204,48,20.4,1543.0
1,19,4,0,6,8,7,0,0,0,1,16091,7.18,15741,197,36,-281,-480,19.7,1609.1,22,4,1,8,6,5,1,0,0,0,16851,6.82,18794,193,57,19.3,1685.1
0,18,2,1,7,3,7,1,1,0,0,17546,6.95,20125,225,53,1307,1511,22.5,1754.6,16,2,0,3,7,1,0,0,0,0,14462,6.82,17031,233,57,23.3,1446.2
0,17,0,0,8,8,6,0,0,0,0,15481,6.97,14252,179,40,-3247,-1426,17.9,1548.1,18,4,1,8,8,8,1,1,1,1,18165,6.84,17995,223,70,22.3,1816.5
0,35,1,0,5,8,5,0,0,0,1,15279,7.86,15150,199,64,126,-10,19.9,1527.9,17,0,1,8,5,1,0,0,0,1,15544,6.49,18860,249,59,24.9,1554.4
0,31,3,0,11,6,8,1,0,1,0,16724,7.53,19718,231,71,2019,1558,23.1,1672.4,21,3,1,6,11,0,1,0,0,1,15169,6.68,15655,184,34,18.4,1516.9
0,9,1,0,5,12,3,0,1,0,1,14042,6.17,14791,160,44,-4782,-2250,16.0,1404.2,23,3,1,12,5,11,1,1,0,2,20380,7.41,18273,225,76,22.5,2038.0
1,23,4,1,9,1,4,1,1,0,1,17048,6.87,15239,238,60,-990,-988,23.8,1704.8,23,2,0,1,9,5,0,0,0,2,15660,6.82,16617,237,63,23.7,1566.0
0,23,3,0,3,4,8,1,1,0,1,16684,6.17,15811,217,41,-1259,-2402,21.7,1668.4,19,5,1,4,3,7,2,1,0,0,17498,7.31,18917,196,65,19.6,1749.8
0,18,2,0,9,8,7,0,0,1,1,18926,6.01,17897,252,50,-69,-888,25.2,1892.6,25,3,1,8,9,7,0,0,1,1,17482,6.86,16516,193,53,19.3,1748.2
1,19,0,0,8,6,6,0,0,0,0,14471,6.21,16628,250,34,-3323,-569,25.0,1447.1,15,2,1,6,8,8,1,0,1,0,16228,6.9,19154,239,79,23.9,1622.8
0,21,1,1,6,7,3,0,0,1,0,15324,6.88,16766,193,51,-886,519,19.3,1532.4,25,0,0,7,6,5,1,0,0,0,15249,6.85,16729,218,53,21.8,1524.9
1,17,2,1,9,2,14,1,1,0,0,19621,7.48,19866,254,64,3735,2225,25.4,1962.1,8,2,0,2,9,6,0,0,0,0,13696,5.88,16367,212,42,21.2,1369.6
0,12,0,0,1,9,0,2,0,0,0,14924,6.7,15577,207,35,-737,-2073,20.7,1492.4,25,1,1,9,1,14,2,1,1,0,19844,6.98,18402,233,60,23.3,1984.4
0,19,2,1,4,6,6,0,0,1,0,16097,6.78,14481,226,55,-2114,-318,22.6,1609.7,21,3,0,6,4,7,0,1,0,1,20292,7.18,18895,232,61,23.2,2029.2
0,18,2,0,3,11,4,0,1,0,1,14203,6.63,13755,196,40,-2644,-484,19.6,1420.3,14,0,1,11,3,10,1,0,1,1,17869,6.88,20189,191,73,19.1,1786.9
1,20,0,1,10,1,11,0,0,0,1,17922,7.61,19502,233,45,3729,2452,23.3,1792.2,21,0,0,1,10,5,1,0,0,0,13743,6.41,16016,213,40,21.3,1374.3
1,15,3,1,2,8,5,0,1,0,1,16787,6.85,17728,211,43,-1160,-1278,21.1,1678.7,23,4,0,8,2,8,2,1,1,0,17213,7.27,19582,221,57,22.1,1721.3
0,19,2,0,6,6,6,0,1,0,0,16548,6.63,17030,222,61,-1470,-391,22.2,1654.8,19,4,1,6,6,7,0,0,1,1,17117,6.09,16188,209,50,20.9,1711.7
0,24,2,1,8,11,7,0,0,0,0,17211,7.1,17390,212,36,-1003,-1054,21.2,1721.1,10,5,0,11,8,7,0,0,0,1,17442,6.95,21254,229,58,22.9,1744.2
0,18,3,0,6,11,4,0,0,0,1,15235,6.27,17697,218,50,-966,-1203,21.8,1523.5,25,3,1,11,6,8,0,0,1,1,19640,6.71,19143,232,67,23.2,1964.0
0,28,1,1,5,11,6,1,1,0,0,16346,6.51,15452,204,45,436,-988,20.4,1634.6,21,2,0,11,5,6,2,0,0,1,14487,6.63,18198,214,62,21.4,1448.7
1,21,5,0,11,4,12,1,1,1,1,17978,8.23,21630,217,62,3673,2138,21.7,1797.8,3,0,1,4,11,4,0,0,0,0,13094,6.17,13858,189,18,18.9,1309.4
1,24,2,1,6,3,14,1,1,0,1,17531,6.89,17253,226,55,487,2564,22.6,1753.1,20,0,0,3,6,2,0,0,0,0,14750,6.21,15745,214,42,21.4,1475.0
0,17,4,0,3,7,0,0,0,0,0,16306,6.99,19208,198,44,-1776,-1472,19.8,1630.6,30,2,1,7,3,5,0,1,0,1,15913,7.08,19676,219,76,21.9,1591.3
1,24,1,1,7,2,11,1,0,1,1,19945,7.26,17655,271,53,1475,2587,27.1,1994.5,10,0,0,2,7,3,0,0,0,1,16267,6.89,17503,210,59,21.0,1626.7
0,14,4,0,6,8,6,1,0,0,0,17099,6.29,17841,208,58,-581,-1927,20.8,1709.9,17,3,1,8,6,10,0,0,0,0,15813,7.36,18315,224,56,22.4,1581.3
0,26,0,1,1,10,3,1,0,0,0,16103,7.4,15313,213,51,-1630,-3258,21.3,1610.3,25,4,0,10,1,7,2,0,1,3,18248,7.43,20645,285,76,28.5,1824.8
1,14,6,1,6,4,5,1,0,0,0,17727,7.06,17547,228,69,3361,1183,22.8,1772.7,27,0,0,4,6,6,0,0,0,1,15256,6.2,19802,200,48,20.0,1525.6
1,31,1,1,10,2,11,0,0,0,0,18681,7.05,16320,209,62,2121,-356,20.9,1868.1,18,2,0,2,10,4,0,0,0,0,16838,6.79,13980,193,46,19.3,1683.8
1,23,4,1,7,4,5,1,0,0,0,18376,7.04,19215,211,60,2188,1751,21.1,1837.6,20,1,0,4,7,4,0,0,0,0,16025,6.97,14823,177,51,17.7,1602.5
1,22,1,0,3,6,9,0,1,0,1,15243,6.94,17005,220,53,-2021,-1162,22.0,1524.3,11,3,1,6,3,6,0,0,2,1,18851,6.56,18554,222,53,22.2,1885.1
1,26,3,1,7,5,4,0,0,1,0,16315,6.61,17622,234,59,736,286,23.4,1631.5,23,4,0,5,7,7,1,0,0,0,16514,7.47,19542,212,74,21.2,1651.4
0,26,2,0,9,5,11,0,1,0,0,17854,6.59,17657,241,59,2523,1705,24.1,1785.4,17,4,1,5,9,6,0,1,0,0,15938,6.51,18321,187,77,18.7,1593.8
0,17,1,1,6,5,5,0,0,0,1,16032,7.23,18041,229,56,-984,399,22.9,1603.2,22,3,0,5,6,4,0,0,1,0,14617,6.41,16582,192,46,19.2,1461.7
0,22,0,1,4,4,3,1,0,0,1,16463,6.36,17633,226,63,-352,-383,22.6,1646.3,27,3,0,4,4,4,1,1,0,2,17710,6.79,19646,217,67,21.7,1771.0
1,26,5,0,3,8,3,0,0,1,1,14835,5.99,16588,209,45,-2641,-2231,20.9,1483.5,32,0,1,8,3,13,2,0,0,0,19194,7.15,19757,222,73,22.2,1919.4
1,16,2,1,7,7,5,0,1,0,0,15675,6.7,17629,228,57,1460,-2605,22.8,1567.5,24,2,0,7,7,10,1,0,0,0,17369,6.25,19626,224,44,22.4,1736.9
1,33,0,0,9,4,8,1,0,0,0,16988,8.0,16471,243,72,2163,3548,24.3,1698.8,17,0,1,4,9,6,0,1,1,0,17837,6.37,15592,221,49,22.1,1783.7
0,20,2,1,4,4,8,0,0,1,0,14780,6.46,15749,210,67,-1957,-3723,21.0,1478.0,18,2,0,4,4,9,1,1,0,2,16450,7.78,18911,243,71,24.3,1645.0
1,19,3,1,6,6,6,1,0,0,0,17621,7.64,17509,217,51,1637,115,21.7,1762.1,14,3,0,6,6,6,0,0,0,0,15147,6.87,15373,237,49,23.7,1514.7
1,16,1,0,6,5,7,0,0,0,0,16233,6.94,18221,224,54,173,-734,22.4,1623.3,17,2,1,5,6,3,1,1,0,0,15292,6.68,16310,204,82,20.4,1529.2
0,20,1,1,7,2,12,2,0,0,0,19241,7.12,18672,271,68,392,1441,27.1,1924.1,27,0,0,2,7,4,0,1,0,1,14662,6.74,14887,210,62,21.0,1466.2
1,12,2,0,6,3,8,2,1,0,1,21040,7.2,19470,239,64,1357,2018,23.9,2104.0,14,2,1,3,6,10,0,0,0,0,15509,6.33,18162,223,51,22.3,1550.9
0,17,3,1,2,8,8,1,0,0,1,19737,6.51,15673,235,48,-1699,396,23.5,1973.7,17,1,0,8,2,5,1,0,0,3,16144,7.15,18325,233,63,23.3,1614.4
0,15,1,0,2,5,4,0,0,0,0,13756,6.5,14464,191,68,-2898,-3586,19.1,1375.6,21,6,1,5,2,10,2,1,0,1,20758,8.27,19071,248,70,24.8,2075.8
0,14,4,1,7,8,8,0,1,0,1,15175,6.96,18100,210,60,1643,-1030,21.0,1517.5,20,3,0,8,7,6,1,1,0,0,17568,7.18,17876,226,60,22.6,1756.8
1,26,4,1,3,6,8,1,0,0,0,16793,7.19,17253,211,55,2157,311,21.1,1679.3,14,1,0,6,3,4,0,0,0,0,17628,6.06,16806,165,32,16.5,1762.8
0,18,1,1,4,9,7,1,0,0,1,16819,6.54,16613,200,44,-1672,382,20.0,1681.9,23,0,0,9,4,6,1,2,1,1,17447,6.96,17637,233,46,23.3,1744.7
0,15,0,0,5,10,9,1,0,0,0,14514,7.06,16601,225,53,-1817,-764,22.5,1451.4,24,1,1,10,5,6,0,0,0,1,18691,7.14,18956,248,55,24.8,1869.1
0,15,1,0,4,8,2,0,0,0,0,14669,5.77,12420,175,48,-2057,-2195,17.5,1466.9,22,3,1,8,4,6,1,0,0,2,19131,6.5,18043,243,63,24.3,1913.1
1,25,4,0,14,4,11,1,0,0,1,19652,7.56,19823,277,63,3102,2140,27.7,1965.2,16,0,1,4,14,4,0,0,0,0,13815,7.01,17110,166,46,16.6,1381.5
1,22,3,0,7,5,6,0,1,0,2,19069,7.25,18576,233,60,2366,2108,23.3,1906.9,16,2,1,5,7,3,1,0,0,0,14579,6.68,16786,197,34,19.7,1457.9
1,18,3,0,12,2,10,0,1,1,2,18671,7.12,18589,264,63,346,2396,26.4,1867.1,24,0,1,2,12,5,1,1,0,0,16319,5.75,18611,220,65,22.0,1631.9
1,23,4,0,9,5,4,1,2,0,0,18299,7.55,17536,256,60,1498,1363,25.6,1829.9,14,0,1,5,9,6,0,0,0,0,15507,6.59,16832,207,48,20.7,1550.7
1,21,3,1,9,6,7,1,0,0,0,16947,7.18,16703,231,59,770,267,23.1,1694.7,14,6,0,6,9,2,1,0,0,1,18161,6.67,17691,237,57,23.7,1816.1
0,14,1,1,3,10,8,1,0,0,0,17215,5.85,15436,199,43,409,-1468,19.9,1721.5,31,5,0,10,3,6,1,1,0,0,16385,6.63,17334,239,46,23.9,1638.5
1,18,3,0,7,9,5,1,0,0,1,18104,7.14,18754,209,66,-91,-237,20.9,1810.4,14,3,1,9,7,4,0,1,0,0,15578,7.22,19154,223,48,22.3,1557.8
0,22,5,1,7,5,1,0,1,0,0,16191,6.8,17200,214,43,-379,-560,21.4,1619.1,23,4,0,5,7,7,1,0,1,1,15757,7.18,19555,216,53,21.6,1575.7
1,28,1,0,10,1,9,2,1,0,3,20570,7.6,20010,249,85,5359,4573,24.9,2057.0,12,1,1,1,10,1,0,0,0,0,13354,7.49,14657,206,36,20.6,1335.4
1,20,3,1,1,6,6,2,1,0,1,15647,7.13,16660,231,71,928,817,23.1,1564.7,26,0,0,6,1,4,0,1,0,1,16546,6.26,17673,214,50,21.4,1654.6
0,22,5,1,5,8,9,0,0,0,1,14993,6.82,15180,253,48,-283,-136,25.3,1499.3,16,4,0,8,5,11,1,0,1,1,16289,7.37,18917,246,53,24.6,1628.9
0,16,0,0,7,4,9,0,0,0,0,16350,6.62,18114,215,72,770,2085,21.5,1635.0,20,5,1,4,7,7,0,1,0,1,16210,7.13,16260,210,49,21.0,1621.0
0,13,3,1,7,12,6,0,0,0,0,14494,6.44,16052,188,52,-498,-3123,18.8,1449.4,24,2,0,12,7,5,0,0,0,1,19025,6.79,20211,192,63,19.2,1902.5
1,22,4,0,8,1,6,1,1,1,1,20650,7.58,17294,247,58,2105,982,24.7,2065.0,22,0,1,1,8,3,1,0,0,1,12943,6.04,14205,210,41,21.0,1294.3
1,26,0,0,3,11,5,0,1,0,1,15086,6.72,15104,218,56,-1786,-1156,21.8,1508.6,20,3,1,11,3,3,1,0,1,1,20465,7.64,20738,220,48,22.0,2046.5
0,22,3,0,5,2,11,2,0,0,1,17486,7.09,17072,206,53,622,-408,20.6,1748.6,28,2,1,2,5,6,0,2,0,1,16159,6.27,14457,227,66,22.7,1615.9
1,21,2,0,7,3,10,2,0,0,2,17920,7.4,19944,254,58,1009,1469,25.4,1792.0,20,3,1,3,7,1,0,0,0,0,14978,6.3,15077,203,54,20.3,1497.8
1,28,2,1,13,7,6,0,0,0,0,17789,6.92,16823,190,54,-460,2230,19.0,1778.9,25,2,0,7,13,4,1,0,0,0,17416,6.45,15853,218,45,21.8,1741.6
0,19,2,1,3,3,8,2,1,1,1,16033,7.31,17460,242,60,10,1344,24.2,1603.3,26,2,0,3,3,6,1,2,0,0,15721,6.96,18052,237,55,23.7,1572.1
0,31,4,0,3,4,3,0,0,0,0,14780,6.98,18726,243,58,1516,614,24.3,1478.0,20,5,1,4,3,3,0,1,0,0,14845,6.58,17411,212,58,21.2,1484.5
1,17,2,1,6,7,4,1,1,0,2,17704,6.5,18598,261,65,205,-1364,26.1,1770.4,19,4,0,7,6,8,0,0,0,0,16948,6.62,18301,189,48,18.9,1694.8
0,14,1,1,9,3,0,0,0,0,0,16116,6.64,17518,206,67,-851,-561,20.6,1611.6,17,2,0,3,9,6,1,1,1,0,15158,6.78,16956,223,53,22.3,1515.8
0,18,1,1,7,9,5,0,0,0,2,17054,6.65,18747,217,57,-1097,-1402,21.7,1705.4,22,0,0,9,7,5,1,1,0,0,17119,7.47,16932,220,61,22.0,1711.9
1,22,2,1,13,6,11,1,1,0,1,19924,7.29,19669,241,75,3883,2418,24.1,1992.4,13,2,0,6,13,2,0,1,0,1,17944,5.72,17445,219,49,21.9,1794.4
0,16,0,0,5,10,3,1,0,0,0,15407,6.49,16297,207,56,-1341,-140,20.7,1540.7,21,4,1,10,5,4,1,0,0,0,17037,7.32,16537,182,49,18.2,1703.7
0,31,1,1,1,8,4,0,0,0,0,15739,7.33,18554,214,44,-2473,-1418,21.4,1573.9,27,2,0,8,1,5,1,0,0,0,18126,7.24,19899,240,68,24.0,1812.6
0,21,2,1,4,6,3,0,0,1,0,14892,7.06,17433,221,52,-967,808,22.1,1489.2,19,3,0,6,4,7,0,1,0,2,18155,7.84,16699,232,54,23.2,1815.5
1,25,3,0,8,3,7,0,1,1,0,15344,7.26,17884,240,65,2373,1190,24.0,1534.4,10,0,1,3,8,8,0,0,0,0,16377,6.25,15845,241,48,24.1,1637.7
0,19,4,1,8,5,5,0,1,0,2,16794,7.1,19032,246,74,335,69,24.6,1679.4,18,2,0,5,8,6,1,0,0,1,15404,6.28,14742,206,76,20.6,1540.4
0,18,3,1,7,5,10,1,1,0,1,16420,7.38,15704,241,50,568,505,24.1,1642.0,18,2,0,5,7,3,0,1,1,1,16367,6.33,16258,216,68,21.6,1636.7
0,25,1,1,7,6,4,1,0,0,1,17058,6.3,17317,215,52,-460,-896,21.5,1705.8,22,2,0,6,7,5,1,1,0,0,16549,6.37,16987,235,69,23.5,1654.9
0,13,1,0,6,8,7,1,0,0,0,17041,7.15,15372,196,60,2427,1174,19.6,1704.1,19,2,1,8,6,1,1,1,0,1,14466,6.62,17873,184,44,18.4,1446.6
0,13,2,1,3,7,4,0,1,0,1,16391,6.31,15583,244,59,-2663,-381,24.4,1639.1,22,1,0,7,3,7,0,1,1,1,18172,6.73,20296,225,56,22.5,1817.2
0,18,2,1,3,10,6,0,0,1,1,16902,7.15,16341,193,51,53,-896,19.3,1690.2,23,3,0,10,3,5,1,0,1,0,16053,6.79,16185,225,53,22.5,1605.3
1,29,2,1,9,4,14,1,1,0,0,16448,6.84,17228,238,56,2560,2557,23.8,1644.8,20,0,0,4,9,3,1,0,0,0,13175,6.13,15541,189,70,18.9,1317.5
1,20,3,1,8,4,15,2,0,0,3,16460,7.23,18576,202,52,3296,394,20.2,1646.0,22,0,0,4,8,6,0,0,0,0,15431,6.91,16112,262,27,26.2,1543.1
0,20,2,0,6,9,4,1,0,0,0,15656,7.33,15144,198,43,-2962,-2089,19.8,1565.6,19,3,1,9,6,7,0,1,1,1,16502,7.44,17765,231,49,23.1,1650.2
1,18,2,0,8,9,5,0,0,0,0,13766,7.08,16360,213,72,-2548,-139,21.3,1376.6,20,1,1,9,8,9,1,0,1,1,16174,6.91,17538,223,78,22.3,1617.4
1,27,2,0,4,5,9,0,0,1,1,15747,6.57,19117,226,54,-482,-799,22.6,1574.7,17,1,1,5,4,7,1,1,0,0,16761,6.41,19092,210,48,21.0,1676.1
1,16,2,1,10,3,13,1,1,0,1,20245,7.41,18414,219,81,1860,2873,21.9,2024.5,19,1,0,3,10,3,0,0,0,1,13266,5.76,15362,196,58,19.6,1326.6
0,20,0,1,1,12,4,0,1,0,0,13638,6.45,15860,228,46,-2416,-3879,22.8,1363.8,20,0,0,12,1,10,1,1,0,1,18984,6.98,20155,234,74,23.4,1898.4
0,20,3,0,3,9,9,0,1,0,0,14504,6.95,20698,214,52,871,1792,21.4,1450.4,18,0,1,9,3,5,1,0,0,1,16621,6.48,16669,183,63,18.3,1662.1
0,22,1,1,2,9,4,0,1,0,0,12874,7.14,15749,226,61,-2396,-2072,22.6,1287.4,34,4,0,9,2,11,1,0,0,1,18670,7.32,20339,189,59,18.9,1867.0
0,15,0,0,8,6,3,0,0,0,0,17068,6.72,14542,204,61,-718,-743,20.4,1706.8,24,1,1,6,8,9,0,0,0,0,17297,7.34,18092,243,48,24.3,1729.7
1,19,4,1,4,5,8,0,0,0,1,16780,7.61,17457,209,52,403,-1030,20.9,1678.0,23,5,0,5,4,5,0,0,0,0,17667,6.57,16233,214,72,21.4,1766.7
0,19,0,0,3,12,6,0,0,0,1,15271,6.57,16599,257,42,-3014,-793,25.7,1527.1,17,3,1,12,3,10,0,0,0,0,15558,6.94,18784,239,47,23.9,1555.8
1,14,2,1,5,3,6,0,0,0,0,16021,6.79,18563,217,55,-566,-979,21.7,1602.1,27,4,0,3,5,6,0,1,0,1,15717,7.09,19568,253,51,25.3,1571.7
0,14,3,0,8,3,3,1,0,0,1,17612,6.91,15955,183,67,328,1305,18.3,1761.2,19,3,1,3,8,6,1,1,1,0,16359,7.19,20337,241,49,24.1,1635.9
0,16,2,1,4,7,3,0,1,0,1,14653,6.87,16488,215,63,-417,-249,21.5,1465.3,27,1,0,7,4,8,1,1,0,1,17394,7.14,18706,235,42,23.5,1739.4
0,18,0,1,3,8,2,0,0,0,1,15018,6.82,15198,201,48,-4028,-2239,20.1,1501.8,21,3,0,8,3,12,2,1,1,1,19191,7.43,19485,236,68,23.6,1919.1
1,18,3,1,3,6,9,1,0,1,1,16558,7.55,18252,220,70,1292,1930,22.0,1655.8,11,1,0,6,3,6,0,0,0,0,16253,6.51,15506,229,58,22.9,1625.3
1,20,4,1,9,6,12,1,1,0,1,18081,7.06,17621,204,54,467,-180,20.4,1808.1,16,4,0,6,9,5,0,0,0,0,16032,6.29,15802,226,48,22.6,1603.2
1,12,4,0,8,3,10,1,1,0,1,18969,7.04,18538,216,68,2677,1341,21.6,1896.9,17,0,1,3,8,4,1,0,1,0,16595,6.79,16412,223,40,22.3,1659.5
0,15,0,0,5,13,3,0,0,0,0,15792,6.49,16451,235,50,-2657,-1945,23.5,1579.2,21,3,1,13,5,6,1,1,1,0,19484,7.75,20099,233,68,23.3,1948.4
1,26,5,1,3,3,4,1,0,0,0,16680,7.3,17822,212,58,373,493,21.2,1668.0,23,2,0,3,3,8,1,0,1,0,15737,6.26,14824,230,50,23.0,1573.7
1,25,0,1,7,3,11,0,1,0,1,18330,6.64,19167,234,81,1517,815,23.4,1833.0,27,3,0,3,7,7,0,0,0,1,15125,7.07,17513,214,73,21.4,1512.5
0,18,0,1,6,12,5,1,0,0,0,15636,6.49,17460,196,52,-2948,-2318,19.6,1563.6,12,4,0,12,6,7,1,1,0,0,18158,7.41,18384,292,51,29.2,1815.8
0,21,3,0,5,3,0,1,0,0,1,15849,7.54,16998,196,40,1224,21,19.6,1584.9,16,4,1,3,5,7,0,0,0,1,15508,7.28,15843,234,59,23.4,1550.8
1,16,3,1,6,7,9,0,0,1,0,14785,6.13,15049,208,63,1000,-1868,20.8,1478.5,23,2,0,7,6,5,0,0,1,0,16066,7.73,15352,255,51,25.5,1606.6
1,32,3,0,9,5,11,2,1,0,0,20629,7.68,19315,258,93,2108,3385,25.8,2062.9,11,5,1,5,9,5,0,1,0,0,16474,6.28,14301,227,51,22.7,1647.4
1,34,2,1,9,0,5,1,1,1,0,19168,7.8,18366,264,57,4544,3548,26.4,1916.8,22,4,0,0,9,6,0,1,0,0,15462,6.29,14677,202,52,20.2,1546.2
0,17,3,1,5,9,4,1,0,1,0,13894,6.82,16660,191,48,-1473,-1715,19.1,1389.4,18,1,0,9,5,13,1,0,1,2,19380,6.83,18116,246,64,24.6,1938.0
1,38,3,1,8,3,11,1,2,0,2,20625,7.35,20707,241,70,3814,5118,24.1,2062.5,17,0,0,3,8,4,0,0,0,1,12853,6.28,14348,215,31,21.5,1285.3
1,15,0,0,4,7,1,0,0,0,0,17769,7.03,17042,254,56,-2474,-2270,25.4,1776.9,16,2,1,7,4,9,1,1,0,1,17047,7.26,18207,253,59,25.3,1704.7
1,16,4,1,9,4,13,1,0,0,3,15390,7.36,19503,242,57,943,1289,24.2,1539.0,19,2,0,4,9,7,0,0,0,0,15951,6.51,15111,185,70,18.5,1595.1
1,18,3,1,10,4,9,1,0,0,1,20141,7.35,20187,253,64,2448,489,25.3,2014.1,9,3,0,4,10,5,1,0,0,0,16143,7.16,16691,180,50,18.0,1614.3
0,17,3,0,4,9,3,0,0,1,0,14956,6.27,17396,221,37,-165,-1056,22.1,1495.6,20,4,1,9,4,2,0,0,0,0,19155,7.09,20988,221,69,22.1,1915.5
1,33,3,0,9,3,5,2,0,0,2,17317,6.93,16680,256,69,393,1675,25.6,1731.7,18,2,1,3,9,3,1,0,0,0,15770,6.66,16087,252,41,25.2,1577.0
1,18,6,0,6,8,5,2,1,0,1,15180,6.91,16222,218,52,285,-1079,21.8,1518.0,25,2,1,8,6,4,1,0,0,0,16774,7.1,17195,178,56,17.8,1677.4
1,17,2,0,7,5,7,1,0,0,2,15381,7.93,18116,232,80,1532,784,23.2,1538.1,23,0,1,5,7,5,0,0,0,1,16749,6.52,15393,208,53,20.8,1674.9
1,16,2,0,7,3,8,0,0,0,2,17376,6.53,19769,216,69,-100,1244,21.6,1737.6,20,1,1,3,7,8,2,1,0,0,15601,6.88,17127,195,60,19.5,1560.1
1,28,4,1,10,2,8,0,1,0,1,17760,7.17,17175,210,58,1661,2195,21.0,1776.0,22,2,0,2,10,3,1,1,0,1,15391,6.56,16474,184,36,18.4,1539.1
1,25,2,1,7,3,5,1,0,1,0,15893,7.06,17553,213,66,140,-1912,21.3,1589.3,17,2,0,3,7,7,1,1,0,2,16282,7.22,15511,203,43,20.3,1628.2
0,17,3,1,3,7,6,1,0,1,1,15217,6.87,18132,177,66,-162,-998,17.7,1521.7,26,0,0,7,3,6,0,1,0,0,16297,6.52,16740,176,50,17.6,1629.7
0,13,0,1,9,5,7,2,0,0,0,15836,7.23,18430,216,52,1279,1659,21.6,1583.6,23,1,0,5,9,7,1,0,1,0,15718,6.57,17357,213,53,21.3,1571.8
1,16,2,1,8,5,7,0,1,0,0,17140,6.48,20445,235,51,770,1273,23.5,1714.0,20,2,0,5,8,5,1,0,0,0,17404,6.88,16300,241,54,24.1,1740.4
1,30,2,1,11,6,11,1,0,1,0,17681,7.18,17479,255,55,1623,1916,25.5,1768.1,22,0,0,6,11,1,1,0,0,0,13961,6.71,18523,213,51,21.3,1396.1
0,22,1,0,2,8,4,0,0,1,0,16411,6.36,16110,189,30,-1076,-2185,18.9,1641.1,19,3,1,8,2,7,1,1,0,1,13618,6.94,20610,205,57,20.5,1361.8
0,18,0,1,5,10,4,0,0,0,1,15311,6.62,16912,223,52,139,2,22.3,1531.1,22,2,0,10,5,8,2,1,0,2,18250,6.84,19138,268,71,26.8,1825.0
0,28,3,0,4,7,3,0,0,0,0,15750,6.73,16281,208,63,-1784,-750,20.8,1575.0,26,4,1,7,4,7,1,0,0,1,18262,6.62,18981,232,65,23.2,1826.2
0,29,1,1,5,9,8,0,1,1,0,14320,7.22,17336,210,55,386,-1168,21.0,1432.0,22,4,0,9,5,6,1,0,0,1,15752,6.98,18322,257,74,25.7,1575.2
1,21,3,1,5,1,3,1,1,1,2,18709,6.26,20251,250,68,1860,2674,25.0,1870.9,17,0,0,1,5,6,1,0,0,0,15610,6.33,19114,229,47,22.9,1561.0
1,22,2,1,8,1,6,1,1,0,0,17439,6.41,18248,243,64,1669,1682,24.3,1743.9,19,3,0,1,8,8,0,0,1,0,15159,7.13,17963,197,59,19.7,1515.9
0,17,3,1,6,7,7,1,1,0,0,16520,6.64,14039,193,58,2145,-1074,19.3,1652.0,11,2,0,7,6,5,1,0,1,0,16206,7.23,15239,246,61,24.6,1620.6
1,21,5,1,7,4,8,0,0,0,1,17628,7.57,21087,233,43,2867,1437,23.3,1762.8,19,0,0,4,7,1,0,0,0,0,13234,6.72,16243,204,49,20.4,1323.4
1,15,3,1,12,2,11,2,0,0,2,19467,7.35,20971,229,72,1395,2623,22.9,1946.7,12,1,0,2,12,3,0,1,1,1,13255,6.94,17013,201,29,20.1,1325.5
1,13,3,0,3,7,6,1,0,1,1,18298,6.96,15383,239,59,649,-7,23.9,1829.8,12,2,1,7,3,7,1,0,0,0,13813,6.73,19773,217,52,21.7,1381.3
1,10,2,0,5,8,3,0,0,0,0,14645,7.17,16293,231,50,-325,-2610,23.1,1464.5,21,3,1,8,5,5,1,0,0,0,17377,6.63,20089,243,52,24.3,1737.7
1,29,2,1,4,0,9,0,1,0,1,20635,7.01,19575,252,58,3319,1806,25.2,2063.5,21,1,0,0,4,6,0,0,0,0,13341,6.36,15930,192,43,19.2,1334.1
0,12,2,1,5,11,3,1,0,1,0,17612,6.69,16849,217,46,519,584,21.7,1761.2,18,1,0,11,5,5,0,0,0,0,18032,6.69,16273,197,50,19.7,1803.2
1,30,2,1,7,3,4,1,1,0,0,19143,7.12,18105,203,56,-23,-636,20.3,1914.3,20,2,0,3,7,4,0,0,0,0,18104,6.9,17747,217,52,21.7,1810.4
0,16,3,1,7,5,8,2,0,1,0,17652,6.94,17092,203,56,-658,-647,20.3,1765.2,23,3,0,5,7,8,1,1,0,1,18567,6.55,17459,218,52,21.8,1856.7
0,27,2,1,4,10,4,0,0,0,1,15292,6.43,16178,209,41,-2303,1298,20.9,1529.2,22,3,0,10,4,3,1,1,0,1,17203,6.94,18626,244,64,24.4,1720.3
0,15,0,0,2,9,3,1,0,0,0,12989,6.34,15914,208,58,-3349,-2086,20.8,1298.9,24,4,1,9,2,11,0,0,1,1,18822,7.53,19212,261,35,26.1,1882.2
1,13,2,1,9,3,8,1,1,0,0,17928,6.79,20715,222,52,1556,207,22.2,1792.8,17,3,0,3,9,11,1,0,0,0,16440,6.52,16597,204,53,20.4,1644.0
0,25,0,0,6,7,1,0,1,0,0,13496,6.25,15351,237,51,-646,-984,23.7,1349.6,18,7,1,7,6,12,0,1,1,1,16364,6.59,16981,215,63,21.5,1636.4
1,33,3,1,16,0,8,0,0,1,2,22023,7.47,20440,274,81,4944,4930,27.4,2202.3,14,0,0,0,16,2,0,0,0,0,10197,6.08,12414,168,43,16.8,1019.7
0,13,1,1,1,7,5,1,0,0,0,15300,5.92,17166,243,39,-2357,-947,24.3,1530.0,28,6,0,7,1,11,1,1,0,0,17843,7.4,19246,231,63,23.1,1784.3
0,16,4,1,3,11,2,0,1,0,0,14108,6.53,16840,182,27,-902,-1615,18.2,1410.8,19,5,0,11,3,8,1,1,1,2,18397,7.63,18103,208,68,20.8,1839.7
1,16,4,0,2,4,6,1,0,0,1,16966,6.96,16671,243,55,41,1487,24.3,1696.6,18,1,1,4,2,5,0,0,1,0,15447,6.59,17003,216,39,21.6,1544.7
1,22,1,1,6,0,11,1,0,0,1,20268,7.32,18513,262,66,2108,3461,26.2,2026.8,15,1,0,0,6,0,0,0,0,0,13853,6.49,17776,188,54,18.8,1385.3
1,21,2,1,5,4,4,1,0,0,2,17118,7.35,16950,203,65,-1394,706,20.3,1711.8,30,0,0,4,5,4,0,1,0,0,17431,7.07,16650,217,52,21.7,1743.1
1,19,3,0,9,4,6,0,0,1,2,17280,7.0,17445,233,56,544,2110,23.3,1728.0,24,0,1,4,9,3,1,1,0,1,15339,7.09,19311,221,47,22.1,1533.9
0,7,1,0,1,8,1,0,0,0,0,13505,6.14,13658,199,48,-3375,-3283,19.9,1350.5,21,3,1,8,1,11,1,0,0,1,18337,7.48,18658,251,74,25.1,1833.7
0,16,1,1,4,7,5,0,1,0,0,15781,6.64,18440,209,66,-417,-4080,20.9,1578.1,8,0,0,7,4,7,1,1,0,0,18263,6.34,17042,231,58,23.1,1826.3
0,21,1,1,4,9,3,0,0,0,0,16009,6.28,15132,186,41,-2075,-3537,18.6,1600.9,25,0,0,9,4,7,0,0,0,0,19762,6.62,20544,231,52,23.1,1976.2
0,15,4,1,0,9,1,0,0,0,0,14496,6.59,15402,190,48,-2774,-3322,19.0,1449.6,21,3,0,9,0,10,0,2,0,0,19683,7.54,22500,253,76,25.3,1968.3
0,19,1,1,2,4,10,1,1,1,0,15470,7.21,17616,208,67,-785,-539,20.8,1547.0,9,1,0,4,2,7,0,0,1,0,17299,7.06,17940,221,45,22.1,1729.9
0,11,1,1,0,9,2,0,1,0,1,14009,6.63,14667,212,34,-4973,-2944,21.2,1400.9,21,5,0,9,0,13,2,0,0,1,20433,7.47,21984,230,56,23.0,2043.3
0,14,0,0,3,12,5,1,0,0,0,13596,7.03,16209,234,41,-3717,-2713,23.4,1359.6,30,1,1,12,3,5,1,0,1,1,16900,7.39,18073,259,70,25.9,1690.0
0,26,3,1,6,12,0,0,1,1,0,15844,6.21,15962,195,54,-357,198,19.5,1584.4,23,2,0,12,6,7,0,0,0,0,18609,6.66,16980,199,50,19.9,1860.9
0,13,3,1,4,8,1,0,1,0,0,13007,6.52,16486,226,39,-1986,-3020,22.6,1300.7,19,0,0,8,4,10,0,1,1,1,18734,7.59,17529,245,50,24.5,1873.4
1,24,1,1,8,7,8,2,1,1,1,16697,7.93,15089,227,45,2676,940,22.7,1669.7,20,3,0,7,8,8,0,0,0,0,15270,6.1,15935,232,61,23.2,1527.0
0,21,1,0,9,3,6,1,0,0,2,16236,7.33,16202,231,53,2397,1149,23.1,1623.6,20,0,1,3,9,11,0,1,0,0,15695,7.06,18022,258,45,25.8,1569.5
1,23,3,1,10,3,7,1,1,0,0,16408,7.3,18876,223,51,2219,2036,22.3,1640.8,22,2,0,3,10,4,0,0,0,0,14788,6.68,16324,203,65,20.3,1478.8
0,18,2,1,8,5,5,0,1,0,2,17160,7.04,18074,215,55,-196,1335,21.5,1716.0,20,1,0,5,8,7,0,0,0,0,15980,6.66,17418,228,63,22.8,1598.0
1,21,3,1,6,0,11,1,0,0,0,19249,7.62,17345,263,62,1955,4345,26.3,1924.9,20,4,0,0,6,0,1,0,0,0,14207,6.55,16155,215,60,21.5,1420.7
0,20,2,1,3,8,8,1,0,0,0,15676,6.79,16940,211,69,133,-1100,21.1,1567.6,16,3,0,8,3,6,0,0,0,1,17500,7.02,18617,230,70,23.0,1750.0
1,18,5,1,4,4,6,1,0,0,0,15266,6.78,19005,241,62,697,311,24.1,1526.6,22,4,0,4,4,5,0,1,0,0,14621,6.86,17766,214,45,21.4,1462.1
1,23,1,1,5,3,8,2,0,0,0,19120,7.12,20836,241,60,-1021,1260,24.1,1912.0,6,0,0,3,5,8,0,1,0,0,16551,7.07,17292,231,83,23.1,1655.1
0,23,6,0,7,7,6,1,0,0,0,16282,6.9,15724,219,42,-647,-237,21.9,1628.2,26,3,1,7,7,7,1,0,0,0,15672,6.65,16488,181,62,18.1,1567.2
0,30,4,0,9,10,3,0,0,0,1,17504,6.56,15426,228,34,-1721,-104,22.8,1750.4,18,1,1,10,9,5,2,0,1,1,17269,7.16,18513,244,50,24.4,1726.9
0,21,3,0,6,6,4,1,0,0,0,14883,6.61,19533,208,49,-760,-815,20.8,1488.3,24,4,1,6,6,6,0,0,1,2,15946,7.07,15078,272,41,27.2,1594.6
0,9,0,0,4,8,6,0,0,0,1,16673,7.06,16198,220,57,-1156,-921,22.0,1667.3,22,6,1,8,4,5,1,0,0,1,18709,6.57,15346,212,49,21.2,1870.9
1,27,4,0,9,6,6,0,0,1,1,18154,7.55,18837,191,76,1141,2514,19.1,1815.4,9,2,1,6,9,7,1,0,0,1,16245,6.53,16796,224,28,22.4,1624.5
0,19,3,1,4,7,6,1,0,0,0,17416,7.05,17641,208,57,-823,-2677,20.8,1741.6,13,2,0,7,4,8,1,0,1,1,16113,7.26,17898,235,49,23.5,1611.3
1,29,0,0,7,5,4,0,1,0,1,16308,6.53,17116,214,67,-1024,-332,21.4,1630.8,25,2,1,5,7,2,0,0,0,1,17925,7.28,16980,244,58,24.4,1792.5
0,26,0,0,7,8,7,0,0,0,0,16872,6.69,15344,181,42,-1057,-342,18.1,1687.2,19,0,1,8,7,4,1,0,0,1,18182,6.67,19145,220,67,22.0,1818.2
0,15,2,0,3,9,2,0,0,1,0,14703,6.25,15963,183,50,-2691,426,18.3,1470.3,17,1,1,9,3,8,0,1,0,1,18273,7.19,19048,244,55,24.4,1827.3
1,26,2,0,13,0,12,1,0,1,1,17666,6.73,18415,201,46,2266,2382,20.1,1766.6,20,1,1,0,13,6,1,0,1,0,15601,6.37,16101,211,58,21.1,1560.1
0,17,1,1,9,8,5,0,1,0,2,17559,7.0,18644,233,49,1199,1366,23.3,1755.9,22,0,0,8,9,2,1,0,1,0,16668,7.15,16424,229,60,22.9,1666.8
1,18,3,1,4,5,3,0,0,0,1,17400,6.64,18398,184,62,-2381,-1396,18.4,1740.0,19,4,0,5,4,9,0,0,0,1,17740,7.35,18673,237,49,23.7,1774.0
1,25,1,1,7,5,13,1,1,1,0,21216,7.52,17757,208,55,783,1461,20.8,2121.6,23,3,0,5,7,3,1,0,0,1,15854,6.05,17247,220,47,22.0,1585.4
0,24,1,1,4,11,2,1,0,0,0,15991,7.04,17225,203,43,-1069,790,20.3,1599.1,15,5,0,11,4,7,1,1,0,1,16590,7.14,17102,188,59,18.8,1659.0
0,22,0,0,3,9,3,0,0,0,1,13685,5.91,15813,219,36,-1601,-1408,21.9,1368.5,20,2,1,9,3,9,1,0,0,0,17875,7.13,18669,277,59,27.7,1787.5
1,22,3,1,8,1,11,0,1,1,0,17851,7.68,19362,176,69,1425,242,17.6,1785.1,14,2,0,1,8,4,0,0,0,0,16891,6.65,17138,207,45,20.7,1689.1
0,31,0,1,4,8,1,1,0,0,0,14924,6.61,17277,204,59,477,-927,20.4,1492.4,30,5,0,8,4,1,1,0,1,1,18149,7.44,18662,207,41,20.7,1814.9
0,17,1,0,5,10,6,0,1,1,0,15936,6.61,18174,237,53,493,-565,23.7,1593.6,15,1,1,10,5,15,0,1,0,0,17704,7.06,18243,221,67,22.1,1770.4
0,12,0,0,3,3,2,0,0,1,1,16580,6.84,16813,203,56,-1410,-63,20.3,1658.0,23,2,1,3,3,9,0,1,1,1,16921,6.66,15667,232,72,23.2,1692.1
1,15,2,1,7,0,8,0,0,0,3,18505,7.15,16770,240,47,2326,1301,24.0,1850.5,23,1,0,0,7,4,0,0,0,0,15350,6.69,16475,197,53,19.7,1535.0
1,27,3,1,3,9,11,1,1,1,0,17049,6.41,16609,231,47,55,-633,23.1,1704.9,18,1,0,9,3,4,0,0,0,0,16705,7.28,18900,231,59,23.1,1670.5
0,17,3,0,4,11,0,1,0,0,0,15258,6.79,15289,174,56,-2883,-2191,17.4,1525.8,20,2,1,11,4,9,0,1,1,1,19002,7.18,18938,269,66,26.9,1900.2
0,22,1,1,7,6,7,1,0,0,2,15612,6.86,19733,220,60,882,951,22.0,1561.2,28,1,0,6,7,3,0,0,1,0,15626,6.55,17616,224,48,22.4,1562.6
0,16,3,0,5,3,4,0,0,0,0,14973,6.38,17883,201,53,-353,320,20.1,1497.3,20,2,1,3,5,7,0,1,0,0,16809,7.03,19944,212,61,21.2,1680.9
1,22,3,1,12,3,7,0,0,0,1,17958,7.73,22148,246,73,3137,5414,24.6,1795.8,19,2,0,3,12,5,1,0,1,0,14561,5.81,15462,160,43,16.0,1456.1
1,16,4,0,4,8,2,0,0,1,0,17333,6.49,17465,231,51,1058,-797,23.1,1733.3,23,1,1,8,4,5,1,0,0,0,16088,6.92,16469,233,42,23.3,1608.8
0,18,1,0,0,16,4,0,0,0,1,11108,6.47,15776,199,57,-4899,-2967,19.9,1110.8,21,3,1,16,0,11,2,1,0,2,21071,7.31,18981,252,74,25.2,2107.1
0,20,0,0,4,5,7,1,0,0,0,18586,6.83,18007,236,43,676,-8,23.6,1858.6,13,4,1,5,4,8,0,0,0,0,17764,6.64,17228,239,59,23.9,1776.4
1,26,4,1,13,2,5,1,0,0,1,20026,7.83,18853,226,75,3496,3037,22.6,2002.6,11,3,0,2,13,4,0,0,0,0,12961,6.14,11259,188,37,18.8,1296.1
1,25,2,0,11,0,7,2,1,0,1,19028,7.52,18279,233,71,1960,3036,23.3,1902.8,9,0,1,0,11,3,1,0,1,1,12624,6.1,15530,203,49,20.3,1262.4
1,22,3,1,13,4,8,1,1,0,1,17797,7.71,15871,256,69,1928,2773,25.6,1779.7,21,0,0,4,13,1,0,0,1,0,14118,6.73,15223,192,51,19.2,1411.8
0,11,2,1,7,10,0,1,0,0,0,15065,5.95,16798,217,25,-1518,-1975,21.7,1506.5,12,2,0,10,7,12,1,1,0,1,17848,6.84,18106,205,59,20.5,1784.8
1,14,0,0,7,5,8,0,1,0,0,16020,6.93,20679,197,65,1072,794,19.7,1602.0,18,1,1,5,7,8,1,0,0,0,13668,6.8,13783,207,44,20.7,1366.8
0,34,2,0,3,10,5,1,0,0,0,16577,6.65,17458,217,45,-2665,-750,21.7,1657.7,27,2,1,10,3,6,1,0,0,0,17709,7.48,19152,224,70,22.4,1770.9
0,28,3,0,3,4,7,1,1,0,0,16882,7.07,18247,195,71,369,2153,19.5,1688.2,6,3,1,4,3,7,1,0,0,1,17017,5.93,17767,233,63,23.3,1701.7
0,24,2,1,1,8,9,0,0,1,1,16664,7.02,17260,180,38,-2706,-2103,18.0,1666.4,15,5,0,8,1,6,2,1,0,1,15842,7.01,19292,214,58,21.4,1584.2
0,15,1,1,4,7,2,0,0,0,0,17436,6.15,15423,233,58,-1147,-696,23.3,1743.6,16,0,0,7,4,6,1,2,1,1,18007,7.44,18432,225,59,22.5,1800.7
0,19,3,0,0,10,3,1,2,0,0,15902,6.82,16779,228,45,-312,-2071,22.8,1590.2,25,2,1,10,0,12,0,1,0,2,17539,7.07,17723,236,62,23.6,1753.9
0,18,1,0,6,6,6,1,1,1,0,18807,6.82,18328,217,44,1365,2025,21.7,1880.7,22,3,1,6,6,3,0,0,0,0,16578,6.75,19660,210,71,21.0,1657.8
1,15,1,1,8,5,10,0,1,0,1,19657,7.01,19257,232,58,2643,1180,23.2,1965.7,15,0,0,5,8,4,0,0,0,0,16624,7.13,17205,192,64,19.2,1662.4
0,18,2,1,9,6,8,0,0,0,0,15152,6.59,17265,232,63,805,1258,23.2,1515.2,25,2,0,6,9,7,1,0,0,0,13811,6.59,19942,208,50,20.8,1381.1
0,24,2,0,1,10,0,0,0,0,1,14350,7.5,18073,186,45,-2160,-1875,18.6,1435.0,22,2,1,10,1,9,1,0,0,2,17222,7.39,17405,199,53,19.9,1722.2
0,24,1,1,6,6,9,1,0,0,1,15975,7.08,18977,171,54,-2348,-786,17.1,1597.5,21,0,0,6,6,7,1,0,0,1,15792,6.84,18191,230,48,23.0,1579.2
0,14,3,0,8,11,2,0,0,0,0,16470,6.64,14544,217,54,-1783,-979,21.7,1647.0,21,0,1,11,8,9,1,1,0,1,18146,6.99,17570,234,60,23.4,1814.6
1,20,3,0,4,3,10,1,1,0,1,18066,6.88,21388,260,66,2031,421,26.0,1806.6,23,2,1,3,4,0,0,0,0,0,15754,5.86,17462,221,49,22.1,1575.4
1,26,3,1,11,4,10,2,1,0,0,18415,7.44,19331,221,53,2116,2877,22.1,1841.5,21,1,0,4,11,5,0,0,0,0,13322,6.26,15219,212,33,21.2,1332.2
1,19,3,0,9,2,9,1,0,0,0,16407,7.09,19038,231,77,906,1900,23.1,1640.7,18,1,1,2,9,4,0,0,0,1,14395,6.23,16160,209,58,20.9,1439.5
1,19,3,0,7,10,4,1,0,0,0,14618,6.84,17312,232,44,-1905,-2246,23.2,1461.8,13,0,1,10,7,1,1,0,1,0,16227,7.17,22426,221,64,22.1,1622.7
0,17,1,0,2,12,0,0,0,0,0,13482,6.33,15078,215,43,-3804,-4449,21.5,1348.2,29,5,1,12,2,10,2,1,1,1,21356,8.06,18711,241,58,24.1,2135.6
0,18,0,0,1,14,4,0,0,0,0,14044,6.29,13462,206,58,-3093,-3754,20.6,1404.4,28,2,1,14,1,12,1,1,0,2,17514,7.49,19181,228,68,22.8,1751.4
1,24,4,1,9,3,10,0,1,0,1,18077,7.47,20543,227,55,3057,509,22.7,1807.7,17,0,0,3,9,5,0,0,0,0,15192,6.54,15931,232,48,23.2,1519.2
0,16,2,0,2,9,7,0,0,0,0,15690,6.57,16507,218,57,179,-1672,21.8,1569.0,27,2,1,9,2,7,0,0,0,1,17316,7.45,18167,264,65,26.4,1731.6
1,16,3,0,3,6,6,0,1,0,0,16592,6.32,19365,204,44,-1058,-439,20.4,1659.2,24,3,1,6,3,6,0,0,0,0,18583,7.63,18052,260,61,26.0,1858.3
1,18,2,0,10,2,10,2,1,1,1,19419,7.4,16789,232,54,3229,2210,23.2,1941.9,17,1,1,2,10,4,0,0,0,1,14353,6.19,13191,274,42,27.4,1435.3
1,15,0,1,9,3,12,1,0,0,0,17584,7.57,18827,247,76,1748,2489,24.7,1758.4,22,3,0,3,9,2,0,0,0,0,14712,6.71,15141,210,56,21.0,1471.2
1,19,0,0,8,7,5,0,0,0,1,18925,6.46,16627,228,55,1016,217,22.8,1892.5,16,2,1,7,8,5,0,0,0,1,17761,6.79,18945,210,57,21.0,1776.1
1,23,0,0,9,5,6,0,0,1,0,16152,7.62,17382,225,51,-1028,-160,22.5,1615.2,22,5,1,5,9,3,1,0,0,1,16492,6.84,17793,194,77,19.4,1649.2
0,13,3,1,5,5,4,1,0,1,0,15522,6.49,17020,213,50,410,400,21.3,1552.2,22,4,0,5,5,4,0,0,1,1,16150,7.01,18733,207,68,20.7,1615.0
1,22,4,1,9,6,13,1,0,0,2,15955,7.06,17178,252,52,1278,1496,25.2,1595.5,26,2,0,6,9,8,0,0,0,1,17174,7.05,14412,207,66,20.7,1717.4
1,27,3,1,10,3,11,1,1,0,1,19423,8.13,17380,223,48,3499,1034,22.3,1942.3,14,0,0,3,10,5,0,0,0,0,15000,7.27,17074,195,54,19.5,1500.0
1,12,1,1,4,5,9,0,1,0,1,18294,6.54,17485,190,70,1035,3260,19.0,1829.4,14,0,0,5,4,4,1,1,0,0,15626,7.18,14701,212,58,21.2,1562.6
1,20,1,0,7,4,9,2,0,0,0,19143,6.69,19446,216,66,247,2612,21.6,1914.3,22,2,1,4,7,2,0,0,0,0,14046,6.55,15841,155,38,15.5,1404.6
1,31,5,0,9,1,8,1,1,0,0,19189,7.67,19531,242,43,3441,794,24.2,1918.9,16,1,1,1,9,6,0,0,0,1,13028,6.5,14604,194,47,19.4,1302.8
0,20,0,1,2,10,10,0,1,1,1,15398,7.16,15774,202,49,-1536,-1900,20.2,1539.8,17,4,0,10,2,7,0,0,0,1,17290,7.22,18954,226,50,22.6,1729.0
1,12,6,1,5,6,11,1,1,0,1,16359,6.49,17589,208,65,312,1779,20.8,1635.9,20,1,0,6,5,8,0,0,0,1,12130,7.03,17001,211,46,21.1,1213.0
0,23,5,0,3,9,5,1,0,0,1,17286,6.57,16180,242,55,-775,1291,24.2,1728.6,33,2,1,9,3,7,1,1,0,0,16166,6.88,15820,202,48,20.2,1616.6
0,11,4,0,0,12,0,0,0,0,0,13362,6.11,12984,150,46,-4521,-3423,15.0,1336.2,28,3,1,12,0,9,1,1,0,1,19407,7.74,21401,228,71,22.8,1940.7
0,19,2,0,0,9,2,0,0,1,0,14524,6.17,14115,191,52,-3076,-1001,19.1,1452.4,18,3,1,9,0,12,1,2,1,2,18794,7.76,21879,235,64,23.5,1879.4
0,15,1,1,6,8,3,0,1,0,0,15419,6.78,16599,206,48,-3444,293,20.6,1541.9,19,3,0,8,6,7,1,0,0,1,17400,7.86,20701,219,69,21.9,1740.0
0,21,3,1,2,5,6,1,0,1,1,17108,7.08,18503,273,61,1087,1189,27.3,1710.8,14,3,0,5,2,4,1,1,0,0,17166,6.92,17500,207,52,20.7,1716.6
0,18,3,1,6,6,2,1,0,0,1,16610,6.4,16757,240,49,337,467,24.0,1661.0,14,2,0,6,6,6,0,0,0,1,15953,6.93,16652,237,48,23.7,1595.3
0,20,1,1,8,4,0,2,1,0,1,17175,7.44,16015,233,79,-467,-1482,23.3,1717.5,20,1,0,4,8,2,0,0,0,1,15565,6.68,16984,248,72,24.8,1556.5
1,21,1,1,8,0,15,2,1,0,2,19124,6.92,21988,288,85,4150,1818,28.8,1912.4,13,0,0,0,8,3,0,0,0,0,14104,6.31,13645,152,47,15.2,1410.4
0,16,1,1,3,8,2,1,0,1,1,13029,6.79,15249,219,40,-2269,-1244,21.9,1302.9,31,4,0,8,3,7,1,1,0,1,17838,7.65,19812,236,72,23.6,1783.8
1,14,1,0,5,5,5,1,0,0,0,18884,6.08,16250,238,55,506,-744,23.8,1888.4,17,1,1,5,5,1,0,1,0,1,14295,7.01,16336,215,59,21.5,1429.5
1,23,4,1,6,6,7,0,1,1,0,15925,6.62,18098,214,49,-175,155,21.4,1592.5,22,1,0,6,6,3,1,0,1,2,13320,6.86,17212,222,46,22.2,1332.0
0,19,1,0,6,7,6,0,1,1,1,13312,6.34,16031,238,64,-912,-490,23.8,1331.2,23,2,1,7,6,17,2,0,2,1,17453,6.34,17307,210,62,21.0,1745.3
0,12,2,0,7,5,8,0,1,0,1,15978,7.65,19107,201,60,594,-308,20.1,1597.8,25,0,1,5,7,5,1,0,1,0,16535,6.27,17424,204,59,20.4,1653.5
0,22,3,1,1,10,5,0,1,0,1,12942,6.28,14457,188,45,-3423,-1949,18.8,1294.2,21,1,0,10,1,12,2,1,0,0,19526,7.24,21431,255,61,25.5,1952.6
1,22,5,1,6,6,10,1,1,1,1,21995,7.4,17872,270,72,2055,1657,27.0,2199.5,11,1,0,6,6,0,0,0,0,0,13414,6.73,16078,228,53,22.8,1341.4
0,19,2,0,5,7,4,0,0,0,1,15354,7.0,16549,211,44,-2223,-754,21.1,1535.4,19,2,1,7,5,7,1,0,0,1,16045,7.4,18790,234,46,23.4,1604.5
1,28,4,1,9,0,13,1,0,1,2,20496,7.63,19945,248,63,2800,4250,24.8,2049.6,19,0,0,0,9,0,0,0,0,1,13782,6.82,15480,177,33,17.7,1378.2
1,22,0,1,5,5,5,1,0,0,1,16633,6.72,16650,256,47,-571,-2034,25.6,1663.3,19,3,0,5,5,3,0,0,0,0,17112,6.93,18955,261,60,26.1,1711.2
1,28,4,0,9,8,11,1,2,0,1,15315,7.04,18253,219,73,1859,1949,21.9,1531.5,15,3,1,8,9,3,1,0,0,0,13301,6.45,15715,203,65,20.3,1330.1
0,18,4,0,5,9,2,0,0,0,0,17678,7.12,18111,221,47,397,-984,22.1,1767.8,25,3,1,9,5,10,1,0,1,1,17343,6.58,17878,234,49,23.4,1734.3
0,25,0,0,7,8,9,0,0,0,0,15053,6.96,18990,191,45,275,1136,19.1,1505.3,22,2,1,8,7,9,1,0,1,1,15896,7.15,17494,187,55,18.7,1589.6
1,19,4,1,10,9,3,0,2,0,1,16257,7.33,15113,229,61,-262,-563,22.9,1625.7,9,0,0,9,10,5,0,0,0,0,16823,7.15,19394,240,60,24.0,1682.3
0,23,1,1,8,7,3,0,0,1,0,14908,6.12,17315,238,32,-252,-1067,23.8,1490.8,16,1,0,7,8,7,1,0,0,1,16663,6.44,16953,211,68,21.1,1666.3
0,23,3,1,10,5,3,0,0,0,0,17190,7.37,18746,231,59,-578,-19,23.1,1719.0,27,3,0,5,10,6,1,1,0,2,15779,6.57,19274,200,52,20.0,1577.9
0,25,2,1,5,10,5,1,0,0,0,15238,6.79,17723,195,54,-2395,-1671,19.5,1523.8,23,2,0,10,5,5,0,0,0,0,16036,7.39,17845,224,63,22.4,1603.6
0,23,2,0,6,8,11,1,0,0,0,16065,7.5,18939,228,60,762,-115,22.8,1606.5,22,3,1,8,6,1,0,0,0,1,16977,7.02,15331,241,58,24.1,1697.7
0,17,1,1,6,9,4,2,1,0,0,15618,7.58,14942,198,39,-2927,-1489,19.8,1561.8,13,4,0,9,6,11,0,1,0,1,17273,7.52,17041,278,62,27.8,1727.3
1,21,2,1,12,0,10,1,1,0,0,19011,7.45,20176,220,76,5070,3614,22.0,1901.1,19,2,0,0,12,4,0,0,0,0,16056,6.14,14831,235,33,23.5,1605.6
0,20,3,0,8,5,8,1,1,1,0,13577,7.04,17863,239,33,-1296,-312,23.9,1357.7,22,3,1,5,8,6,0,0,0,0,15482,6.93,14982,250,68,25.0,1548.2
1,19,2,1,10,1,8,0,0,0,1,19568,7.16,18080,242,60,2987,1350,24.2,1956.8,16,3,0,1,10,1,0,0,0,2,16346,6.9,16720,218,34,21.8,1634.6
0,14,0,1,3,9,5,1,0,0,0,17594,7.22,17277,210,51,872,408,21.0,1759.4,17,1,0,9,3,6,1,1,0,0,17726,6.66,16229,185,41,18.5,1772.6
1,10,1,0,3,6,6,0,0,0,0,17224,7.34,15628,235,72,601,2256,23.5,1722.4,22,2,1,6,3,6,0,0,0,0,14038,6.04,18154,241,47,24.1,1403.8
0,10,0,0,4,10,8,0,1,0,1,12874,6.46,14463,179,46,-2183,-2200,17.9,1287.4,18,2,1,10,4,11,2,1,1,0,16848,7.18,22204,230,68,23.0,1684.8
0,29,1,0,3,8,5,1,0,1,0,15362,7.06,14686,234,67,-1577,-1075,23.4,1536.2,22,0,1,8,3,6,0,1,0,0,16652,6.94,18072,237,69,23.7,1665.2
1,17,3,1,8,2,8,1,0,1,0,17066,6.93,16801,235,62,663,609,23.5,1706.6,16,1,0,2,8,4,0,1,0,0,15438,6.57,16619,198,60,19.8,1543.8
1,33,2,1,12,4,7,0,1,1,2,17490,7.01,15983,209,91,3416,2739,20.9,1749.0,14,1,0,4,12,4,0,1,1,0,15604,6.39,13721,208,44,20.8,1560.4
1,22,4,0,6,4,4,1,0,0,0,17521,7.07,18785,247,52,2237,61,24.7,1752.1,15,2,1,4,6,6,1,0,1,0,15862,7.05,17699,225,67,22.5,1586.2
1,23,3,1,12,2,10,2,0,0,0,19533,7.45,19567,284,61,2382,1060,28.4,1953.3,22,3,0,2,12,5,0,0,0,2,15921,6.39,15391,169,56,16.9,1592.1
1,14,2,1,8,3,8,0,1,1,0,16523,7.28,18123,257,71,3624,35,25.7,1652.3,22,0,0,3,8,0,1,0,0,0,16958,7.27,17590,201,48,20.1,1695.8
1,23,3,1,10,3,12,1,1,1,2,20227,7.0,18216,266,74,1933,2037,26.6,2022.7,21,5,0,3,10,1,1,0,0,0,14465,6.34,14951,191,41,19.1,1446.5
0,29,4,1,6,6,4,1,0,0,0,15753,6.82,14633,218,63,262,1082,21.8,1575.3,22,0,0,6,6,6,1,0,0,0,17662,6.71,17157,197,55,19.7,1766.2
1,33,1,0,9,0,11,2,1,0,1,19632,6.94,21042,211,76,4001,3381,21.1,1963.2,17,1,1,0,9,0,0,0,0,0,12736,6.04,14991,193,49,19.3,1273.6
0,20,4,1,3,3,2,1,1,0,1,15801,6.83,15518,212,53,-1038,-1465,21.2,1580.1,30,2,0,3,3,8,0,0,1,2,15529,7.1,20215,212,58,21.2,1552.9
0,13,3,0,1,7,3,0,1,1,0,16839,6.75,16198,208,36,-2499,-1907,20.8,1683.9,20,0,1,7,1,5,1,1,0,1,19021,7.05,20946,238,71,23.8,1902.1
0,13,1,0,2,10,0,0,0,0,0,14545,6.11,16860,201,34,-1391,-1938,20.1,1454.5,31,4,1,10,2,7,1,0,0,1,19360,7.18,19611,203,52,20.3,1936.0
1,20,5,1,16,2,10,2,1,1,3,21384,6.98,18179,238,73,5361,3615,23.8,2138.4,23,1,0,2,16,0,0,0,0,0,13276,6.27,15616,216,33,21.6,1327.6
1,28,2,0,5,6,11,1,0,0,1,16624,7.31,18669,236,47,1804,832,23.6,1662.4,25,3,1,6,5,9,0,0,0,1,13207,6.79,17887,171,42,17.1,1320.7
1,27,2,1,3,6,3,1,1,0,0,18799,7.27,17021,204,60,59,948,20.4,1879.9,26,0,0,6,3,6,1,0,0,0,16083,6.19,17479,265,65,26.5,1608.3
1,23,2,1,7,2,6,1,1,1,1,16598,6.92,23690,219,61,1453,3526,21.9,1659.8,28,0,0,2,7,5,1,1,0,0,12471,6.41,15194,203,46,20.3,1247.1
1,20,4,0,6,4,7,0,0,0,1,18145,7.03,17655,224,72,261,890,22.4,1814.5,21,1,1,4,6,1,0,0,0,0,15195,7.04,17393,210,62,21.0,1519.5
1,32,2,0,11,3,9,0,1,1,0,18770,6.87,17284,241,73,4269,2476,24.1,1877.0,14,3,1,3,11,6,0,0,0,0,13813,6.15,15750,216,46,21.6,1381.3
0,12,1,0,1,13,5,0,1,0,0,11551,6.83,14606,191,39,-2516,-2530,19.1,1155.1,21,3,1,13,1,7,1,0,0,1,18634,6.78,19997,236,77,23.6,1863.4
0,20,3,0,5,6,2,1,0,0,1,16649,7.36,14893,244,62,759,-84,24.4,1664.9,16,1,1,6,5,5,0,0,0,1,16126,6.47,17790,226,52,22.6,1612.6
0,21,3,0,3,6,0,0,0,0,1,16573,6.39,18667,224,59,-393,-1288,22.4,1657.3,28,3,1,6,3,6,0,0,0,2,16464,6.65,17370,215,73,21.5,1646.4
0,12,0,0,1,10,2,0,0,1,1,14969,5.91,16979,211,45,-5283,-3495,21.1,1496.9,30,4,1,10,1,8,0,0,1,1,19533,7.59,22358,258,76,25.8,1953.3
1,19,4,0,8,3,12,0,0,0,1,17402,7.1,18523,252,70,1563,321,25.2,1740.2,22,2,1,3,8,1,0,0,0,0,13072,6.15,17508,249,67,24.9,1307.2
1,16,0,1,5,5,5,0,1,0,1,16274,6.9,17814,208,46,544,-614,20.8,1627.4,15,2,0,5,5,9,2,0,0,0,18303,6.9,17047,219,59,21.9,1830.3
1,29,0,0,12,4,8,0,1,0,0,18490,6.64,18695,264,54,697,570,26.4,1849.0,24,1,1,4,12,4,0,0,0,1,13660,6.76,15717,214,32,21.4,1366.0
1,34,2,0,11,0,11,1,1,1,1,19582,7.06,20316,263,60,4322,3466,26.3,1958.2,14,0,1,0,11,0,1,0,0,0,11457,6.13,15824,169,43,16.9,1145.7
1,20,3,0,5,8,7,1,1,0,0,15363,7.18,15351,226,32,-1463,-1413,22.6,1536.3,16,2,1,8,5,11,1,0,0,1,16203,6.79,16386,194,70,19.4,1620.3
0,18,2,1,0,10,4,1,0,0,1,16128,6.21,17766,191,39,192,-450,19.1,1612.8,32,4,0,10,0,4,1,1,0,0,16874,6.71,16957,227,61,22.7,1687.4
0,17,1,0,7,5,6,0,1,0,1,18563,6.4,17863,203,52,130,-84,20.3,1856.3,17,0,1,5,7,6,1,0,0,0,18030,7.41,17533,256,53,25.6,1803.0
1,22,3,1,4,7,12,0,1,0,2,17238,7.09,21966,243,59,1936,2608,24.3,1723.8,19,2,0,7,4,0,1,1,0,1,15736,6.56,17131,200,53,20.0,1573.6
0,16,2,0,6,7,8,1,0,0,0,15457,7.41,16665,192,60,-836,-1844,19.2,1545.7,16,3,1,7,6,4,2,0,0,1,17667,7.22,20171,225,63,22.5,1766.7
0,18,3,0,5,6,3,0,0,0,0,14415,6.56,17263,203,36,-801,237,20.3,1441.5,22,2,1,6,5,8,0,0,0,1,16591,7.29,15346,196,46,19.6,1659.1
1,24,0,1,10,5,6,1,0,1,1,18140,6.75,19116,236,52,1110,2071,23.6,1814.0,22,3,0,5,10,5,0,1,1,0,14924,6.73,15417,204,44,20.4,1492.4
0,19,2,1,5,3,5,1,1,0,0,18273,7.18,17326,218,54,1656,-48,21.8,1827.3,26,2,0,3,5,4,1,0,0,0,16400,7.19,19044,258,52,25.8,1640.0
0,15,1,1,2,12,0,0,0,0,1,11736,6.78,15058,211,42,-3219,-2953,21.1,1173.6,21,4,0,12,2,15,1,0,0,0,19751,7.31,20494,244,73,24.4,1975.1
0,17,0,0,5,9,2,1,0,0,1,14464,7.07,15648,224,54,-1832,-761,22.4,1446.4,24,2,1,9,5,6,1,0,0,1,17726,6.82,19594,247,82,24.7,1772.6
1,21,1,0,7,2,9,2,1,1,1,19819,7.41,17833,217,49,3271,2844,21.7,1981.9,13,4,1,2,7,1,0,0,0,0,15109,6.36,16026,232,43,23.2,1510.9
1,19,2,0,8,4,5,0,1,0,1,16478,7.21,19382,217,74,823,545,21.7,1647.8,18,0,1,4,8,3,0,0,0,1,17695,6.55,15103,211,53,21.1,1769.5
1,22,2,0,6,6,6,1,0,0,0,14671,6.92,15756,205,47,-874,-1651,20.5,1467.1,25,1,1,6,6,7,2,1,1,2,17376,7.29,15723,273,31,27.3,1737.6
0,11,2,0,5,9,1,2,0,1,0,15568,6.93,18338,214,69,-702,-1681,21.4,1556.8,13,0,1,9,5,10,0,1,0,0,20344,7.61,19438,247,64,24.7,2034.4
0,28,1,0,10,5,3,1,0,0,0,17297,7.54,17522,227,63,1243,-304,22.7,1729.7,24,5,1,5,10,10,1,0,0,0,18967,7.47,18205,227,42,22.7,1896.7
0,22,1,0,9,5,9,0,0,1,1,17700,7.11,18922,178,47,-829,1262,17.8,1770.0,11,3,1,5,9,2,0,1,0,1,14073,6.59,16153,178,48,17.8,1407.3
0,20,1,0,0,9,8,0,0,0,0,15942,6.53,15938,203,40,-2054,-2624,20.3,1594.2,24,4,1,9,0,6,0,1,1,1,19414,7.19,20127,251,84,25.1,1941.4
0,22,2,1,6,7,5,0,0,0,0,14809,7.0,18242,161,26,-1831,-3246,16.1,1480.9,21,0,0,7,6,3,0,0,0,0,15721,7.1,14825,229,57,22.9,1572.1
1,17,4,0,5,6,4,0,1,0,0,16997,7.04,19533,234,45,2423,1841,23.4,1699.7,17,4,1,6,5,7,1,0,1,0,15896,6.78,18354,213,45,21.3,1589.6
0,15,0,0,8,7,3,0,0,0,0,16263,7.55,17445,209,52,-93,351,20.9,1626.3,19,2,1,7,8,10,2,1,1,1,16671,6.38,18111,181,54,18.1,1667.1
1,16,3,1,8,5,6,1,0,1,0,17818,7.74,19446,230,52,1744,2880,23.0,1781.8,25,1,0,5,8,4,0,0,0,0,15373,6.95,16780,210,57,21.0,1537.3
0,16,1,0,0,8,7,0,0,0,1,12896,6.26,16033,200,35,-3668,-2011,20.0,1289.6,18,3,1,8,0,9,0,0,0,0,18474,6.97,18169,217,54,21.7,1847.4
1,24,3,0,8,3,8,1,1,0,1,17052,7.28,18391,243,51,-171,952,24.3,1705.2,17,3,1,3,8,7,0,0,0,1,16530,6.34,16731,195,67,19.5,1653.0
1,19,4,1,8,2,5,1,0,1,1,18575,7.19,21486,219,54,2010,1627,21.9,1857.5,29,0,0,2,8,1,1,1,1,1,12499,6.79,14917,177,68,17.7,1249.9
0,24,1,1,6,4,8,0,0,1,1,13325,7.14,17871,220,49,1669,1054,22.0,1332.5,24,2,0,4,6,5,1,0,1,0,14894,7.41,15622,238,59,23.8,1489.4
0,8,3,0,5,6,10,1,0,0,2,16043,7.35,19015,234,57,47,381,23.4,1604.3,22,3,1,6,5,2,0,0,0,0,17298,7.06,15699,197,53,19.7,1729.8
0,18,0,0,8,2,9,0,0,0,0,16349,6.78,18033,261,37,1011,190,26.1,1634.9,26,1,1,2,8,8,1,0,0,1,18009,7.19,17864,209,45,20.9,1800.9
0,24,2,1,2,9,8,0,1,1,1,15930,6.41,16333,195,58,-1360,-844,19.5,1593.0,22,5,0,9,2,7,1,0,0,2,18686,7.24,19892,236,44,23.6,1868.6
0,19,2,0,8,7,8,0,0,0,0,18003,6.68,17718,241,53,1987,442,24.1,1800.3,21,2,1,7,8,5,0,0,0,2,17090,6.85,17162,235,57,23.5,1709.0
1,18,3,1,5,2,5,0,0,0,0,20981,7.16,19454,210,66,1895,1670,21.0,2098.1,13,0,0,2,5,3,0,1,0,0,16348,7.21,16219,192,58,19.2,1634.8
0,16,0,1,6,4,4,1,0,0,0,16549,6.17,17683,203,52,980,105,20.3,1654.9,24,4,0,4,6,5,1,0,1,0,16387,6.67,18148,235,59,23.5,1638.7
0,3,2,1,6,6,9,0,0,0,0,16042,6.55,16840,242,46,-1131,-508,24.2,1604.2,19,5,0,6,6,8,1,0,1,2,18155,7.14,18913,230,77,23.0,1815.5
0,14,4,1,7,4,4,1,0,0,1,15596,6.77,17078,218,35,-670,-616,21.8,1559.6,29,2,0,4,7,6,1,1,0,1,17643,6.83,18290,210,46,21.0,1764.3
0,26,1,0,7,5,2,0,0,0,0,17704,7.26,18212,223,83,-70,1546,22.3,1770.4,16,2,1,5,7,9,0,0,1,1,16439,6.49,17558,196,58,19.6,1643.9
0,16,2,1,5,6,7,0,0,0,0,15854,6.59,18312,208,60,-306,377,20.8,1585.4,22,6,0,6,5,3,0,1,0,0,15585,7.64,17767,217,66,21.7,1558.5
1,19,4,0,6,7,10,0,0,1,0,19589,7.16,19478,215,56,131,-214,21.5,1958.9,13,1,1,7,6,9,0,0,0,0,14744,5.86,17285,195,53,19.5,1474.4
1,9,2,0,4,6,7,1,0,0,0,19012,7.05,19007,216,63,950,1911,21.6,1901.2,15,0,1,6,4,6,1,0,0,2,15006,6.59,17285,214,44,21.4,1500.6
1,14,4,0,6,7,9,2,0,0,0,17969,7.42,20910,255,58,465,-39,25.5,1796.9,15,0,1,7,6,6,0,0,0,0,15768,6.91,17783,173,58,17.3,1576.8
1,29,2,0,7,3,7,2,2,0,2,18098,7.66,18951,217,52,3408,2905,21.7,1809.8,24,0,1,3,7,0,0,0,0,1,15135,6.81,17159,215,36,21.5,1513.5
1,25,2,0,6,2,7,0,1,0,1,18151,7.0,17375,209,50,1528,1099,20.9,1815.1,22,0,1,2,6,4,0,1,0,0,12221,7.23,16495,221,51,22.1,1222.1
0,12,0,0,8,12,0,1,1,0,0,14703,7.07,16415,191,65,-794,-1869,19.1,1470.3,26,3,1,12,8,4,1,1,1,1,19093,7.42,16757,223,65,22.3,1909.3
0,15,2,1,0,7,2,0,0,0,0,15502,7.02,15463,202,47,-839,-2981,20.2,1550.2,29,5,0,7,0,8,0,1,0,2,17558,7.16,17680,198,79,19.8,1755.8
1,20,2,1,8,3,9,0,0,0,1,15026,6.76,19102,179,63,833,-622,17.9,1502.6,21,4,0,3,8,2,0,1,0,0,16652,7.51,19487,242,37,24.2,1665.2
0,13,3,0,2,7,0,1,0,0,0,17610,7.16,13424,193,60,-1337,-16,19.3,1761.0,13,3,1,7,2,10,1,0,0,1,18044,6.76,18864,223,51,22.3,1804.4
0,8,0,1,1,5,3,0,0,0,1,14242,6.71,15345,213,46,-667,-2407,21.3,1424.2,24,3,0,5,1,11,1,1,1,1,16323,6.48,20314,244,66,24.4,1632.3
0,18,1,1,3,7,4,1,0,0,1,16699,7.04,14552,222,51,-151,-1071,22.2,1669.9,24,4,0,7,3,7,2,1,0,0,16210,7.31,17837,216,65,21.6,1621.0
0,22,2,1,3,6,7,0,0,0,0,13145,6.98,17132,240,45,-1908,-759,24.0,1314.5,20,0,0,6,3,4,1,0,0,0,16792,6.86,19728,209,56,20.9,1679.2
0,22,4,1,7,9,0,0,0,0,0,14606,6.55,15145,217,52,-1302,-1861,21.7,1460.6,29,2,0,9,7,8,1,0,0,1,18015,6.52,16575,227,60,22.7,1801.5
1,24,3,0,7,9,3,0,0,0,1,18239,6.61,17157,229,62,-365,708,22.9,1823.9,18,1,1,9,7,6,1,1,0,0,14986,6.65,16512,212,49,21.2,1498.6
1,15,5,0,8,3,7,1,1,0,2,18661,7.66,21048,259,73,2365,1313,25.9,1866.1,10,1,1,3,8,0,0,0,0,0,13627,6.91,14090,182,43,18.2,1362.7
1,21,3,1,12,5,7,1,0,0,0,18799,6.79,17630,215,42,2301,144,21.5,1879.9,22,0,0,5,12,6,0,1,1,1,13698,6.61,16405,229,58,22.9,1369.8
1,24,4,1,11,2,11,2,2,1,1,19946,6.81,22086,270,66,3746,4473,27.0,1994.6,17,2,0,2,11,0,0,0,0,0,12751,6.3,13806,215,40,21.5,1275.1
1,20,3,0,7,4,2,0,1,0,0,16388,6.69,19130,233,45,270,-1276,23.3,1638.8,14,3,1,4,7,7,0,0,0,0,14135,6.77,19953,223,45,22.3,1413.5
0,18,4,1,4,7,5,1,0,1,1,17304,7.26,18293,213,67,-787,-942,21.3,1730.4,19,5,0,7,4,9,1,1,0,1,17359,6.88,16620,223,49,22.3,1735.9
1,17,4,0,4,7,4,0,1,0,1,16736,7.41,15281,236,55,-195,1610,23.6,1673.6,22,2,1,7,4,3,0,0,1,0,18086,7.12,15325,211,55,21.1,1808.6
0,5,1,1,5,4,8,1,1,0,1,16731,7.36,19698,194,60,2177,1085,19.4,1673.1,10,3,0,4,5,3,1,0,0,0,15355,6.47,16444,206,59,20.6,1535.5
1,27,3,1,9,4,6,1,1,1,0,19234,6.87,17691,223,58,952,1900,22.3,1923.4,19,3,0,4,9,6,1,0,1,1,16770,6.28,15464,230,55,23.0,1677.0
1,26,3,1,12,2,15,1,1,0,1,21474,7.3,20990,243,60,4511,3908,24.3,2147.4,16,0,0,2,12,0,0,0,0,0,13535,6.48,13193,199,39,19.9,1353.5
0,11,1,0,7,11,3,1,0,0,0,17077,6.83,16638,229,69,-852,-691,22.9,1707.7,29,2,1,11,7,9,0,0,0,0,18431,6.99,20910,229,45,22.9,1843.1
1,24,0,1,6,1,6,1,0,0,1,17226,7.32,17591,231,72,1920,1527,23.1,1722.6,29,2,0,1,6,5,1,0,0,0,16043,6.52,17872,200,43,20.0,1604.3
1,18,0,1,8,5,5,0,0,0,0,12942,6.24,16558,231,60,1340,703,23.1,1294.2,19,0,0,5,8,5,2,1,0,0,17463,7.26,15643,252,52,25.2,1746.3
0,15,1,0,3,12,2,0,0,0,1,13529,6.19,18444,220,36,-2177,-1132,22.0,1352.9,16,3,1,12,3,10,1,0,1,1,18541,7.28,19730,235,52,23.5,1854.1
1,18,0,1,9,6,10,0,0,1,2,17377,7.13,17137,229,56,1622,2083,22.9,1737.7,26,2,0,6,9,4,0,0,0,1,15972,6.84,15541,269,40,26.9,1597.2
1,25,2,0,7,3,7,1,1,1,1,17299,7.12,19188,201,65,2043,2172,20.1,1729.9,13,3,1,3,7,0,0,0,0,0,12992,6.75,13992,210,45,21.0,1299.2
0,14,3,1,2,8,3,0,0,0,1,14719,6.41,18828,212,46,-1343,-1574,21.2,1471.9,27,4,0,8,2,5,0,0,0,1,17773,7.18,17312,204,62,20.4,1777.3
0,14,1,1,7,7,7,0,1,0,2,17456,7.05,16811,198,46,528,497,19.8,1745.6,22,1,0,7,7,9,2,0,1,0,16834,6.7,17597,224,50,22.4,1683.4
0,22,1,0,4,11,0,0,1,0,0,12636,6.27,17196,202,43,-3584,-3707,20.2,1263.6,27,2,1,11,4,10,1,1,1,1,20315,7.44,18277,237,66,23.7,2031.5
0,17,0,0,2,12,5,0,0,1,0,13554,5.93,16635,208,43,-2112,-2703,20.8,1355.4,26,1,1,12,2,10,1,1,0,1,17628,7.11,18606,224,57,22.4,1762.8
1,21,3,1,10,6,7,2,0,1,1,17516,7.51,20746,258,44,1587,846,25.8,1751.6,17,2,0,6,10,4,0,0,0,1,13767,6.03,16652,216,57,21.6,1376.7
1,23,3,0,8,4,3,1,0,1,0,15810,6.75,19231,215,35,-1056,-926,21.5,1581.0,26,1,1,4,8,5,0,0,0,0,19280,7.15,13718,219,57,21.9,1928.0
0,14,0,0,3,5,0,0,0,0,0,17233,6.74,16087,203,50,-1823,-1112,20.3,1723.3,21,2,1,5,3,10,1,1,1,1,16766,6.86,19449,232,61,23.2,1676.6
0,18,1,0,3,4,4,1,0,1,0,16305,6.57,14901,211,57,1635,183,21.1,1630.5,30,4,1,4,3,6,0,1,0,0,16564,6.71,15969,188,62,18.8,1656.4
1,20,0,1,2,3,4,1,1,1,0,17466,6.43,14208,218,58,-656,-593,21.8,1746.6,25,2,0,3,2,4,1,1,0,0,17051,6.71,17990,212,60,21.2,1705.1
1,11,3,0,3,10,5,1,1,1,1,15842,6.17,17096,237,65,16,-6,23.7,1584.2,21,2,1,10,3,10,1,0,0,1,15108,7.18,16324,232,54,23.2,1510.8
1,23,3,1,7,1,7,1,1,0,0,18190,7.22,17581,207,43,2142,2394,20.7,1819.0,15,1,0,1,7,7,1,0,0,1,15794,7.43,16526,236,38,23.6,1579.4
1,14,1,0,3,8,0,0,0,0,0,16028,6.54,15586,217,40,-752,-790,21.7,1602.8,28,2,1,8,3,6,1,0,0,2,16871,6.82,18039,240,79,24.0,1687.1
1,22,1,1,4,6,4,1,0,1,0,18147,7.09,17471,201,32,-2073,-1751,20.1,1814.7,20,1,0,6,4,8,1,0,0,1,16484,7.08,17407,229,45,22.9,1648.4
0,23,3,1,6,2,2,0,1,0,0,15804,6.72,15552,218,73,83,1603,21.8,1580.4,15,0,0,2,6,8,1,1,0,2,17194,7.23,17128,209,36,20.9,1719.4
1,24,3,0,10,6,5,0,1,1,0,18402,6.8,18289,216,60,2409,1384,21.6,1840.2,20,0,1,6,10,4,0,1,0,0,15295,6.84,15073,168,34,16.8,1529.5
1,14,2,0,7,2,11,0,1,1,1,19192,6.85,16746,214,47,2956,1777,21.4,1919.2,10,0,1,2,7,8,0,1,0,0,15391,6.89,17031,235,59,23.5,1539.1
0,18,1,1,7,12,4,0,1,1,1,14058,7.0,14272,216,52,-438,-483,21.6,1405.8,24,4,0,12,7,6,1,0,0,0,15615,6.92,17012,214,76,21.4,1561.5
1,16,2,1,10,7,9,0,0,0,0,15913,7.94,19874,234,49,1760,851,23.4,1591.3,16,0,0,7,10,4,1,0,0,0,16468,6.48,17699,198,40,19.8,1646.8
0,18,1,1,6,8,8,0,0,0,1,13307,6.58,16948,207,59,578,-3206,20.7,1330.7,31,1,0,8,6,13,0,1,0,1,16084,6.42,19090,222,65,22.2,1608.4
1,12,6,1,9,0,9,1,1,1,1,16620,7.57,17621,250,59,4117,2501,25.0,1662.0,16,1,0,0,9,0,0,0,0,0,13637,5.99,14452,190,51,19.0,1363.7
0,10,1,1,3,8,6,0,0,0,0,14077,6.43,16770,180,45,-1249,-2017,18.0,1407.7,26,6,0,8,3,8,1,0,1,2,17629,7.26,18941,240,50,24.0,1762.9
0,29,3,0,11,8,10,1,1,0,0,19237,7.09,15603,241,47,1321,1043,24.1,1923.7,24,1,1,8,11,5,0,0,0,0,16320,5.7,17396,186,60,18.6,1632.0
0,21,2,1,4,8,3,0,0,0,1,14893,6.33,15679,223,45,-1698,-265,22.3,1489.3,21,2,0,8,4,9,0,1,1,0,17063,7.47,18830,254,48,25.4,1706.3
1,22,5,1,9,1,10,1,0,2,1,19032,7.44,21765,230,64,2206,2060,23.0,1903.2,20,0,0,1,9,0,0,0,0,1,14098,5.7,16196,185,57,18.5,1409.8
1,17,1,0,6,3,5,1,0,0,2,16850,6.82,16581,230,60,439,1680,23.0,1685.0,27,5,1,3,6,8,0,1,0,0,14102,7.06,17397,215,47,21.5,1410.2
0,13,4,1,2,10,5,0,0,0,0,16143,6.32,16593,224,68,-864,-1815,22.4,1614.3,21,4,0,10,2,8,1,0,1,2,18027,6.74,16195,196,57,19.6,1802.7
0,20,2,0,2,8,7,0,0,0,0,16597,7.18,17528,198,21,-1698,-344,19.8,1659.7,23,2,1,8,2,6,1,0,0,0,16712,7.23,16657,235,37,23.5,1671.2
1,20,6,0,14,5,4,1,0,1,0,18012,7.4,17714,241,66,1726,768,24.1,1801.2,25,3,1,5,14,7,1,0,1,1,16253,7.02,15964,214,51,21.4,1625.3
1,30,3,1,4,6,6,1,0,1,0,19809,7.58,18229,230,55,1355,905,23.0,1980.9,17,0,0,6,4,1,1,1,0,2,15936,6.7,15612,196,60,19.6,1593.6
1,19,0,1,4,9,5,0,1,0,0,16107,6.97,16086,230,51,221,-3052,23.0,1610.7,19,4,0,9,4,6,0,0,1,0,16696,7.04,16975,239,46,23.9,1669.6
0,20,2,0,7,7,4,0,0,1,1,17285,6.63,18702,221,47,-455,928,22.1,1728.5,15,0,1,7,7,5,1,0,0,0,17737,6.89,18732,231,53,23.1,1773.7
1,15,4,1,6,1,7,1,2,0,0,17073,7.21,17507,206,53,1755,1270,20.6,1707.3,11,1,0,1,6,4,1,0,0,1,14307,6.49,18621,185,34,18.5,1430.7
1,18,2,0,6,4,7,0,0,0,1,15340,7.03,16767,214,39,-579,528,21.4,1534.0,17,4,1,4,6,8,0,1,0,1,17101,6.81,17234,211,51,21.1,1710.1
0,18,1,0,4,7,7,0,1,0,0,15323,6.28,14518,203,56,-2730,-2456,20.3,1532.3,14,7,1,7,4,7,0,1,0,1,17420,7.18,20465,224,67,22.4,1742.0
0,17,3,0,6,8,3,0,0,0,1,15393,7.35,19861,180,46,-2614,-1954,18.0,1539.3,26,3,1,8,6,6,1,1,0,1,18247,7.95,20278,220,65,22.0,1824.7
0,18,2,0,6,9,5,0,0,0,0,16587,6.96,19925,267,75,-601,1289,26.7,1658.7,15,5,1,9,6,3,1,1,0,0,14320,6.82,17163,198,52,19.8,1432.0
1,24,2,1,11,8,9,0,0,0,2,18541,7.26,19636,229,72,2145,2079,22.9,1854.1,27,3,0,8,11,7,1,0,1,1,13866,6.8,15959,188,53,18.8,1386.6
1,31,1,1,6,3,9,1,0,1,1,18995,7.37,19903,240,72,2508,1804,24.0,1899.5,30,0,0,3,6,0,1,0,0,1,13717,6.41,14041,200,39,20.0,1371.7
1,22,5,0,6,5,4,1,1,0,0,17417,7.27,20372,223,84,443,525,22.3,1741.7,18,2,1,5,6,4,0,0,0,1,13987,7.25,15882,205,31,20.5,1398.7
1,26,0,1,8,2,4,0,0,0,0,14575,6.88,16922,206,51,90,836,20.6,1457.5,21,5,0,2,8,7,0,0,0,1,15806,6.76,18321,204,59,20.4,1580.6
1,25,3,1,12,3,7,2,0,0,1,16611,7.53,17140,234,67,-348,551,23.4,1661.1,20,0,0,3,12,4,0,1,1,0,14097,6.06,16828,196,53,19.6,1409.7
0,24,2,0,2,6,7,0,1,1,0,15405,7.24,18151,215,33,-1810,-1086,21.5,1540.5,17,2,1,6,2,7,1,2,0,1,17344,6.7,18761,217,64,21.7,1734.4
1,17,2,1,3,5,8,1,0,0,1,16568,6.19,19804,172,59,-217,339,17.2,1656.8,11,5,0,5,3,6,1,1,0,0,14890,7.07,17673,206,51,20.6,1489.0
0,17,0,0,5,9,2,0,0,0,0,15634,6.62,15602,205,56,-1958,-2407,20.5,1563.4,16,2,1,9,5,7,1,0,0,1,18092,6.92,17556,200,60,20.0,1809.2
0,16,0,1,3,8,1,0,1,0,0,13546,6.98,16330,209,56,-2906,-1135,20.9,1354.6,11,3,0,8,3,10,0,1,0,1,18229,6.71,17511,266,65,26.6,1822.9
1,23,3,0,5,1,9,1,0,0,0,16591,7.14,18728,207,49,-66,1542,20.7,1659.1,14,0,1,1,5,0,0,1,1,0,17211,6.76,17654,229,63,22.9,1721.1
0,24,1,0,4,7,5,0,0,0,0,12981,6.57,17987,192,60,1048,-186,19.2,1298.1,28,3,1,7,4,7,1,0,0,1,14868,6.65,16299,199,74,19.9,1486.8
1,22,0,1,6,7,8,1,0,0,1,17886,6.94,19000,249,54,25,1092,24.9,1788.6,17,2,0,7,6,8,0,1,1,0,14924,6.64,17091,192,41,19.2,1492.4
1,25,3,1,8,5,7,1,1,0,1,18367,7.57,18051,223,54,161,-338,22.3,1836.7,20,5,0,5,8,4,1,0,0,0,15191,7.09,16523,234,55,23.4,1519.1
1,18,1,1,6,5,6,0,0,0,0,18375,6.4,14466,187,53,-291,471,18.7,1837.5,28,0,0,5,6,7,0,0,0,0,14383,7.01,17667,221,47,22.1,1438.3
0,26,3,0,10,3,6,1,0,1,0,15917,7.08,18113,235,60,1965,1944,23.5,1591.7,16,1,1,3,10,4,0,1,0,0,16134,7.02,15763,253,30,25.3,1613.4
1,25,2,1,6,4,9,0,0,0,0,15148,6.86,18472,197,57,1394,-344,19.7,1514.8,19,4,0,4,6,7,1,0,1,0,15500,6.96,17838,210,65,21.0,1550.0
1,24,2,1,8,7,3,1,1,0,0,18306,6.87,18717,256,70,1617,126,25.6,1830.6,17,4,0,7,8,3,1,1,0,2,15713,6.3,16176,207,32,20.7,1571.3
0,19,2,0,5,6,3,0,0,0,1,16916,6.61,15986,201,61,-1684,-488,20.1,1691.6,30,1,1,6,5,7,2,0,0,0,16908,6.62,18028,239,55,23.9,1690.8
1,24,0,0,6,10,9,0,1,0,0,16663,7.21,19313,184,56,1199,466,18.4,1666.3,22,6,1,10,6,7,1,0,1,1,17394,6.75,16698,188,52,18.8,1739.4
1,17,1,1,9,7,7,0,1,0,1,17620,7.31,18397,253,66,1318,-192,25.3,1762.0,22,3,0,7,9,0,0,1,1,0,15850,6.22,15732,179,37,17.9,1585.0
1,20,1,0,2,8,4,0,0,0,1,16257,6.84,17159,212,53,-1473,-1515,21.2,1625.7,26,3,1,8,2,6,0,0,1,1,16198,7.08,19915,223,58,22.3,1619.8
1,22,0,0,5,12,8,1,0,0,0,15024,7.13,16791,208,48,932,481,20.8,1502.4,20,1,1,12,5,4,0,1,0,1,15371,6.81,14217,241,62,24.1,1537.1
1,12,3,0,4,10,6,0,0,0,2,16315,6.7,16182,215,50,-2572,-1259,21.5,1631.5,20,4,1,10,4,13,2,0,0,0,16482,6.6,18001,224,50,22.4,1648.2
0,21,1,0,6,6,7,0,0,0,1,16950,7.25,17172,224,57,-245,-1475,22.4,1695.0,23,4,1,6,6,9,1,0,0,0,16221,6.96,19168,214,65,21.4,1622.1
0,12,0,0,5,6,7,0,0,0,0,14654,6.87,16110,245,58,-1432,-833,24.5,1465.4,21,2,1,6,5,7,0,0,0,1,18442,7.24,20091,220,69,22.0,1844.2
1,20,2,0,7,2,5,1,1,0,0,20357,7.02,18739,223,66,1555,1470,22.3,2035.7,18,0,1,2,7,8,1,0,0,0,13494,6.38,13368,242,67,24.2,1349.4
1,22,3,0,6,3,7,1,0,0,0,17608,7.34,18252,215,70,1310,728,21.5,1760.8,23,5,1,3,6,7,0,1,0,2,13642,6.49,16039,206,60,20.6,1364.2
1,17,2,1,7,3,5,0,0,0,2,15220,7.4,15198,282,68,404,1544,28.2,1522.0,20,4,0,3,7,3,1,1,0,0,13946,7.17,13642,190,47,19.0,1394.6
1,24,4,1,7,0,11,1,0,1,1,19145,7.47,18468,219,74,4427,3410,21.9,1914.5,19,1,0,0,7,2,0,0,0,0,11789,6.47,15189,183,41,18.3,1178.9
0,20,3,0,8,7,8,1,0,0,0,14607,6.52,17085,215,53,-113,151,21.5,1460.7,25,0,1,7,8,10,0,1,0,0,15742,6.57,18353,218,51,21.8,1574.2
1,22,7,1,12,1,6,1,1,0,1,21293,7.02,21274,244,72,4581,5251,24.4,2129.3,6,2,0,1,12,2,0,1,0,0,11287,5.49,14398,190,28,19.0,1128.7
0,22,4,1,3,11,1,0,0,0,1,17471,7.07,17680,199,47,131,917,19.9,1747.1,13,2,0,11,3,6,1,1,0,2,17518,7.82,20425,195,43,19.5,1751.8
1,17,0,0,4,6,1,0,0,0,1,15470,6.58,19477,214,62,-15,774,21.4,1547.0,15,0,1,6,4,7,1,1,0,1,15739,7.19,15727,214,71,21.4,1573.9
0,31,1,1,6,8,3,1,0,1,0,16882,6.51,16337,198,38,-1688,-1013,19.8,1688.2,12,0,0,8,6,8,0,0,1,2,17089,7.27,16551,251,45,25.1,1708.9
1,20,2,1,7,1,7,1,1,0,0,17765,6.71,16374,232,74,1441,662,23.2,1776.5,14,3,0,1,7,7,0,1,0,1,16914,6.9,15676,184,54,18.4,1691.4
0,16,3,1,6,6,12,1,0,0,1,16788,6.77,20513,229,59,1850,318,22.9,1678.8,27,3,0,6,6,3,0,0,0,1,14701,5.82,17348,179,45,17.9,1470.1
0,15,1,1,5,4,2,0,0,0,1,16117,6.75,17927,212,42,-237,29,21.2,1611.7,23,5,0,4,5,4,0,0,1,1,17256,7.06,18279,250,50,25.0,1725.6
1,29,2,1,7,3,15,1,1,0,1,19154,7.37,19077,250,75,4753,1927,25.0,1915.4,20,1,0,3,7,2,0,1,0,0,14188,6.19,12821,195,57,19.5,1418.8
0,18,0,1,6,5,8,0,0,1,0,17006,6.7,15518,185,50,217,-32,18.5,1700.6,21,2,0,5,6,2,0,1,0,1,16928,6.57,19752,223,61,22.3,1692.8
1,14,1,1,10,5,8,0,1,0,1,16422,6.67,20944,223,59,-515,909,22.3,1642.2,21,3,0,5,10,10,2,1,0,0,18380,6.75,16213,250,48,25.0,1838.0
0,22,1,1,9,5,6,0,0,0,1,14421,6.55,16007,202,40,-1189,-3549,20.2,1442.1,25,3,0,5,9,9,1,0,0,1,18835,7.53,19146,245,58,24.5,1883.5
1,19,2,0,6,3,3,0,1,0,2,15625,6.92,18555,223,50,1814,-327,22.3,1562.5,21,1,1,3,6,3,0,0,1,1,14729,7.29,16712,211,55,21.1,1472.9
1,23,0,0,7,4,4,1,0,0,0,15180,6.96,16103,228,67,515,590,22.8,1518.0,24,0,1,4,7,5,0,0,0,1,15852,7.07,18206,218,41,21.8,1585.2
0,23,3,1,6,6,2,1,0,0,2,14936,6.82,15292,217,49,-591,-1992,21.7,1493.6,15,2,0,6,6,3,1,0,0,1,18296,7.43,19396,209,56,20.9,1829.6
0,20,2,1,1,10,6,0,0,0,1,16418,6.28,18112,233,55,-2142,-104,23.3,1641.8,26,5,0,10,1,6,1,0,0,1,17088,7.18,18394,210,61,21.0,1708.8
1,37,1,1,9,0,9,1,0,1,1,18110,7.87,20369,246,71,3565,3319,24.6,1811.0,21,2,0,0,9,4,1,0,0,0,11545,6.46,14781,217,47,21.7,1154.5
0,11,2,1,0,5,5,0,1,0,0,16004,6.35,16415,215,52,-482,-398,21.5,1600.4,14,1,0,5,0,2,1,0,1,0,16065,7.04,18475,230,51,23.0,1606.5
0,13,0,0,4,11,1,0,0,0,0,16168,6.62,15662,209,40,-3519,-2567,20.9,1616.8,22,3,1,11,4,5,1,1,0,1,20310,7.32,20122,225,66,22.5,2031.0
0,17,4,0,9,8,8,0,0,0,0,12657,6.68,16639,179,39,-1707,-1674,17.9,1265.7,21,2,1,8,9,7,1,1,0,0,17369,6.47,17565,209,63,20.9,1736.9
0,31,4,0,8,11,4,0,0,0,2,16812,7.48,18808,246,59,-286,-2497,24.6,1681.2,20,3,1,11,8,10,1,2,1,0,16980,7.54,16372,199,72,19.9,1698.0
1,30,2,0,7,7,4,2,0,0,0,16791,6.88,18051,237,59,1931,997,23.7,1679.1,19,2,1,7,7,5,0,0,0,0,14034,6.48,18816,249,58,24.9,1403.4
1,28,1,0,7,0,8,1,1,0,0,17298,7.05,19002,216,53,1856,1444,21.6,1729.8,25,3,1,0,7,2,0,0,0,0,15147,6.91,19446,217,44,21.7,1514.7
1,17,1,1,7,6,7,0,1,0,0,17346,7.09,17498,222,55,-234,1322,22.2,1734.6,26,2,0,6,7,4,0,0,0,1,16834,6.51,15467,221,54,22.1,1683.4
1,15,1,0,7,9,8,0,0,0,0,17077,6.95,15432,231,63,-276,264,23.1,1707.7,20,1,1,9,7,6,1,0,0,0,17968,7.03,18956,216,41,21.6,1796.8
0,17,2,1,7,9,7,0,0,0,0,16450,7.4,16730,211,65,504,648,21.1,1645.0,9,3,0,9,7,3,0,0,0,1,14256,6.29,18033,244,57,24.4,1425.6
0,14,4,0,4,7,5,0,0,0,0,14936,6.77,15379,229,52,-2098,-1060,22.9,1493.6,16,5,1,7,4,5,1,0,0,2,18236,7.0,18122,244,72,24.4,1823.6
0,26,3,1,2,10,7,0,0,0,0,15160,7.55,18853,235,43,-1009,-1384,23.5,1516.0,29,2,0,10,2,7,0,2,0,1,16166,6.96,18825,247,69,24.7,1616.6
0,17,3,1,5,7,5,1,0,0,0,15775,6.58,15586,199,53,-2022,-1388,19.9,1577.5,16,1,0,7,5,6,0,0,1,1,18334,7.55,18467,224,60,22.4,1833.4
0,17,2,1,3,9,5,0,0,0,0,14431,7.02,15230,188,41,-2790,-2008,18.8,1443.1,16,3,0,9,3,6,2,0,1,1,17697,7.61,19556,257,50,25.7,1769.7
1,26,1,1,9,1,10,1,0,0,0,18288,7.25,19851,254,58,2238,1606,25.4,1828.8,18,4,0,1,9,4,0,0,0,0,14756,6.62,15168,229,35,22.9,1475.6
1,13,1,1,10,1,6,1,0,0,1,18432,7.12,19312,241,72,1768,-219,24.1,1843.2,18,2,0,1,10,5,1,0,1,1,17125,6.38,16262,201,69,20.1,1712.5
0,22,3,0,5,6,5,2,0,0,0,17715,6.72,17345,233,50,2512,1527,23.3,1771.5,11,2,1,6,5,4,1,0,0,1,12994,6.92,14945,192,20,19.2,1299.4
0,15,0,1,5,6,5,1,2,0,0,15546,7.12,17266,225,49,-32,-961,22.5,1554.6,22,0,0,6,5,6,2,1,1,0,15503,6.85,17199,234,57,23.4,1550.3
1,20,3,0,7,1,2,1,0,0,1,14709,7.02,15265,223,67,3337,138,22.3,1470.9,16,1,1,1,7,8,0,0,0,1,14768,7.36,15967,207,48,20.7,1476.8
0,14,2,0,1,12,0,0,0,1,0,15617,6.45,15881,201,55,-2682,-2702,20.1,1561.7,28,4,1,12,1,13,0,1,0,0,17391,7.42,19158,241,67,24.1,1739.1
1,19,3,0,5,0,6,1,1,0,1,18493,7.11,19496,249,52,1341,1661,24.9,1849.3,14,0,1,0,5,6,0,0,0,0,16777,6.79,17585,208,54,20.8,1677.7
1,21,3,1,5,4,9,0,1,0,1,15591,7.13,18562,243,53,1335,551,24.3,1559.1,22,2,0,4,5,9,0,1,0,0,14648,6.61,17554,240,54,24.0,1464.8
0,22,0,1,5,1,7,0,0,1,0,17093,7.47,20931,246,74,208,-96,24.6,1709.3,13,2,0,1,5,11,0,1,0,1,15471,6.56,17439,216,48,21.6,1547.1
1,20,4,1,9,8,11,1,0,1,2,19355,6.93,18590,221,72,-300,1778,22.1,1935.5,24,1,0,8,9,4,1,0,0,1,17257,6.65,17662,188,43,18.8,1725.7
1,20,0,1,5,7,5,0,0,0,0,14066,6.54,16333,185,44,-1585,-1887,18.5,1406.6,17,3,0,7,5,12,1,0,0,2,16834,6.78,16921,246,51,24.6,1683.4
0,13,1,1,3,9,0,0,0,0,1,15638,6.61,15782,247,45,-4559,-2395,24.7,1563.8,21,4,0,9,3,8,1,0,0,0,20013,7.84,21187,252,62,25.2,2001.3
0,22,3,0,0,8,7,0,0,1,1,17493,6.35,15802,188,53,-1631,-1356,18.8,1749.3,22,4,1,8,0,10,0,0,0,1,17645,7.02,17450,208,65,20.8,1764.5
1,20,3,1,12,7,9,2,0,0,1,16894,6.74,20947,232,68,1403,323,23.2,1689.4,25,3,0,7,12,7,0,0,0,1,14730,6.04,17007,207,60,20.7,1473.0
1,19,0,1,7,6,3,1,1,0,1,16147,7.26,20724,229,55,2370,584,22.9,1614.7,15,1,0,6,7,6,0,0,0,0,15422,6.19,16079,213,34,21.3,1542.2
0,13,0,1,7,11,5,1,0,0,0,14863,6.36,15002,240,44,-2553,-506,24.0,1486.3,23,4,0,11,7,10,1,0,0,1,18352,7.15,19971,270,64,27.0,1835.2
1,17,2,0,5,8,7,0,1,0,0,14817,6.93,14722,236,83,-613,40,23.6,1481.7,20,3,1,8,5,11,1,0,0,0,15886,7.28,19735,200,50,20.0,1588.6
0,28,2,0,4,9,0,1,0,0,0,15790,6.68,16650,167,61,-2481,-940,16.7,1579.0,17,4,1,9,4,9,1,0,1,0,17469,7.03,19494,237,72,23.7,1746.9
0,19,0,1,10,5,2,1,1,0,1,15286,6.69,16978,181,59,-437,-480,18.1,1528.6,20,4,0,5,10,9,1,1,0,0,16030,7.15,18152,201,54,20.1,1603.0
0,12,2,1,4,8,5,1,0,0,1,13885,6.96,15820,231,42,-1553,-1655,23.1,1388.5,18,1,0,8,4,8,1,0,0,1,18268,7.15,17166,252,76,25.2,1826.8
0,22,0,0,2,6,2,1,0,0,0,15207,6.31,15916,219,49,-1240,-872,21.9,1520.7,22,3,1,6,2,10,1,1,0,1,19994,7.51,18837,242,74,24.2,1999.4
0,16,3,0,3,11,8,1,1,0,0,12964,6.69,14188,196,49,-1931,-3717,19.6,1296.4,23,4,1,11,3,6,1,1,0,0,17853,6.99,18378,207,64,20.7,1785.3
0,22,1,1,8,4,8,0,0,0,0,16948,6.7,17307,227,51,1062,-372,22.7,1694.8,24,2,0,4,8,2,1,0,0,0,18105,6.79,17119,192,40,19.2,1810.5
0,15,2,0,2,12,6,0,0,0,0,14107,6.6,16146,200,42,-605,-2692,20.0,1410.7,28,4,1,12,2,9,0,1,1,2,19300,7.62,18020,217,66,21.7,1930.0
1,26,2,1,5,7,8,0,0,0,0,16406,7.1,16025,213,47,-861,-1722,21.3,1640.6,28,0,0,7,5,8,0,1,0,1,13828,7.05,18166,212,64,21.2,1382.8
0,19,4,1,7,4,6,1,1,0,0,15984,7.22,20482,243,61,2598,1639,24.3,1598.4,18,1,0,4,7,3,0,0,0,0,15849,6.91,18993,215,34,21.5,1584.9
0,24,2,0,1,10,2,0,1,0,0,16977,6.56,15049,215,35,-2890,-1229,21.5,1697.7,23,4,1,10,1,9,0,0,0,0,19611,7.51,21874,224,41,22.4,1961.1
0,14,1,0,4,4,10,1,1,0,0,16432,6.8,16892,212,34,-470,-197,21.2,1643.2,18,1,1,4,4,13,1,1,1,1,16731,7.14,17430,209,45,20.9,1673.1
0,21,3,1,12,7,7,1,0,0,1,19131,7.25,21066,224,53,3152,791,22.4,1913.1,21,2,0,7,12,4,0,0,0,1,18347,6.68,16534,185,46,18.5,1834.7
0,26,5,0,7,6,8,0,0,0,0,14616,6.95,14813,205,53,-1705,225,20.5,1461.6,22,1,1,6,7,10,0,0,0,0,15858,6.55,17037,206,63,20.6,1585.8
0,20,3,0,5,9,4,1,1,1,0,14918,6.91,16629,202,38,-743,-2491,20.2,1491.8,29,5,1,9,5,8,1,1,0,0,18127,6.49,16835,208,62,20.8,1812.7
1,34,2,0,7,2,6,1,1,0,2,18219,7.25,17695,211,45,1323,1422,21.1,1821.9,20,0,1,2,7,4,0,0,0,0,15131,6.9,15157,220,37,22.0,1513.1
0,18,1,0,4,4,3,0,0,0,0,16072,6.62,17587,237,42,1636,-1426,23.7,1607.2,18,2,1,4,4,5,0,0,0,1,18890,7.18,18180,241,41,24.1,1889.0
1,23,2,0,8,8,9,1,1,0,0,18486,7.13,19532,288,64,1715,719,28.8,1848.6,21,2,1,8,8,2,0,1,0,0,13923,6.66,17213,183,79,18.3,1392.3
1,30,3,1,11,4,10,1,0,0,0,17003,6.85,18114,223,59,890,1984,22.3,1700.3,17,2,0,4,11,0,0,0,1,0,13395,6.66,15309,224,53,22.4,1339.5
0,12,0,1,6,8,6,0,0,0,0,15903,6.95,15854,214,44,179,-382,21.4,1590.3,16,2,0,8,6,5,0,1,1,2,16341,7.0,18326,241,61,24.1,1634.1
1,13,2,1,9,0,7,0,1,0,0,17285,6.93,16932,284,50,474,552,28.4,1728.5,19,2,0,0,9,0,0,0,0,0,15960,6.53,15777,232,67,23.2,1596.0
0,17,4,1,7,5,4,1,0,0,0,16795,6.9,17165,193,57,116,2479,19.3,1679.5,9,2,0,5,7,7,0,1,0,0,18152,6.51,16313,181,46,18.1,1815.2
1,26,3,1,6,5,8,2,0,0,1,17498,7.66,17530,219,62,2335,2067,21.9,1749.8,22,1,0,5,6,5,1,0,0,1,16338,6.53,15155,204,39,20.4,1633.8
1,11,0,0,5,8,5,0,1,0,0,15057,6.73,17385,220,48,-78,-558,22.0,1505.7,20,1,1,8,5,8,2,0,0,1,17024,7.09,17344,220,54,22.0,1702.4
1,23,5,0,4,6,4,1,1,0,0,17652,6.28,16820,217,67,-480,-880,21.7,1765.2,22,2,1,6,4,6,2,0,0,0,15896,6.93,15757,244,50,24.4,1589.6
1,23,5,0,8,6,7,1,0,1,1,15311,7.47,17610,205,52,-212,-293,20.5,1531.1,28,4,1,6,8,6,0,1,0,2,16300,7.32,14825,225,40,22.5,1630.0
0,31,3,0,6,6,5,0,1,0,0,15987,7.08,17700,270,69,1510,1888,27.0,1598.7,24,2,1,6,6,4,0,0,0,0,16296,6.77,19072,209,58,20.9,1629.6
0,23,3,1,2,5,3,0,0,0,0,15059,6.53,17773,227,59,-1091,-292,22.7,1505.9,22,1,0,5,2,9,0,1,0,0,18882,7.22,17919,224,66,22.4,1888.2
1,24,2,1,10,3,10,0,1,1,1,18543,7.04,20088,242,44,1729,2382,24.2,1854.3,18,0,0,3,10,5,0,0,0,0,14688,5.99,16231,187,40,18.7,1468.8
1,28,3,1,5,8,11,1,0,0,2,21357,6.9,18000,246,66,76,1682,24.6,2135.7,26,1,0,8,5,3,0,1,0,1,17060,6.89,15827,238,62,23.8,1706.0
0,20,1,0,3,6,7,1,0,1,0,13857,7.0,16401,211,56,-3578,-2289,21.1,1385.7,18,0,1,6,3,13,1,1,0,1,19183,7.01,19549,256,70,25.6,1918.3
1,20,1,1,3,3,8,0,0,0,0,18322,7.0,20341,252,70,1510,1238,25.2,1832.2,19,0,0,3,3,5,0,0,0,0,15074,6.06,18724,172,37,17.2,1507.4
1,19,7,1,10,0,12,2,1,1,0,19153,7.26,20396,263,54,4532,3360,26.3,1915.3,25,0,0,0,10,0,0,0,0,0,12298,5.73,12906,199,28,19.9,1229.8
1,19,0,1,10,4,9,2,0,1,2,17957,7.09,17850,195,57,1863,1356,19.5,1795.7,19,0,0,4,10,5,0,1,0,1,15825,6.96,15485,181,27,18.1,1582.5
1,23,3,1,8,3,10,1,2,1,0,19227,6.71,20208,237,59,2495,1385,23.7,1922.7,21,1,0,3,8,6,0,1,1,1,14547,6.89,14527,207,52,20.7,1454.7
0,21,2,0,7,4,6,1,0,0,1,15664,6.78,17437,221,70,99,823,22.1,1566.4,22,3,1,4,7,3,0,0,0,0,15389,7.09,16725,173,48,17.3,1538.9
0,6,2,0,2,10,6,0,0,0,1,14606,6.83,13216,181,58,-2739,-3226,18.1,1460.6,22,4,1,10,2,3,1,0,1,1,19430,7.0,21208,262,66,26.2,1943.0
0,15,1,1,4,10,1,0,0,0,1,12937,6.55,14543,185,38,-2748,-1476,18.5,1293.7,21,1,0,10,4,7,2,1,1,2,18931,7.16,20510,221,66,22.1,1893.1
1,21,2,0,5,4,3,1,0,0,0,16334,7.15,19369,218,53,-436,1216,21.8,1633.4,17,4,1,4,5,10,2,0,0,0,14785,6.76,15438,213,54,21.3,1478.5
0,22,2,1,4,6,6,0,0,0,0,16658,6.54,16915,211,36,-2965,-1117,21.1,1665.8,19,4,0,6,4,4,1,0,0,0,17684,7.15,19634,234,63,23.4,1768.4
0,26,2,0,1,7,3,1,0,0,1,14778,6.11,14032,241,49,-1997,-2856,24.1,1477.8,21,2,1,7,1,9,1,0,0,1,16220,7.34,17353,248,60,24.8,1622.0
1,21,2,1,6,1,10,1,0,0,1,16242,7.11,16551,239,73,-926,2176,23.9,1624.2,25,2,0,1,6,6,1,1,1,0,17673,7.55,17374,216,40,21.6,1767.3
1,17,2,1,6,7,6,0,1,0,3,18637,6.72,17743,222,40,-69,790,22.2,1863.7,20,2,0,7,6,10,1,1,0,0,16288,6.76,17096,229,48,22.9,1628.8
0,8,0,0,5,12,5,0,0,0,1,17041,6.0,14237,226,30,-2755,-2200,22.6,1704.1,17,3,1,12,5,12,1,1,1,2,18189,8.01,19853,215,56,21.5,1818.9
1,23,5,1,4,3,6,1,1,0,1,17131,6.52,15097,208,44,-1887,-2052,20.8,1713.1,25,3,0,3,4,8,2,0,0,0,15863,7.04,16539,222,68,22.2,1586.3
1,19,4,0,8,5,5,2,1,1,1,18647,7.05,16833,196,64,4402,1895,19.6,1864.7,15,0,1,5,8,2,0,0,0,1,14976,6.35,16783,194,44,19.4,1497.6
0,22,2,1,2,9,5,0,1,1,1,14012,6.25,15914,203,49,-2296,-1930,20.3,1401.2,19,1,0,9,2,11,1,1,1,1,18096,7.18,19485,220,70,22.0,1809.6
1,29,1,0,8,2,6,1,0,0,1,16812,7.13,19093,254,52,1184,1931,25.4,1681.2,14,1,1,2,8,0,0,1,0,0,14050,6.27,12694,196,31,19.6,1405.0
1,11,0,1,9,7,11,2,0,1,2,14564,7.52,13946,250,58,1004,-2733,25.0,1456.4,16,2,0,7,9,5,0,1,1,2,15699,6.21,16495,255,64,25.5,1569.9
1,24,4,1,0,3,5,1,2,0,0,16439,7.02,20759,230,60,1862,35,23.0,1643.9,21,2,0,3,0,6,0,1,0,0,16473,6.25,18038,235,47,23.5,1647.3
1,29,2,0,8,6,6,1,1,0,2,17992,6.96,17529,229,74,2016,1938,22.9,1799.2,30,1,1,6,8,0,0,0,1,1,13707,6.99,17469,225,46,22.5,1370.7
0,27,3,1,10,2,2,1,0,0,1,17273,7.11,18910,228,58,754,-218,22.8,1727.3,18,3,0,2,10,5,0,0,0,0,18146,6.5,15665,239,40,23.9,1814.6
1,11,0,0,7,9,6,0,0,0,1,17465,7.45,19313,221,56,1434,2007,22.1,1746.5,13,1,1,9,7,0,0,0,0,1,14389,6.11,17082,196,53,19.6,1438.9
0,13,4,0,5,11,5,0,0,0,0,15427,5.86,14145,203,56,-944,-1829,20.3,1542.7,21,5,1,11,5,9,1,0,0,1,15773,7.39,17925,204,58,20.4,1577.3
1,16,4,1,11,1,5,1,0,0,0,18659,7.03,18607,214,77,1724,1227,21.4,1865.9,11,0,0,1,11,3,1,0,0,2,15657,6.43,14424,196,66,19.6,1565.7
0,21,1,1,4,11,5,0,0,1,0,15555,6.78,17643,185,35,-1135,-1840,18.5,1555.5,17,4,0,11,4,7,0,0,1,1,17366,7.02,16565,242,67,24.2,1736.6
1,23,3,0,5,7,7,1,0,0,1,17524,7.09,16360,219,67,859,135,21.9,1752.4,26,2,1,7,5,6,1,1,0,0,14806,6.77,18973,229,62,22.9,1480.6
1,7,3,0,9,5,4,1,0,0,1,20343,6.8,19543,218,43,1271,298,21.8,2034.3,20,1,1,5,9,5,0,1,1,1,16009,6.8,17115,218,61,21.8,1600.9
1,19,0,0,8,6,6,0,1,1,0,17859,6.56,14654,202,72,504,2676,20.2,1785.9,25,0,1,6,8,7,0,0,0,0,16790,6.44,17333,201,62,20.1,1679.0
1,25,5,0,7,7,4,1,0,1,0,18250,7.05,17902,225,39,2031,1341,22.5,1825.0,21,1,1,7,7,3,0,0,0,0,16158,6.66,16997,202,60,20.2,1615.8
0,19,2,1,5,6,6,0,0,0,1,16286,6.42,17107,215,57,-2005,-498,21.5,1628.6,17,0,0,6,5,4,0,1,1,0,15399,6.54,18929,196,72,19.6,1539.9
0,18,0,0,5,11,0,0,0,0,0,14257,5.63,15085,217,53,-1181,-3431,21.7,1425.7,16,2,1,11,5,13,1,0,1,2,19336,7.44,15368,234,60,23.4,1933.6
1,20,1,1,8,3,9,1,1,1,0,18843,7.16,19683,183,59,1822,2251,18.3,1884.3,24,1,0,3,8,2,0,0,0,0,17045,6.58,13660,211,53,21.1,1704.5
1,15,4,0,7,7,4,0,1,0,0,15949,7.03,16942,229,63,426,216,22.9,1594.9,17,3,1,7,7,5,1,0,0,1,15185,7.23,16164,248,37,24.8,1518.5
1,22,3,0,10,3,8,1,1,1,1,16707,7.11,19077,253,70,2293,1362,25.3,1670.7,14,2,1,3,10,5,0,0,0,0,14271,7.32,15823,191,57,19.1,1427.1
0,20,3,1,5,4,7,0,0,1,1,17762,7.48,18552,232,60,416,216,23.2,1776.2,16,2,0,4,5,4,0,0,0,0,15832,7.86,17096,210,73,21.0,1583.2
0,20,1,0,6,10,3,0,0,0,1,17077,6.71,13990,214,37,-1726,-231,21.4,1707.7,26,1,1,10,6,5,0,1,0,0,18349,6.99,19145,270,71,27.0,1834.9
1,25,1,0,6,3,13,1,1,0,0,17347,7.19,19360,227,52,3665,1383,22.7,1734.7,19,4,1,3,6,4,0,0,0,0,12690,6.69,16109,178,52,17.8,1269.0
0,20,3,1,5,7,4,1,0,1,0,16718,7.32,16286,201,60,-1804,-2164,20.1,1671.8,20,4,0,7,5,4,0,1,0,2,16163,7.17,16822,243,68,24.3,1616.3
1,26,2,0,8,6,3,0,0,0,1,15326,7.63,18786,226,45,531,1584,22.6,1532.6,24,3,1,6,8,10,0,0,0,0,15725,7.15,15635,199,39,19.9,1572.5
0,17,2,0,2,11,10,0,0,0,0,17846,7.05,15488,222,30,-1065,-1298,22.2,1784.6,17,0,1,11,2,8,1,1,1,1,17992,6.89,17720,248,69,24.8,1799.2
1,16,6,0,12,1,10,1,1,0,0,18481,7.15,20902,250,59,4152,1528,25.0,1848.1,16,1,1,1,12,6,0,1,0,0,14236,6.58,17166,199,54,19.9,1423.6
0,21,3,0,4,6,4,0,0,0,0,15580,6.83,11918,239,41,-2073,-2885,23.9,1558.0,22,2,1,6,4,7,1,0,1,1,18881,6.71,15878,262,66,26.2,1888.1
0,20,3,1,8,10,11,1,0,1,1,15730,7.1,15693,204,60,-646,-1089,20.4,1573.0,23,0,0,10,8,8,0,1,0,1,17192,7.06,19668,245,44,24.5,1719.2
1,23,6,1,8,6,3,1,0,1,1,16541,6.09,20234,221,58,1765,246,22.1,1654.1,24,2,0,6,8,5,1,1,0,1,16507,6.8,15638,243,64,24.3,1650.7
1,11,2,1,3,7,3,0,0,1,0,13145,6.21,16786,208,61,-2209,-2660,20.8,1314.5,14,2,0,7,3,6,0,0,0,1,18210,6.86,19154,265,76,26.5,1821.0
1,30,2,0,7,6,4,1,1,1,0,15939,7.18,16612,202,69,-334,-632,20.2,1593.9,22,2,1,6,7,2,0,0,0,0,15922,6.89,16170,231,39,23.1,1592.2
1,27,2,0,10,2,9,1,0,0,1,18777,7.27,18161,227,73,4749,1990,22.7,1877.7,15,0,1,2,10,4,0,1,0,1,14918,6.3,18741,195,38,19.5,1491.8
0,18,1,0,9,6,1,0,0,0,0,16272,6.96,16179,209,41,-2738,-769,20.9,1627.2,19,2,1,6,9,8,1,1,0,1,16931,7.08,20742,224,57,22.4,1693.1
1,16,0,0,7,11,7,0,0,0,1,18313,7.23,17795,221,66,251,502,22.1,1831.3,14,3,1,11,7,4,0,1,0,0,16498,7.29,16148,214,41,21.4,1649.8
0,20,2,0,0,10,0,0,0,0,0,12735,5.9,13601,175,61,-4201,-3858,17.5,1273.5,19,2,1,10,0,10,1,0,1,1,19697,6.71,20471,212,80,21.2,1969.7
1,14,0,0,5,3,6,0,0,0,1,19290,6.82,18990,242,55,269,536,24.2,1929.0,21,2,1,3,5,8,0,0,0,1,14255,7.19,16521,210,56,21.0,1425.5
1,31,3,0,6,9,0,0,0,1,1,16719,6.87,19808,221,61,-724,-258,22.1,1671.9,18,2,1,9,6,5,1,1,0,1,17148,7.41,18753,231,57,23.1,1714.8
1,15,2,1,2,7,6,1,0,0,1,16178,6.99,16235,223,47,-2722,-1075,22.3,1617.8,20,1,0,7,2,7,0,0,0,1,17113,7.64,17824,219,58,21.9,1711.3
1,31,3,1,8,4,7,1,1,0,0,17171,7.47,19292,225,36,2072,1140,22.5,1717.1,15,2,0,4,8,9,0,0,0,1,13292,6.36,14780,231,39,23.1,1329.2
0,18,2,1,3,8,12,0,0,0,0,17349,6.25,16629,195,46,-1445,75,19.5,1734.9,16,0,0,8,3,7,0,0,0,0,16109,6.56,19925,190,47,19.0,1610.9
1,28,4,1,4,3,4,0,0,0,0,16918,6.11,15980,228,68,-430,-16,22.8,1691.8,11,0,0,3,4,4,1,1,1,0,17986,7.08,18653,202,48,20.2,1798.6
0,16,4,0,7,9,4,0,0,0,0,17797,6.61,17912,155,50,-1236,-693,15.5,1779.7,20,5,1,9,7,5,1,1,0,0,15615,7.01,15877,211,60,21.1,1561.5
0,16,1,1,2,9,2,0,0,0,0,12187,6.82,15094,202,53,-3758,-3771,20.2,1218.7,22,2,0,9,2,13,1,0,1,1,19501,7.44,20379,209,59,20.9,1950.1
0,22,0,0,2,13,1,0,0,0,1,12045,6.42,17629,160,63,-2417,-3711,16.0,1204.5,25,2,1,13,2,8,0,1,0,1,17573,8.15,18659,236,67,23.6,1757.3
0,25,4,1,8,2,11,1,0,0,2,17957,7.9,17818,249,56,3017,704,24.9,1795.7,13,0,0,2,8,4,0,0,0,1,14995,6.95,16093,198,53,19.8,1499.5
0,21,0,0,1,14,0,0,0,1,1,14411,5.92,14708,157,36,-1564,-3558,15.7,1441.1,29,5,1,14,1,6,1,1,0,1,16962,6.66,21098,240,67,24.0,1696.2
0,16,0,1,4,12,2,0,0,0,0,16572,6.35,14594,192,46,-1792,-477,19.2,1657.2,35,3,0,12,4,2,0,0,0,1,17107,7.14,19458,255,41,25.5,1710.7
0,20,3,0,2,6,7,0,0,0,1,16034,6.56,16967,230,41,607,-442,23.0,1603.4,23,0,1,6,2,9,1,0,0,0,16983,7.05,17997,253,64,25.3,1698.3
1,30,5,1,7,2,10,1,0,1,1,21562,7.0,20161,214,65,2097,2281,21.4,2156.2,8,0,0,2,7,0,0,0,0,0,14846,5.92,16139,201,49,20.1,1484.6
1,18,2,0,5,4,8,0,1,0,2,17421,6.79,17659,229,43,2343,1051,22.9,1742.1,15,1,1,4,5,4,1,1,0,0,15162,6.57,15939,222,57,22.2,1516.2
0,22,2,0,3,11,1,1,0,1,0,15680,6.84,16887,243,26,-647,-2608,24.3,1568.0,12,0,1,11,3,5,0,0,1,1,16124,7.29,17155,213,73,21.3,1612.4
1,22,2,1,7,4,11,0,1,1,0,18753,7.24,19577,262,67,917,1527,26.2,1875.3,8,0,0,4,7,5,0,1,1,0,13404,6.9,15497,196,50,19.6,1340.4
1,20,3,0,2,9,2,1,1,0,0,14268,6.36,14181,218,45,-2006,-1776,21.8,1426.8,24,4,1,9,2,7,1,1,0,1,17601,7.43,17150,242,73,24.2,1760.1
1,22,4,1,10,3,4,0,1,0,2,17937,7.18,17128,260,54,1418,561,26.0,1793.7,18,1,0,3,10,6,0,0,0,0,15133,7.26,16062,223,51,22.3,1513.3
0,13,1,0,7,10,4,0,1,0,0,13885,6.33,15564,211,56,-2178,-2818,21.1,1388.5,27,3,1,10,7,9,0,1,1,0,17490,7.04,20140,236,77,23.6,1749.0
1,21,1,1,10,5,8,0,0,1,1,18737,7.42,18181,217,64,2150,832,21.7,1873.7,29,2,0,5,10,5,0,0,0,0,14185,7.03,15311,232,40,23.2,1418.5
0,20,0,0,4,6,5,0,1,0,1,15685,6.9,18313,184,41,-1168,-593,18.4,1568.5,17,1,1,6,4,9,1,0,0,0,17314,7.0,19475,236,58,23.6,1731.4
0,17,3,0,4,12,6,0,0,0,0,14925,6.83,16706,208,52,-2880,-8,20.8,1492.5,25,1,1,12,4,10,0,0,0,1,18345,7.27,17191,202,67,20.2,1834.5
1,27,0,1,5,6,5,1,1,0,0,15820,6.87,17428,218,66,-2150,-1337,21.8,1582.0,17,3,0,6,5,10,1,0,0,1,16452,6.83,16581,212,63,21.2,1645.2
0,26,3,0,5,8,2,1,0,0,0,17376,6.92,18691,254,67,57,-119,25.4,1737.6,19,0,1,8,5,5,1,0,0,1,16385,7.41,18022,198,58,19.8,1638.5
1,20,3,0,8,4,4,1,0,0,1,17457,6.84,17744,218,63,-1034,275,21.8,1745.7,32,2,1,4,8,3,1,0,0,0,14649,7.25,16515,194,56,19.4,1464.9
1,17,2,0,12,6,8,1,0,0,1,16327,7.96,17346,245,59,2471,424,24.5,1632.7,16,3,1,6,12,5,0,0,0,0,14893,6.82,17161,217,58,21.7,1489.3
0,15,1,0,1,10,5,1,0,0,2,15736,6.57,17483,223,48,-956,-973,22.3,1573.6,22,3,1,10,1,7,1,1,0,1,18238,7.05,19101,223,65,22.3,1823.8
1,31,4,1,11,5,7,0,1,0,1,18322,7.28,20555,229,69,534,2417,22.9,1832.2,28,0,0,5,11,5,0,0,0,0,13521,6.67,17780,219,60,21.9,1352.1
1,16,1,1,6,7,13,0,1,0,2,17603,7.23,19075,198,76,2079,1562,19.8,1760.3,20,0,0,7,6,3,1,0,1,1,15262,7.08,16625,186,53,18.6,1526.2
0,20,1,0,5,5,10,1,0,1,0,18199,7.71,16985,196,52,349,-402,19.6,1819.9,20,3,1,5,5,7,0,1,0,0,16055,6.7,16284,199,51,19.9,1605.5
0,21,1,0,6,8,2,1,1,0,0,13518,7.21,14400,223,47,-931,-2614,22.3,1351.8,24,4,1,8,6,5,2,1,0,0,17548,7.17,18224,221,57,22.1,1754.8
0,19,4,0,10,2,3,0,0,0,0,15973,6.32,15877,226,72,-1327,-422,22.6,1597.3,29,1,1,2,10,9,0,0,0,0,14943,7.41,17432,186,63,18.6,1494.3
0,16,5,0,8,5,10,0,1,0,1,17175,6.92,18410,195,57,270,961,19.5,1717.5,22,0,1,5,8,7,0,1,0,2,17612,6.97,16554,227,45,22.7,1761.2
1,20,3,0,11,0,13,1,1,1,2,20026,6.66,19025,232,64,3738,4045,23.2,2002.6,20,0,1,0,11,5,0,0,0,1,15326,6.63,15220,187,38,18.7,1532.6
1,19,1,1,10,4,12,0,1,0,1,17560,7.26,17102,200,55,1339,2548,20.0,1756.0,19,0,0,4,10,4,0,0,0,0,14529,6.62,17612,238,55,23.8,1452.9
1,18,4,0,10,7,7,1,1,0,0,17516,7.23,19801,254,67,2236,-41,25.4,1751.6,16,2,1,7,10,1,1,0,0,0,15830,6.54,17634,235,38,23.5,1583.0
1,33,1,1,14,3,12,2,1,0,2,20689,7.56,23015,258,73,5806,5834,25.8,2068.9,16,1,0,3,14,0,0,0,0,0,10696,6.13,14147,167,43,16.7,1069.6
1,21,3,0,9,2,3,1,1,1,1,16851,7.13,16784,241,54,-1175,-195,24.1,1685.1,14,2,1,2,9,7,0,1,0,1,15480,7.27,18178,199,50,19.9,1548.0
1,18,2,0,6,8,7,1,0,1,1,18730,7.27,20119,200,57,670,1388,20.0,1873.0,18,1,1,8,6,2,0,0,0,0,15033,6.96,17618,226,38,22.6,1503.3
1,22,4,0,4,8,6,2,1,0,1,17950,6.88,17647,221,57,1574,1263,22.1,1795.0,17,2,1,8,4,2,0,0,0,1,13601,6.73,16084,211,46,21.1,1360.1
0,21,4,0,8,9,2,0,0,0,0,14917,6.29,16433,196,44,-515,-846,19.6,1491.7,29,2,1,9,8,11,1,1,0,1,17077,7.0,19022,229,66,22.9,1707.7
0,17,0,1,3,10,7,1,1,0,2,16288,6.59,14662,205,56,-2206,50,20.5,1628.8,18,0,0,10,3,11,1,0,0,0,17863,7.11,18759,219,64,21.9,1786.3
0,23,2,1,4,6,5,0,0,0,0,14277,6.94,17952,245,54,-1693,-601,24.5,1427.7,27,4,0,6,4,9,1,1,0,1,18092,6.75,17726,232,49,23.2,1809.2
1,15,1,1,7,3,9,1,0,0,1,16742,7.06,16260,240,62,1456,1673,24.0,1674.2,19,1,0,3,7,5,0,0,0,1,16705,6.48,15901,186,53,18.6,1670.5
1,26,1,1,5,5,5,0,0,0,1,15615,7.16,15272,229,64,-1240,-1615,22.9,1561.5,20,0,0,5,5,4,1,1,1,0,17893,6.52,20693,216,47,21.6,1789.3
0,20,3,1,5,7,8,0,0,1,1,18056,6.47,17903,214,43,728,527,21.4,1805.6,26,3,0,7,5,7,1,1,0,1,17180,6.19,17387,188,46,18.8,1718.0
1,22,2,0,9,3,5,0,0,0,0,19703,7.48,16828,224,46,2098,2724,22.4,1970.3,15,3,1,3,9,2,0,0,0,1,14886,6.28,17148,203,39,20.3,1488.6
0,18,3,0,9,3,5,1,0,0,1,16932,7.56,18406,240,52,2182,2116,24.0,1693.2,21,1,1,3,9,10,0,0,0,1,14180,6.41,14706,205,42,20.5,1418.0
0,14,3,1,7,5,7,0,1,0,0,17758,7.53,15491,260,54,1870,-137,26.0,1775.8,17,2,0,5,7,10,0,0,0,1,18169,7.52,18936,215,62,21.5,1816.9
0,10,4,1,6,7,9,0,0,0,0,15855,6.84,17870,207,52,-1497,-2263,20.7,1585.5,32,3,0,7,6,6,0,1,0,1,18265,7.21,21526,192,61,19.2,1826.5
1,18,3,1,8,2,9,1,1,0,1,17835,7.24,20022,204,55,1656,1805,20.4,1783.5,16,5,0,2,8,5,0,0,0,0,15164,7.2,15108,190,57,19.0,1516.4
0,24,3,0,7,6,8,0,0,0,0,16974,7.36,17397,223,59,2316,2335,22.3,1697.4,25,2,1,6,7,3,0,0,1,1,16555,7.27,16028,210,40,21.0,1655.5
0,12,0,0,5,12,7,0,0,0,1,13965,6.49,16278,205,38,-1179,-3069,20.5,1396.5,20,2,1,12,5,10,1,1,0,1,17935,7.41,19651,241,77,24.1,1793.5
0,12,4,1,4,9,5,1,0,0,1,15887,6.53,16082,239,37,149,-500,23.9,1588.7,25,2,0,9,4,9,0,0,1,0,16690,6.97,16053,203,38,20.3,1669.0
0,16,3,1,5,12,4,1,1,0,0,15064,6.43,18754,234,42,1353,91,23.4,1506.4,27,2,0,12,5,6,1,1,0,2,17076,6.78,17873,224,60,22.4,1707.6
1,20,3,0,10,5,8,1,1,0,1,17338,6.84,18662,234,65,1271,-839,23.4,1733.8,21,0,1,5,10,4,0,0,0,0,13692,7.37,16221,188,59,18.8,1369.2
1,20,3,1,8,8,9,2,1,0,1,17826,7.63,20308,217,44,2062,1732,21.7,1782.6,21,1,0,8,8,6,0,0,0,0,16221,6.14,14802,240,79,24.0,1622.1
1,20,3,0,6,6,3,0,1,0,2,15396,7.08,17013,230,67,264,1116,23.0,1539.6,15,0,1,6,6,7,1,0,0,1,15853,6.41,16696,215,46,21.5,1585.3
1,26,3,1,6,4,7,0,1,0,0,16758,6.55,18122,194,59,-218,486,19.4,1675.8,12,3,0,4,6,2,1,0,1,0,14454,6.95,16908,241,53,24.1,1445.4
1,26,3,0,9,6,2,0,1,1,0,16085,6.94,18110,234,46,80,620,23.4,1608.5,21,0,1,6,9,5,0,0,0,1,15225,7.13,15661,211,38,21.1,1522.5
0,29,4,0,6,8,4,0,0,0,0,13951,6.91,18629,184,49,-1072,-1557,18.4,1395.1,28,3,1,8,6,7,1,1,0,1,18131,6.62,18443,197,76,19.7,1813.1
1,11,2,1,6,6,5,1,0,0,0,17585,7.17,17246,218,44,-661,309,21.8,1758.5,18,0,0,6,6,7,0,0,0,1,16946,7.56,17976,200,71,20.0,1694.6
0,16,5,1,3,4,6,1,1,1,0,16546,6.63,16236,215,71,1036,103,21.5,1654.6,18,1,0,4,3,10,1,0,1,0,16799,6.81,18545,201,59,20.1,1679.9
1,23,4,1,6,4,1,0,1,0,1,14448,6.85,15174,240,51,557,-168,24.0,1444.8,22,1,0,4,6,5,1,0,0,0,16586,6.65,17330,226,54,22.6,1658.6
0,14,1,0,1,13,2,1,0,0,0,14609,5.85,14658,182,32,-2951,-1532,18.2,1460.9,20,2,1,13,1,9,1,2,0,0,19396,7.36,20523,240,82,24.0,1939.6
0,24,0,1,3,9,7,0,1,0,1,15100,6.98,16947,177,79,-1288,-2626,17.7,1510.0,23,6,0,9,3,5,0,0,1,0,16187,7.34,18822,253,47,25.3,1618.7
0,21,2,0,5,10,10,0,1,0,0,14982,6.13,14802,221,55,128,-683,22.1,1498.2,22,3,1,10,5,7,1,0,0,1,14639,7.47,18883,210,58,21.0,1463.9
1,27,4,0,7,6,9,0,0,1,0,15994,6.73,17155,231,60,-942,-188,23.1,1599.4,18,3,1,6,7,2,1,0,0,1,16243,6.94,19554,211,58,21.1,1624.3
0,25,1,1,8,5,6,0,0,1,0,18246,6.63,18190,245,55,-704,-277,24.5,1824.6,12,3,0,5,8,6,1,0,0,0,15628,6.62,20376,185,45,18.5,1562.8
1,26,2,1,5,2,13,0,0,1,0,17154,7.62,16311,219,61,663,-177,21.9,1715.4,22,2,0,2,5,6,1,0,0,0,17527,6.52,18090,248,39,24.8,1752.7
0,16,2,0,2,11,2,1,0,0,0,14246,7.09,15206,227,56,-1679,-1744,22.7,1424.6,22,2,1,11,2,10,1,0,0,1,18552,7.24,19328,257,61,25.7,1855.2
0,16,3,0,4,8,1,1,0,0,0,15057,6.16,12391,204,54,-2851,-2324,20.4,1505.7,22,2,1,8,4,11,0,0,0,0,17842,7.96,19177,225,65,22.5,1784.2
0,18,1,0,4,7,5,0,0,0,0,15070,6.71,16352,226,45,-1433,-458,22.6,1507.0,23,3,1,7,4,6,1,0,0,1,16832,6.46,17147,226,64,22.6,1683.2
1,14,1,0,9,5,10,1,0,0,0,19418,6.4,17606,237,59,1416,1569,23.7,1941.8,20,0,1,5,9,4,0,0,0,1,15832,6.34,16453,188,46,18.8,1583.2
1,31,4,0,9,0,11,0,1,0,2,18761,6.98,20780,207,65,3577,3923,20.7,1876.1,11,1,1,0,9,3,0,0,0,0,14403,6.46,14857,214,38,21.4,1440.3
1,25,1,1,9,6,2,0,0,0,0,18396,6.72,18306,204,57,2009,888,20.4,1839.6,18,1,0,6,9,4,0,0,0,0,14672,6.34,15192,231,61,23.1,1467.2
0,15,0,0,0,11,1,0,0,1,0,12399,6.65,16197,183,60,-3630,-1541,18.3,1239.9,21,0,1,11,0,9,1,1,1,0,19266,6.53,20011,219,58,21.9,1926.6
0,26,5,1,7,7,7,1,1,1,0,16211,7.05,18237,205,66,-432,-560,20.5,1621.1,29,2,0,7,7,5,1,1,0,0,18425,6.29,19946,220,63,22.0,1842.5
1,17,4,1,2,5,4,2,0,0,1,15543,6.59,20713,210,33,-933,275,21.0,1554.3,19,2,0,5,2,5,0,1,0,0,15550,7.12,17322,226,62,22.6,1555.0
1,11,5,1,8,6,6,0,1,0,0,16387,7.4,17890,218,63,-211,874,21.8,1638.7,26,1,0,6,8,1,0,0,0,1,14438,7.1,16329,234,38,23.4,1443.8
1,26,4,1,7,8,8,1,2,0,1,17507,7.71,16924,224,63,942,2238,22.4,1750.7,28,2,0,8,7,6,0,0,1,0,13236,6.92,16246,230,51,23.0,1323.6
0,12,3,1,5,8,5,1,0,0,0,14672,6.44,15083,202,55,-1048,-2690,20.2,1467.2,23,3,0,8,5,6,0,0,0,2,18964,6.73,18207,249,57,24.9,1896.4
0,19,3,1,7,6,8,2,0,1,1,16013,6.65,18059,248,60,902,-9,24.8,1601.3,12,3,0,6,7,6,1,0,0,1,16861,7.17,17167,207,77,20.7,1686.1
1,22,2,0,3,4,10,1,1,1,1,18763,7.33,18733,244,53,49,556,24.4,1876.3,24,2,1,4,3,6,0,1,0,1,14898,6.91,20044,192,78,19.2,1489.8
0,24,3,1,11,0,9,0,1,0,1,14937,7.05,18932,222,76,1829,2213,22.2,1493.7,9,2,0,0,11,5,0,1,0,1,14640,7.38,15335,252,64,25.2,1464.0
0,23,1,0,5,10,1,1,0,0,0,16284,6.69,15532,233,23,-1792,-2366,23.3,1628.4,22,3,1,10,5,6,1,0,1,2,17575,7.45,17565,239,45,23.9,1757.5
1,22,0,1,7,7,7,0,1,1,2,15739,6.87,18905,267,33,-417,1093,26.7,1573.9,24,2,0,7,7,10,0,1,0,0,18636,7.1,16229,212,45,21.2,1863.6
0,17,0,0,0,10,3,1,0,0,0,11910,6.38,13870,191,27,-5279,-4766,19.1,1191.0,22,0,1,10,0,7,1,1,0,1,20346,7.49,21369,256,68,25.6,2034.6
1,15,4,1,5,12,6,1,0,1,0,14970,7.62,15509,194,54,-1913,-1241,19.4,1497.0,29,1,0,12,5,10,1,0,0,1,17901,6.96,19857,249,69,24.9,1790.1
1,20,0,1,2,8,8,0,0,0,0,16071,6.64,18535,205,44,72,-762,20.5,1607.1,31,1,0,8,2,7,1,1,0,1,18367,6.62,17898,218,57,21.8,1836.7
0,10,0,0,4,8,5,1,0,1,0,15673,6.81,18575,222,50,-1326,-1111,22.2,1567.3,26,2,1,8,4,6,2,0,0,0,16921,6.77,18171,239,70,23.9,1692.1
0,28,3,1,4,8,6,1,1,0,0,15981,6.48,19816,207,48,1002,963,20.7,1598.1,9,3,0,8,4,8,0,0,0,0,16648,6.64,17972,247,68,24.7,1664.8
1,13,1,0,17,7,4,1,1,0,0,16741,6.2,15761,204,45,679,-751,20.4,1674.1,20,2,1,7,17,9,1,0,0,0,14776,6.71,17769,218,49,21.8,1477.6
0,14,2,0,2,12,7,0,0,0,0,10911,6.72,16922,190,45,-4418,-4429,19.0,1091.1,17,3,1,12,2,9,2,1,0,0,18905,7.85,20426,268,73,26.8,1890.5
0,14,4,0,9,4,4,0,1,0,0,17955,6.77,17109,242,61,445,-1176,24.2,1795.5,22,1,1,4,9,12,1,0,1,1,18294,6.35,19530,246,63,24.6,1829.4
0,14,2,0,3,10,4,1,1,0,0,15457,6.89,15391,220,72,-2236,-1939,22.0,1545.7,25,1,1,10,3,7,0,1,0,1,18410,6.98,19153,220,71,22.0,1841.0
1,21,1,0,8,7,6,2,0,0,1,15431,7.2,18558,253,61,1558,1972,25.3,1543.1,21,2,1,7,8,3,1,0,1,0,15820,6.58,16259,205,51,20.5,1582.0
0,15,3,1,5,7,0,1,1,0,0,16046,6.84,15423,178,43,-845,-2675,17.8,1604.6,13,3,0,7,5,8,0,0,0,2,17413,7.82,20506,219,70,21.9,1741.3
1,26,3,0,4,2,8,0,1,0,1,16969,6.73,16753,211,51,951,-472,21.1,1696.9,16,3,1,2,4,2,1,0,1,1,15307,7.18,17526,225,66,22.5,1530.7
0,21,2,1,4,9,7,0,0,0,0,16349,7.04,16533,199,33,-221,-1533,19.9,1634.9,19,1,0,9,4,4,1,0,1,1,15729,7.19,18060,260,45,26.0,1572.9
1,18,2,1,9,7,7,0,1,0,1,15907,7.56,18057,206,63,-356,-75,20.6,1590.7,19,4,0,7,9,2,2,0,0,1,15459,6.73,18450,229,48,22.9,1545.9
0,20,3,0,6,8,5,1,0,0,0,15244,6.99,17109,218,57,-176,-578,21.8,1524.4,21,3,1,8,6,8,0,0,1,0,18376,7.63,15771,199,51,19.9,1837.6
0,26,1,1,4,7,7,1,0,1,0,15169,7.21,18134,225,52,-165,-1357,22.5,1516.9,20,0,0,7,4,6,0,0,0,1,18279,7.19,17064,212,46,21.2,1827.9
0,21,0,0,1,11,2,1,0,0,1,17713,6.38,15269,190,46,-1571,-2440,19.0,1771.3,19,3,1,11,1,9,0,0,0,2,19698,7.54,20032,215,60,21.5,1969.8
0,11,2,0,0,8,4,0,0,0,0,13970,6.45,14456,215,36,-2368,-2959,21.5,1397.0,18,4,1,8,0,6,2,2,1,0,17740,6.9,20676,216,63,21.6,1774.0
0,15,3,0,0,7,8,1,0,0,1,16482,7.21,15153,186,29,-1028,-2086,18.6,1648.2,18,4,1,7,0,6,0,0,0,1,18177,7.23,17628,235,68,23.5,1817.7
0,22,0,1,2,4,0,0,0,1,0,17390,6.72,18033,238,53,-716,649,23.8,1739.0,21,2,0,4,2,2,0,0,0,2,18198,6.47,17484,169,49,16.9,1819.8
1,21,2,0,5,10,7,0,0,0,1,17781,6.6,16857,201,48,-1079,239,20.1,1778.1,29,4,1,10,5,5,0,1,0,1,15389,6.57,19436,211,56,21.1,1538.9
1,16,5,1,9,5,13,0,0,0,2,17958,6.88,18851,250,61,1620,1271,25.0,1795.8,18,1,0,5,9,3,1,0,0,1,14485,6.61,15999,202,51,20.2,1448.5
0,23,0,1,11,7,10,1,0,0,0,14622,6.52,17235,239,54,127,1053,23.9,1462.2,14,3,0,7,11,9,1,0,1,0,18186,6.98,17260,203,64,20.3,1818.6
0,14,1,0,4,9,6,1,0,0,1,14677,6.86,16807,186,50,-1648,-1739,18.6,1467.7,35,3,1,9,4,7,1,1,0,0,15973,7.09,19818,227,69,22.7,1597.3
0,26,2,0,3,6,9,1,0,0,1,15192,6.79,16220,214,47,-1391,-517,21.4,1519.2,21,3,1,6,3,10,0,0,0,1,17749,7.08,20016,245,68,24.5,1774.9
1,23,5,0,6,7,4,0,1,0,1,17342,7.08,17543,215,76,1597,595,21.5,1734.2,25,3,1,7,6,2,0,0,0,0,15451,6.98,15959,217,34,21.7,1545.1
1,15,4,0,8,9,7,1,0,0,0,17919,6.66,20029,214,68,1241,1152,21.4,1791.9,18,1,1,9,8,4,0,1,0,0,17412,7.19,18930,210,65,21.0,1741.2
1,21,2,0,12,4,9,0,2,0,2,20106,7.17,20291,253,57,2916,4210,25.3,2010.6,17,0,1,4,12,3,0,1,0,1,13117,6.67,16522,191,29,19.1,1311.7
0,16,2,0,7,4,3,1,0,1,0,16582,6.96,18043,215,65,80,411,21.5,1658.2,18,1,1,4,7,7,0,0,1,0,17828,6.65,18331,216,37,21.6,1782.8
1,21,5,1,7,6,8,0,1,0,1,19050,6.69,15689,208,59,1002,619,20.8,1905.0,27,0,0,6,7,5,1,0,0,0,19576,7.3,17451,206,63,20.6,1957.6
1,20,1,0,7,5,6,1,1,0,0,18317,7.24,17385,215,42,1040,3712,21.5,1831.7,18,1,1,5,7,6,0,0,1,0,16964,6.43,18078,234,36,23.4,1696.4
1,14,2,0,8,9,1,0,0,0,0,14721,6.86,16436,241,67,-404,488,24.1,1472.1,14,3,1,9,8,5,0,0,0,1,16538,6.55,18460,219,55,21.9,1653.8
0,12,3,1,2,6,6,0,0,1,0,14996,6.89,15277,183,47,-1255,-648,18.3,1499.6,21,1,0,6,2,2,1,0,0,1,15953,7.26,20431,254,63,25.4,1595.3
0,20,0,0,0,7,3,1,0,0,0,16411,7.3,15411,193,42,-2801,-3424,19.3,1641.1,29,3,1,7,0,4,1,1,0,0,16947,7.15,17377,229,71,22.9,1694.7
1,20,4,1,9,9,7,0,0,1,1,15267,7.07,16217,232,50,-2754,-833,23.2,1526.7,15,3,0,9,9,12,1,1,0,0,15966,7.04,18400,210,47,21.0,1596.6
0,18,1,0,4,8,3,1,0,0,1,15316,7.12,15842,193,50,-1520,-1547,19.3,1531.6,24,2,1,8,4,12,0,1,0,0,16825,7.37,23514,248,74,24.8,1682.5
0,18,0,1,3,8,0,0,1,0,0,13422,6.12,15358,200,42,-3049,-1416,20.0,1342.2,21,4,0,8,3,11,1,1,0,2,20340,7.46,22017,285,53,28.5,2034.0
1,15,1,0,0,7,2,0,0,0,1,13818,6.85,15935,211,60,-1706,-1450,21.1,1381.8,24,0,1,7,0,8,1,0,1,1,17004,7.14,18966,223,56,22.3,1700.4
0,19,2,0,7,5,2,0,0,0,1,15434,7.17,16721,205,65,-2426,-2093,20.5,1543.4,24,1,1,5,7,8,2,1,0,2,17969,6.79,18565,247,53,24.7,1796.9
1,34,1,0,10,5,5,1,1,0,1,18760,7.25,19448,224,55,1778,812,22.4,1876.0,21,4,1,5,10,6,0,0,0,0,16183,7.76,15445,235,59,23.5,1618.3
0,27,3,1,4,4,6,1,0,0,0,17096,7.0,15893,197,43,212,972,19.7,1709.6,11,1,0,4,4,3,0,0,1,0,16093,7.21,15668,216,53,21.6,1609.3
0,17,2,0,3,9,6,1,1,0,0,12601,6.61,15727,198,45,-1003,-726,19.8,1260.1,21,3,1,9,3,7,1,0,0,1,18088,6.71,19006,243,77,24.3,1808.8
0,17,0,0,6,6,2,0,0,0,1,15930,6.54,18222,210,44,-659,967,21.0,1593.0,36,0,1,6,6,9,1,1,0,1,17962,7.19,18180,184,80,18.4,1796.2
0,2,0,1,0,10,4,0,0,0,0,13609,6.32,14172,234,38,-2638,-3840,23.4,1360.9,13,1,0,10,0,12,2,1,0,1,19589,6.55,20034,242,57,24.2,1958.9
0,24,2,1,6,6,2,0,0,0,1,15798,6.55,18882,197,38,-1666,556,19.7,1579.8,16,3,0,6,6,7,1,0,1,1,17019,7.3,21085,235,63,23.5,1701.9
0,25,3,1,9,5,6,1,1,0,1,16382,6.76,20110,170,62,1802,-63,17.0,1638.2,24,4,0,5,9,4,0,0,0,1,17002,6.35,17436,229,44,22.9,1700.2
1,19,2,1,9,2,8,0,0,0,0,15793,7.31,17253,262,46,1332,2408,26.2,1579.3,22,0,0,2,9,7,0,0,0,0,15018,6.5,19478,221,47,22.1,1501.8
0,11,2,0,1,10,4,0,1,1,0,14542,6.58,16030,221,39,-1054,-587,22.1,1454.2,23,3,1,10,1,6,0,1,0,0,18563,6.97,19264,264,65,26.4,1856.3
1,16,2,1,6,4,10,1,1,0,1,16820,7.37,19337,233,77,746,1174,23.3,1682.0,7,3,0,4,6,5,1,1,0,0,13779,6.93,14422,202,44,20.2,1377.9
0,19,2,0,2,5,3,0,1,1,1,15341,6.55,17592,195,31,-1946,-2575,19.5,1534.1,31,1,1,5,2,14,0,1,1,1,18149,6.93,20791,256,57,25.6,1814.9
1,17,2,0,3,5,3,0,0,0,0,14794,7.33,16489,177,35,-2385,-2684,17.7,1479.4,22,4,1,5,3,9,1,1,2,1,16730,7.07,18011,223,81,22.3,1673.0
1,25,2,1,7,7,1,1,0,0,1,18389,7.01,18806,258,75,604,-752,25.8,1838.9,20,4,0,7,7,5,0,0,0,0,13151,6.51,15028,184,44,18.4,1315.1
0,24,4,1,9,2,10,3,0,0,1,18428,7.53,19984,234,64,5409,2095,23.4,1842.8,12,2,0,2,9,0,0,0,0,1,16795,6.75,17287,199,51,19.9,1679.5
0,26,2,0,3,5,12,1,0,0,2,16514,6.79,18741,211,46,2478,929,21.1,1651.4,23,1,1,5,3,6,1,0,1,1,15588,6.68,16419,246,62,24.6,1558.8
0,22,3,0,8,6,5,0,0,0,0,16009,6.77,17487,263,44,-1624,-674,26.3,1600.9,18,1,1,6,8,4,1,1,1,0,17137,7.4,18342,234,54,23.4,1713.7
0,20,2,0,3,12,3,0,1,0,0,12451,6.33,14678,193,69,-4127,-4089,19.3,1245.1,20,4,1,12,3,7,2,1,1,2,19506,7.17,21181,247,80,24.7,1950.6
0,6,5,0,3,14,0,0,0,0,0,14360,6.48,14641,211,51,-5399,-3927,21.1,1436.0,29,5,1,14,3,9,1,1,0,1,17220,7.77,18389,248,52,24.8,1722.0
0,14,2,1,7,7,9,0,0,0,1,14487,6.9,17611,262,59,-477,-1385,26.2,1448.7,23,0,0,7,7,5,0,0,0,0,18192,6.45,18779,250,45,25.0,1819.2
1,17,2,0,5,7,7,0,0,0,1,15632,6.54,16766,218,61,-1991,-922,21.8,1563.2,21,3,1,7,5,5,0,0,0,1,15648,6.45,20042,205,79,20.5,1564.8
0,23,0,0,2,7,3,0,0,0,0,14492,6.92,17888,204,45,-2018,-426,20.4,1449.2,26,1,1,7,2,8,0,0,0,1,19882,6.87,20407,228,65,22.8,1988.2
0,30,0,0,4,2,5,1,0,1,1,16258,7.09,18505,209,57,-1374,527,20.9,1625.8,30,0,1,2,4,6,1,1,0,0,17880,6.45,16137,183,42,18.3,1788.0
1,19,1,1,10,7,8,0,1,1,2,17161,7.29,17665,219,60,1207,879,21.9,1716.1,21,0,0,7,10,7,1,1,1,0,14752,5.98,17960,234,52,23.4,1475.2
1,19,3,1,8,5,8,1,0,0,0,15723,7.14,21257,253,55,1050,1899,25.3,1572.3,13,2,0,5,8,6,1,0,1,0,14489,6.76,15784,227,45,22.7,1448.9
0,10,3,1,3,8,3,1,1,0,0,17170,7.41,15294,213,57,1118,992,21.3,1717.0,23,0,0,8,3,9,2,0,1,1,17624,7.13,16731,209,64,20.9,1762.4
1,27,3,0,9,7,5,1,1,0,0,18420,7.16,18626,250,78,3114,2642,25.0,1842.0,18,2,1,7,9,3,0,0,1,1,15426,6.54,16354,240,47,24.0,1542.6
0,17,2,1,1,3,7,0,1,1,1,17031,6.39,17565,213,44,2243,-714,21.3,1703.1,22,1,0,3,1,7,2,0,0,1,17169,6.83,17687,223,66,22.3,1716.9
0,35,1,0,6,5,4,0,0,0,0,16922,6.92,17257,230,49,158,1092,23.0,1692.2,18,0,1,5,6,2,0,1,0,1,17880,7.18,18992,220,59,22.0,1788.0
1,18,1,0,9,5,8,1,1,0,1,17708,6.39,19626,255,55,2075,-164,25.5,1770.8,25,2,1,5,9,4,1,0,0,1,16684,6.82,14445,211,58,21.1,1668.4
0,29,1,1,3,8,6,1,1,0,0,15306,6.74,17052,203,57,-2829,-2527,20.3,1530.6,27,1,0,8,3,7,1,0,0,1,17202,7.67,17043,249,75,24.9,1720.2
1,29,1,1,10,3,9,1,0,1,2,22078,7.7,21624,290,83,5160,4727,29.0,2207.8,13,2,0,3,10,0,0,0,0,0,13535,6.53,11765,212,35,21.2,1353.5
1,16,4,1,8,5,4,0,0,0,0,14926,6.27,16535,249,42,145,314,24.9,1492.6,12,2,0,5,8,4,0,0,0,2,14280,6.7,17264,216,50,21.6,1428.0
1,22,5,1,7,10,11,0,0,1,2,18778,6.31,19243,221,54,926,213,22.1,1877.8,23,0,0,10,7,4,0,1,0,0,17496,6.13,16750,203,38,20.3,1749.6
1,25,0,1,3,5,6,1,1,0,1,19891,6.67,17462,214,51,946,-23,21.4,1989.1,20,3,0,5,3,6,1,1,0,0,19361,7.2,18099,166,32,16.6,1936.1
1,23,3,1,13,5,12,2,1,0,0,20179,7.34,19935,196,71,3245,3549,19.6,2017.9,11,0,0,5,13,2,0,0,0,1,12602,5.99,13200,197,41,19.7,1260.2
1,26,3,1,6,0,14,2,1,1,0,17354,6.64,19110,248,60,65,2559,24.8,1735.4,17,4,0,0,6,4,1,0,1,1,15336,6.73,15067,224,54,22.4,1533.6
0,21,2,0,0,11,3,1,0,1,0,14269,6.94,12401,214,54,-1818,-3295,21.4,1426.9,20,4,1,11,0,7,1,2,1,0,16632,6.49,16676,226,40,22.6,1663.2
1,26,2,0,12,3,7,1,0,0,1,19709,6.85,18967,233,82,3300,1178,23.3,1970.9,21,0,1,3,12,6,0,0,0,0,13794,6.08,14501,199,62,19.9,1379.4
1,19,3,1,8,2,6,0,1,0,0,16974,7.11,14403,170,32,-259,2322,17.0,1697.4,15,2,0,2,8,13,1,1,0,0,15230,6.9,16450,221,42,22.1,1523.0
1,14,3,1,5,6,6,0,1,0,0,17106,6.21,17416,188,35,205,888,18.8,1710.6,25,1,0,6,5,6,2,1,0,1,15643,7.3,20188,233,55,23.3,1564.3
0,17,3,1,0,6,4,0,0,0,0,13496,7.06,13219,175,47,-1573,-2456,17.5,1349.6,29,4,0,6,0,8,1,0,0,1,19255,7.29,18507,234,73,23.4,1925.5
1,22,1,1,5,4,9,1,1,0,1,19015,7.31,19671,234,62,916,1641,23.4,1901.5,16,0,0,4,5,6,0,0,0,0,17999,6.02,18217,236,50,23.6,1799.9
0,9,0,0,4,8,7,0,0,0,0,16384,6.15,15934,206,42,375,314,20.6,1638.4,21,4,1,8,4,4,0,1,0,0,18964,7.01,18189,212,67,21.2,1896.4
1,21,3,1,9,6,1,0,0,0,0,17198,6.96,16713,234,56,278,811,23.4,1719.8,19,3,0,6,9,3,1,0,0,1,17462,7.15,17743,206,65,20.6,1746.2
0,19,0,0,8,7,8,0,1,0,0,17389,7.02,19918,193,56,262,286,19.3,1738.9,18,5,1,7,8,8,1,0,0,1,16505,6.9,18479,231,50,23.1,1650.5
1,17,5,0,11,2,11,2,0,0,1,19081,7.9,19722,240,53,3440,2599,24.0,1908.1,23,2,1,2,11,4,1,1,0,0,14488,6.26,15216,237,52,23.7,1448.8
1,22,0,1,12,7,9,1,2,1,0,19746,6.87,21131,250,70,3370,3790,25.0,1974.6,15,0,0,7,12,2,0,0,0,0,13341,6.44,13982,180,41,18.0,1334.1
0,19,1,0,6,6,8,0,0,1,0,15957,7.5,16047,250,62,149,1007,25.0,1595.7,19,4,1,6,6,6,1,0,0,2,16719,6.98,18801,207,40,20.7,1671.9
1,30,1,0,4,6,4,1,1,0,1,16357,6.83,16208,217,56,233,-176,21.7,1635.7,18,4,1,6,4,5,1,1,0,1,15454,7.16,17143,212,54,21.2,1545.4
1,20,1,0,2,8,3,1,1,0,0,16712,7.6,16788,221,38,-2048,-1297,22.1,1671.2,14,1,1,8,2,8,1,2,0,1,16463,6.52,17987,227,61,22.7,1646.3
1,27,3,1,9,4,11,1,0,0,1,18166,7.75,18052,204,52,2988,1570,20.4,1816.6,21,1,0,4,9,3,0,0,0,0,16272,6.44,16367,182,51,18.2,1627.2
0,19,2,0,7,3,6,0,0,0,2,16258,5.64,16242,195,58,-1312,-946,19.5,1625.8,30,2,1,3,7,6,1,1,1,1,15666,7.32,16500,188,45,18.8,1566.6
0,10,3,0,4,8,9,0,0,1,1,15670,7.03,16697,218,70,-1504,-261,21.8,1567.0,23,4,1,8,4,14,1,0,0,0,16108,7.14,18599,205,35,20.5,1610.8
1,25,4,0,11,7,6,1,1,0,1,15694,7.08,17730,255,65,1350,-575,25.5,1569.4,14,1,1,7,11,5,0,1,0,1,13214,6.73,17568,221,39,22.1,1321.4
0,16,1,0,4,11,6,1,1,1,0,17307,7.08,14654,199,49,-827,-570,19.9,1730.7,21,1,1,11,4,6,0,1,0,0,16366,7.39,17977,211,68,21.1,1636.6
1,18,5,0,6,8,7,1,0,1,1,15477,7.09,17903,205,57,-169,398,20.5,1547.7,23,1,1,8,6,8,0,0,1,1,16832,6.58,15187,211,41,21.1,1683.2
0,12,3,0,2,9,4,0,1,0,0,15363,6.61,15267,166,43,-2531,-3565,16.6,1536.3,28,4,1,9,2,6,0,1,0,3,16263,7.33,19800,188,61,18.8,1626.3
1,22,2,1,10,5,9,1,2,1,1,17520,7.33,17617,189,63,870,2414,18.9,1752.0,18,0,0,5,10,1,1,0,1,1,16565,6.39,16801,216,52,21.6,1656.5
1,29,3,0,11,6,11,1,0,0,0,19762,7.03,22160,194,71,4901,2550,19.4,1976.2,18,1,1,6,11,0,0,1,0,1,13489,6.73,16256,137,53,13.7,1348.9
1,26,2,1,7,4,7,1,1,0,1,17268,6.43,19295,245,43,1042,1015,24.5,1726.8,11,1,0,4,7,9,0,0,0,1,15040,6.82,17229,227,39,22.7,1504.0
1,31,3,0,9,0,4,1,1,0,0,18104,7.49,18746,230,76,3051,4607,23.0,1810.4,13,4,1,0,9,2,0,0,0,0,14665,6.42,14961,258,41,25.8,1466.5
0,27,0,1,2,13,6,1,0,1,0,14161,6.79,15980,215,67,-3274,-892,21.5,1416.1,26,0,0,13,2,8,0,0,0,2,17763,6.8,19556,234,52,23.4,1776.3
1,10,1,0,2,3,1,0,0,0,2,18409,7.38,14756,213,44,-939,-482,21.3,1840.9,17,0,1,3,2,5,0,0,0,0,16356,7.22,14938,210,52,21.0,1635.6
0,12,0,0,3,5,1,0,0,0,0,16095,6.87,14962,221,42,-2524,-446,22.1,1609.5,16,0,1,5,3,11,2,1,1,0,17553,6.75,17906,250,64,25.0,1755.3
0,11,1,0,5,7,4,0,0,0,0,16758,6.68,17515,229,61,-995,1499,22.9,1675.8,20,3,1,7,5,5,1,0,0,0,16401,7.06,17914,233,58,23.3,1640.1
1,25,4,1,9,5,10,1,1,1,0,18512,7.2,20406,226,56,1262,2200,22.6,1851.2,17,0,0,5,9,2,0,1,1,0,15271,6.05,16932,187,56,18.7,1527.1
0,17,2,0,6,7,6,1,0,0,0,17174,7.4,16630,194,44,1120,1058,19.4,1717.4,22,5,1,7,6,7,2,0,1,0,16918,6.44,16889,190,65,19.0,1691.8
0,15,1,1,2,11,8,1,1,0,0,13173,6.62,15129,231,31,-4352,-2039,23.1,1317.3,24,3,0,11,2,7,1,1,1,1,18733,6.88,20662,220,64,22.0,1873.3
0,16,2,1,0,9,0,0,0,0,0,15396,5.84,15745,178,46,-1902,-1298,17.8,1539.6,28,0,0,9,0,8,2,0,0,1,20033,7.1,19070,264,56,26.4,2003.3
0,19,0,0,4,9,0,0,0,0,0,14082,7.06,15946,189,34,-3094,-877,18.9,1408.2,16,2,1,9,4,9,0,0,0,1,18723,7.53,17093,234,60,23.4,1872.3
1,14,2,0,8,4,1,1,1,1,0,17829,6.65,16622,224,64,372,649,22.4,1782.9,24,1,1,4,8,5,0,0,0,1,14911,6.97,16059,207,48,20.7,1491.1
1,18,4,0,12,2,7,1,1,0,0,18641,7.21,18512,223,68,5613,3961,22.3,1864.1,17,0,1,2,12,2,0,0,0,0,13797,6.1,13303,200,20,20.0,1379.7
1,23,3,1,9,4,7,0,0,0,1,15932,6.88,22532,251,81,2500,3615,25.1,1593.2,23,3,0,4,9,0,0,0,0,0,13354,6.8,16783,198,28,19.8,1335.4
0,22,3,0,4,12,6,0,0,0,0,13313,6.49,12917,196,55,-3834,-3576,19.6,1331.3,28,2,1,12,4,7,0,1,0,2,20615,7.3,19316,253,62,25.3,2061.5
1,23,5,1,8,1,11,0,0,0,1,17931,7.12,21008,247,63,1573,2428,24.7,1793.1,19,3,0,1,8,1,0,0,0,0,13077,6.57,16033,200,33,20.0,1307.7
1,18,3,1,8,1,8,1,1,0,1,19511,7.36,19194,206,72,2238,2076,20.6,1951.1,21,0,0,1,8,5,0,0,0,0,15091,6.93,17197,174,45,17.4,1509.1
0,6,0,0,3,11,2,0,0,0,0,15257,6.82,15347,223,39,-3729,-1493,22.3,1525.7,28,3,1,11,3,11,2,0,0,2,18239,7.64,20193,250,82,25.0,1823.9
0,24,1,0,7,6,7,0,0,0,1,19676,6.27,17418,218,45,-1891,500,21.8,1967.6,16,3,1,6,7,7,1,0,0,0,15347,7.07,18412,222,32,22.2,1534.7
1,19,5,0,9,1,11,1,1,0,1,18161,6.4,21126,248,74,822,1830,24.8,1816.1,19,0,1,1,9,0,0,0,0,0,12280,6.79,16474,177,47,17.7,1228.0
0,15,3,1,8,1,5,2,1,0,0,17164,6.82,18300,239,78,399,1293,23.9,1716.4,15,2,0,1,8,6,1,0,0,0,15800,6.57,15802,239,67,23.9,1580.0
0,9,2,0,4,12,2,0,0,0,0,14518,6.89,16433,192,58,-1213,-2084,19.2,1451.8,20,3,1,12,4,12,1,0,0,1,21743,7.75,18933,228,60,22.8,2174.3
1,14,1,1,7,5,6,0,0,1,1,17390,7.18,20459,253,47,1743,702,25.3,1739.0,19,0,0,5,7,7,0,0,0,0,14256,7.07,19649,222,44,22.2,1425.6
0,11,1,0,3,12,0,1,0,0,0,13674,6.63,15972,185,29,-4602,-2967,18.5,1367.4,19,2,1,12,3,13,1,1,0,1,19902,6.8,19058,213,83,21.3,1990.2
0,18,3,1,2,7,9,1,0,1,0,15426,6.41,14979,219,61,132,-611,21.9,1542.6,25,1,0,7,2,4,1,1,0,1,18066,6.61,17708,240,66,24.0,1806.6
1,16,3,1,7,4,7,1,0,0,1,17878,6.75,16769,253,53,840,2463,25.3,1787.8,17,2,0,4,7,3,1,0,0,0,14029,6.13,15288,228,37,22.8,1402.9
1,21,1,0,10,6,5,0,1,0,0,15854,7.16,17805,172,47,-1593,-1187,17.2,1585.4,23,1,1,6,10,10,0,0,0,0,15102,7.07,16730,224,46,22.4,1510.2
0,18,1,1,3,7,9,0,1,1,1,15856,6.37,15780,224,50,491,-1562,22.4,1585.6,22,5,0,7,3,5,0,0,0,0,17533,7.27,18187,231,60,23.1,1753.3
1,33,4,1,8,2,6,0,0,1,2,19838,7.23,18874,246,54,3222,1360,24.6,1983.8,17,0,0,2,8,4,0,0,0,1,13637,6.61,19127,217,45,21.7,1363.7
1,13,3,0,11,0,11,0,1,0,1,19335,6.58,19202,220,80,1080,3296,22.0,1933.5,26,0,1,0,11,0,1,0,0,1,13994,6.74,19500,203,61,20.3,1399.4
1,23,3,1,9,8,4,0,0,0,0,22073,7.15,21453,244,80,1250,-456,24.4,2207.3,17,0,0,8,9,2,0,0,1,0,14855,6.24,15291,197,42,19.7,1485.5
0,23,3,1,6,4,9,0,0,1,1,17959,6.86,18163,269,77,1885,833,26.9,1795.9,22,1,0,4,6,1,0,0,1,0,15869,7.02,15747,234,52,23.4,1586.9
1,17,1,0,11,3,7,0,0,1,0,19641,7.38,18635,226,59,2250,153,22.6,1964.1,14,3,1,3,11,1,0,0,0,0,15116,6.9,16599,188,34,18.8,1511.6
1,22,3,1,7,3,4,1,1,0,2,17272,6.5,16945,236,77,948,2707,23.6,1727.2,16,3,0,3,7,5,0,1,0,0,17197,6.88,18234,218,59,21.8,1719.7
1,24,4,1,6,8,4,0,0,0,0,17585,7.28,17692,197,55,-267,29,19.7,1758.5,16,2,0,8,6,7,0,0,0,0,14808,7.33,16369,196,55,19.6,1480.8
1,21,2,0,2,6,7,1,1,0,1,16419,6.96,16125,235,63,1039,-875,23.5,1641.9,8,2,1,6,2,8,1,1,1,1,16151,7.73,17023,230,62,23.0,1615.1
1,26,3,0,5,5,3,1,0,0,1,18871,7.14,17832,229,62,-111,434,22.9,1887.1,13,2,1,5,5,5,1,1,0,0,16181,7.41,18209,215,44,21.5,1618.1
0,7,2,0,5,8,5,0,0,0,0,14791,6.32,15360,227,41,-2549,-917,22.7,1479.1,21,5,1,8,5,8,0,0,0,0,17504,7.14,18009,260,84,26.0,1750.4
1,14,3,1,3,9,2,1,0,0,0,14495,6.94,15818,175,58,-2589,-1693,17.5,1449.5,24,4,0,9,3,7,1,1,1,1,17046,7.4,17475,194,61,19.4,1704.6
1,27,2,0,3,6,1,1,0,1,1,16519,6.63,18128,228,51,-364,591,22.8,1651.9,17,0,1,6,3,10,1,0,0,0,15215,6.89,17970,237,46,23.7,1521.5
0,25,3,1,5,7,9,1,0,0,1,16343,7.46,17773,248,62,-585,1397,24.8,1634.3,18,3,0,7,5,9,1,0,1,1,14864,7.03,16616,181,70,18.1,1486.4
1,26,1,1,8,8,10,2,1,1,0,21089,6.69,20397,248,56,3249,3207,24.8,2108.9,19,1,0,8,8,5,0,0,0,0,15220,6.65,15987,217,38,21.7,1522.0
0,26,2,0,5,5,1,0,0,0,0,16937,6.32,16537,220,60,929,-1245,22.0,1693.7,12,0,1,5,5,6,0,0,0,1,17512,6.49,14999,232,40,23.2,1751.2
1,12,4,1,7,3,10,2,0,0,1,20481,7.12,19788,192,68,3270,1042,19.2,2048.1,17,1,0,3,7,4,1,0,0,0,15581,6.42,16361,203,37,20.3,1558.1
1,26,3,1,12,2,8,2,0,0,1,18381,7.22,17464,214,69,1173,1512,21.4,1838.1,20,3,0,2,12,4,0,0,1,0,16278,6.49,16260,163,56,16.3,1627.8
0,25,4,1,6,6,4,1,0,0,0,16550,6.91,18305,201,75,-1029,-1057,20.1,1655.0,26,3,0,6,6,4,0,0,1,0,16600,7.03,18449,209,51,20.9,1660.0
1,18,2,1,3,0,6,0,2,0,1,17746,7.26,17357,251,73,1285,1098,25.1,1774.6,9,0,0,0,3,5,1,0,0,0,15524,6.56,14695,230,45,23.0,1552.4
1,33,1,0,6,9,9,0,0,0,0,16568,6.35,15689,184,47,779,-1620,18.4,1656.8,20,4,1,9,6,2,0,0,0,0,15263,6.57,16681,189,76,18.9,1526.3
1,24,0,1,9,0,9,1,0,0,1,19237,7.83,19403,282,55,2270,2863,28.2,1923.7,15,2,0,0,9,3,0,0,0,1,12898,6.69,18250,215,43,21.5,1289.8
1,10,2,1,10,3,11,0,1,1,1,18079,7.02,20409,217,70,843,2133,21.7,1807.9,18,3,0,3,10,4,1,0,0,1,15231,7.05,17196,189,69,18.9,1523.1
0,20,2,1,3,9,5,0,0,0,0,14026,6.87,15950,212,63,-4097,-3250,21.2,1402.6,15,0,0,9,3,6,1,0,0,3,20289,7.62,19103,237,75,23.7,2028.9
0,17,3,0,6,9,7,1,0,1,0,16873,6.96,17732,230,34,899,2879,23.0,1687.3,17,0,1,9,6,5,1,0,0,0,15309,6.75,17307,253,39,25.3,1530.9
1,29,1,0,14,0,7,0,2,1,1,18571,7.65,17858,223,69,1812,2897,22.3,1857.1,27,2,1,0,14,7,0,0,0,0,15847,6.49,16550,186,51,18.6,1584.7
1,22,4,1,3,6,6,1,0,1,1,15753,8.13,20624,211,35,-305,429,21.1,1575.3,26,2,0,6,3,4,1,0,1,0,15111,7.2,19981,229,46,22.9,1511.1
1,18,1,0,9,6,9,1,0,0,0,15333,6.66,16462,189,63,270,1779,18.9,1533.3,27,3,1,6,9,6,0,0,0,1,13949,6.69,16331,216,62,21.6,1394.9
1,29,2,0,7,3,7,0,1,0,1,15736,7.07,18552,248,68,2015,1099,24.8,1573.6,21,2,1,3,7,7,0,1,0,1,15230,6.69,15956,208,47,20.8,1523.0
0,23,1,0,3,8,9,0,0,0,0,14716,6.57,16531,222,50,-2231,-1985,22.2,1471.6,20,4,1,8,3,3,1,1,0,2,17512,7.56,19630,248,67,24.8,1751.2
0,17,3,1,6,1,10,1,0,1,1,16925,7.48,17965,213,58,979,532,21.3,1692.5,12,0,0,1,6,7,1,0,1,1,15581,7.25,15681,226,47,22.6,1558.1
0,16,1,0,6,8,0,0,0,0,0,16338,6.79,16377,221,44,-2528,-1117,22.1,1633.8,23,2,1,8,6,7,1,0,0,1,19039,6.71,20414,250,68,25.0,1903.9
0,21,3,0,6,10,4,0,0,0,0,15012,7.1,17715,212,58,-1610,-634,21.2,1501.2,25,2,1,10,6,5,1,1,0,1,17854,7.5,19792,228,80,22.8,1785.4
1,20,5,1,10,5,10,0,1,0,1,16284,7.02,16442,194,67,3375,3,19.4,1628.4,34,3,0,5,10,5,1,0,0,1,12318,6.55,14776,206,40,20.6,1231.8
0,19,3,0,9,4,3,2,0,0,1,15542,7.26,20119,247,67,4854,1462,24.7,1554.2,19,1,1,4,9,6,0,0,0,1,15586,6.56,15806,179,43,17.9,1558.6
0,20,1,0,6,4,5,0,0,0,1,16016,6.51,16069,221,58,-1436,-1288,22.1,1601.6,28,2,1,4,6,10,0,0,0,0,18974,6.57,17455,234,47,23.4,1897.4
1,16,3,1,5,5,5,0,0,0,1,18138,6.82,17504,243,46,517,193,24.3,1813.8,14,3,0,5,5,3,1,1,0,1,15866,6.84,19491,260,48,26.0,1586.6
1,9,5,0,2,3,6,0,1,0,0,17650,7.28,16378,222,36,-748,251,22.2,1765.0,22,0,1,3,2,3,0,0,1,0,15317,6.88,18068,231,53,23.1,1531.7
1,21,3,1,9,6,4,0,1,0,2,16364,7.23,16017,213,46,281,1925,21.3,1636.4,16,1,0,6,9,5,0,0,0,0,17272,7.15,18557,238,53,23.8,1727.2
1,11,4,0,8,4,10,0,0,0,0,19837,7.43,19995,225,57,1383,3456,22.5,1983.7,20,1,1,4,8,7,0,0,0,0,15433,5.73,16032,208,34,20.8,1543.3
0,14,0,0,5,7,3,0,0,0,0,14917,6.42,16146,187,66,-504,-1691,18.7,1491.7,29,2,1,7,5,7,0,0,0,2,17549,7.22,15445,228,48,22.8,1754.9
1,11,3,0,10,6,8,1,0,1,1,15166,7.17,18649,230,64,-1147,781,23.0,1516.6,28,0,1,6,10,0,1,1,0,0,17117,6.31,16914,230,66,23.0,1711.7
0,11,1,1,3,8,2,1,0,0,1,15611,6.48,18246,221,72,292,192,22.1,1561.1,26,1,0,8,3,6,0,0,1,0,16075,7.29,17208,209,65,20.9,1607.5
0,19,0,0,0,7,2,0,0,0,0,12936,6.52,17379,199,52,-4615,-3320,19.9,1293.6,17,5,1,7,0,8,0,1,1,0,19182,6.97,19732,250,60,25.0,1918.2
0,17,2,1,0,10,1,1,0,0,0,14773,6.96,14620,194,61,-1091,-314,19.4,1477.3,24,2,0,10,0,6,0,1,1,0,18730,7.53,16629,227,71,22.7,1873.0
1,22,3,1,8,5,12,0,0,1,2,18429,7.42,18763,213,46,2166,941,21.3,1842.9,24,0,0,5,8,4,0,0,0,0,13890,6.38,15880,192,40,19.2,1389.0
1,14,1,1,7,10,5,0,0,0,0,19018,7.42,18585,242,43,-521,2589,24.2,1901.8,15,2,0,10,7,6,1,0,0,2,16482,7.51,18614,216,45,21.6,1648.2
0,14,2,1,6,10,3,1,0,0,0,13470,6.03,17090,170,61,-2138,-3367,17.0,1347.0,22,2,0,10,6,9,0,1,0,1,18241,7.03,19005,248,67,24.8,1824.1
0,19,1,0,4,13,4,0,0,0,0,16822,6.36,14255,218,48,-3342,-2452,21.8,1682.2,28,3,1,13,4,8,1,0,1,1,19937,7.46,19894,240,57,24.0,1993.7
0,20,3,1,0,8,4,1,1,0,2,16797,6.41,15912,177,53,1111,719,17.7,1679.7,4,4,0,8,0,5,1,0,0,0,15448,6.89,15906,223,53,22.3,1544.8
1,27,3,1,16,3,6,2,1,1,2,21041,7.15,20370,227,46,3353,3381,22.7,2104.1,14,3,0,3,16,0,0,0,0,0,13907,6.34,15435,239,44,23.9,1390.7
0,24,2,1,5,4,6,0,1,0,0,17331,6.85,17322,229,61,-643,-495,22.9,1733.1,31,3,0,4,5,7,0,0,0,1,15039,7.07,18519,243,37,24.3,1503.9
1,21,4,1,12,5,4,1,0,1,2,17705,7.24,18279,254,61,1935,2733,25.4,1770.5,30,1,0,5,12,6,1,0,0,0,12822,6.72,16246,197,51,19.7,1282.2
1,11,3,0,8,6,10,0,0,0,1,16640,7.29,16055,218,36,544,728,21.8,1664.0,27,5,1,6,8,6,1,0,0,1,15220,6.81,19277,202,59,20.2,1522.0
1,17,2,1,7,9,7,2,0,0,1,17016,7.35,16752,240,65,2619,2256,24.0,1701.6,7,2,0,9,7,4,0,0,1,1,15702,6.76,18556,235,55,23.5,1570.2
0,17,0,1,3,11,0,0,0,0,1,14236,6.39,16525,180,46,-3972,-2185,18.0,1423.6,28,3,0,11,3,8,2,1,1,1,17451,7.12,20073,256,65,25.6,1745.1
1,18,3,1,6,6,7,1,1,0,1,19765,7.29,20143,215,58,511,1532,21.5,1976.5,24,2,0,6,6,3,1,1,0,1,15632,6.89,16516,221,46,22.1,1563.2
1,14,0,0,2,5,7,1,1,1,2,15628,7.4,18415,225,61,706,47,22.5,1562.8,19,3,1,5,2,8,0,0,0,1,18090,7.07,17030,253,48,25.3,1809.0
0,22,2,1,8,5,6,1,1,0,2,15488,7.68,17355,222,53,503,711,22.2,1548.8,31,1,0,5,8,5,0,0,0,1,14971,7.15,15312,222,44,22.2,1497.1
0,31,2,1,1,4,0,1,0,1,2,15099,6.71,17867,196,37,-1201,-615,19.6,1509.9,15,2,0,4,1,9,1,0,1,1,17577,7.52,17276,227,67,22.7,1757.7
0,18,4,0,10,7,6,0,0,0,0,16492,7.14,19394,217,50,997,119,21.7,1649.2,25,1,1,7,10,8,0,0,1,1,16930,7.4,16378,231,53,23.1,1693.0
0,21,5,1,7,8,9,2,0,0,1,16719,6.98,18444,217,66,306,-681,21.7,1671.9,16,0,0,8,7,5,0,0,0,0,15509,6.72,17152,214,54,21.4,1550.9
1,13,1,1,10,9,6,1,0,0,1,16387,6.05,17468,213,44,407,-412,21.3,1638.7,26,0,0,9,10,5,1,0,0,1,17186,6.66,16313,242,42,24.2,1718.6
1,27,0,0,6,4,8,1,0,0,0,17407,6.56,18806,255,59,-1083,850,25.5,1740.7,26,1,1,4,6,0,1,0,0,0,16266,6.27,16374,241,32,24.1,1626.6
0,24,2,1,4,3,8,1,0,0,0,17977,6.66,15124,240,64,-130,-534,24.0,1797.7,23,4,0,3,4,8,1,0,0,0,15654,6.88,17627,226,59,22.6,1565.4
0,23,2,1,6,6,9,1,1,1,0,16264,6.58,14342,230,52,470,-1999,23.0,1626.4,11,1,0,6,6,5,1,1,0,2,16949,7.32,19319,252,61,25.2,1694.9
1,30,1,1,9,2,2,1,0,0,2,16211,7.17,19477,240,59,3027,3556,24.0,1621.1,15,4,0,2,9,2,0,0,1,0,14434,6.23,14149,248,43,24.8,1443.4
1,20,2,0,10,5,5,1,1,1,2,16636,6.9,18677,239,67,2555,459,23.9,1663.6,24,0,1,5,10,3,0,0,0,0,16895,6.47,16449,216,51,21.6,1689.5
0,17,3,1,7,3,5,1,0,0,1,15033,6.69,12662,191,50,894,-1437,19.1,1503.3,18,4,0,3,7,1,0,0,0,1,18181,7.23,16384,246,64,24.6,1818.1
1,30,0,1,10,5,8,1,0,0,1,18130,6.96,18508,265,56,894,-226,26.5,1813.0,13,2,0,5,10,7,1,0,0,1,16226,7.44,15925,216,47,21.6,1622.6
1,22,0,1,7,5,1,1,0,0,0,15878,6.46,17785,196,44,-2494,-2429,19.6,1587.8,23,1,0,5,7,10,1,0,0,0,16545,6.65,18349,214,37,21.4,1654.5
0,7,0,1,5,12,2,0,0,0,2,13594,6.38,17707,234,49,-4172,-1416,23.4,1359.4,21,1,0,12,5,9,0,1,0,1,17643,6.91,17599,270,58,27.0,1764.3
0,24,2,1,7,0,12,1,0,0,1,18729,6.92,19266,229,69,1981,1650,22.9,1872.9,13,2,0,0,7,1,0,1,0,0,15551,6.72,14179,217,57,21.7,1555.1
0,14,2,1,5,12,2,0,0,0,1,14844,6.87,14598,226,40,-4142,-4148,22.6,1484.4,19,3,0,12,5,9,1,0,0,1,20420,7.95,19928,234,52,23.4,2042.0
1,26,2,1,10,4,8,1,0,0,1,19114,7.32,20271,221,59,2423,195,22.1,1911.4,19,4,0,4,10,5,1,1,0,1,14484,6.17,14131,222,54,22.2,1448.4
0,22,2,1,4,2,10,0,1,0,1,15575,6.69,18712,231,62,517,161,23.1,1557.5,24,4,0,2,4,5,1,1,1,1,16731,6.92,17522,235,61,23.5,1673.1
0,11,5,0,4,10,6,0,0,0,0,17070,7.11,17460,246,53,-781,-575,24.6,1707.0,14,3,1,10,4,11,2,1,0,0,17139,6.34,16120,226,55,22.6,1713.9
0,22,1,0,7,8,9,1,1,0,1,17403,6.84,18946,253,56,-720,1827,25.3,1740.3,23,2,1,8,7,5,1,1,1,0,15703,6.77,17218,210,60,21.0,1570.3
0,22,1,1,10,7,9,1,1,1,0,15487,6.96,19197,232,45,1794,1229,23.2,1548.7,16,2,0,7,10,8,1,1,0,1,15713,6.0,16323,187,42,18.7,1571.3
0,20,3,1,4,8,4,1,0,0,0,16357,6.6,19165,210,51,-1800,-2127,21.0,1635.7,28,0,0,8,4,5,1,0,1,0,19523,7.37,18667,222,55,22.2,1952.3
1,24,4,0,8,3,6,1,0,0,0,17591,7.48,14123,239,64,2017,2400,23.9,1759.1,23,0,1,3,8,7,0,0,0,1,16557,6.28,17547,231,60,23.1,1655.7
1,28,3,0,6,6,9,0,1,0,1,17427,7.02,18754,244,53,252,134,24.4,1742.7,21,3,1,6,6,7,0,0,0,1,17174,6.85,17761,243,53,24.3,1717.4
0,20,4,0,2,10,3,0,0,1,0,12101,6.44,15613,221,49,-1938,-460,22.1,1210.1,23,5,1,10,2,7,1,1,0,0,17223,7.72,17514,233,67,23.3,1722.3
0,20,2,1,3,5,3,0,0,0,1,16088,7.33,17358,225,50,149,-513,22.5,1608.8,30,2,0,5,3,7,1,0,0,0,16158,6.82,18994,254,57,25.4,1615.8
1,29,0,1,11,1,11,0,0,1,0,17690,7.18,20330,262,48,2333,1833,26.2,1769.0,19,0,0,1,11,5,0,0,0,0,14120,6.59,15779,208,31,20.8,1412.0
1,35,3,1,7,3,2,1,1,0,2,20278,6.95,19698,214,45,3594,3119,21.4,2027.8,20,4,0,3,7,0,0,0,0,0,14036,6.27,15392,196,36,19.6,1403.6
1,26,2,1,8,5,11,1,1,0,1,17195,6.84,18776,240,69,2751,2467,24.0,1719.5,30,3,0,5,8,0,0,0,1,0,16148,6.63,19765,221,56,22.1,1614.8
0,19,3,1,2,11,3,1,0,0,0,14899,6.05,15699,192,67,-3314,-2003,19.2,1489.9,24,2,0,11,2,5,1,0,0,2,19209,7.12,17143,237,66,23.7,1920.9
0,23,4,0,9,8,7,0,1,1,0,16947,6.77,18828,262,71,-175,1567,26.2,1694.7,21,4,1,8,9,4,0,0,0,1,15983,7.33,18574,225,67,22.5,1598.3
1,23,0,1,7,6,8,1,0,1,2,18162,6.96,19143,248,52,1393,1303,24.8,1816.2,16,0,0,6,7,4,0,0,0,0,13946,6.78,14521,212,41,21.2,1394.6
1,22,4,1,5,2,11,1,1,0,1,17558,6.69,17207,200,68,314,929,20.0,1755.8,10,1,0,2,5,4,1,1,0,2,13797,6.71,17096,271,56,27.1,1379.7
1,32,4,1,10,4,8,0,0,0,1,16955,6.84,19147,203,54,-121,1147,20.3,1695.5,18,0,0,4,10,1,1,0,0,0,14642,6.55,16266,196,39,19.6,1464.2
1,17,2,0,5,6,7,1,0,0,0,17616,6.62,18944,197,49,1533,145,19.7,1761.6,17,1,1,6,5,8,1,0,0,2,15457,7.46,17418,198,56,19.8,1545.7
0,26,2,0,6,8,3,1,0,0,0,16393,7.21,17752,230,68,339,-624,23.0,1639.3,20,3,1,8,6,8,1,0,0,0,16376,7.27,16751,236,53,23.6,1637.6
0,18,4,0,7,9,3,0,0,0,1,15135,6.18,18275,229,44,-1778,1399,22.9,1513.5,28,2,1,9,7,9,1,0,1,1,17314,7.19,18029,222,67,22.2,1731.4
0,9,0,0,0,10,4,0,0,0,0,13375,5.98,14891,159,41,-2141,-3038,15.9,1337.5,20,2,1,10,0,9,1,0,0,1,19607,7.21,21030,218,57,21.8,1960.7
1,20,3,1,7,4,7,1,0,0,0,17983,7.0,16675,212,54,2740,240,21.2,1798.3,10,4,0,4,7,9,0,0,0,1,16294,7.55,16600,225,32,22.5,1629.4
0,18,4,1,5,8,11,1,0,1,1,17185,6.38,17912,213,49,933,2022,21.3,1718.5,11,0,0,8,5,7,1,1,0,0,16235,7.49,17097,217,49,21.7,1623.5
1,24,2,0,8,6,5,0,1,0,0,15681,7.09,18173,233,74,2263,1152,23.3,1568.1,14,5,1,6,8,2,0,0,0,1,15464,6.69,19437,189,45,18.9,1546.4
0,18,2,0,3,10,0,0,0,0,1,14587,6.16,13901,198,61,-2318,-1878,19.8,1458.7,16,3,1,10,3,11,1,1,0,2,19789,7.77,20733,224,51,22.4,1978.9
1,16,2,1,9,3,8,0,1,0,1,19255,7.21,19251,232,43,1349,1612,23.2,1925.5,18,0,0,3,9,3,1,0,0,0,14912,6.6,16837,217,61,21.7,1491.2
1,31,2,1,9,6,10,2,1,1,1,18604,7.2,22767,222,72,2778,3238,22.2,1860.4,7,2,0,6,9,0,0,0,0,0,15637,6.41,14767,203,42,20.3,1563.7
0,26,1,1,9,6,3,1,0,0,2,16785,6.75,17541,193,54,50,70,19.3,1678.5,17,2,0,6,9,10,0,1,0,0,18067,6.41,16605,209,64,20.9,1806.7
0,28,3,1,9,6,5,0,0,0,0,15285,7.12,16614,204,47,464,855,20.4,1528.5,15,0,0,6,9,5,0,0,0,1,17924,6.81,16591,241,54,24.1,1792.4
1,22,1,1,7,6,8,0,0,0,1,16470,6.99,15174,222,53,549,-1314,22.2,1647.0,16,1,0,6,7,2,0,0,0,0,17187,6.55,19778,207,51,20.7,1718.7
1,24,1,0,9,1,7,0,1,0,0,19129,6.82,20648,246,69,4007,2802,24.6,1912.9,25,1,1,1,9,3,0,0,0,0,11092,6.23,14450,203,51,20.3,1109.2
0,21,2,0,4,5,1,0,0,0,0,15804,6.67,17404,174,50,-643,-1721,17.4,1580.4,25,3,1,5,4,9,1,1,0,0,18897,6.67,16555,244,52,24.4,1889.7
1,18,1,0,6,6,5,2,0,0,1,16158,6.86,17332,205,62,1127,473,20.5,1615.8,27,2,1,6,6,4,1,0,0,1,14804,7.0,16202,188,75,18.8,1480.4
0,19,0,0,8,5,3,0,0,0,1,17225,6.58,16279,218,57,-453,-403,21.8,1722.5,25,1,1,5,8,3,1,1,0,1,18496,6.81,19675,241,60,24.1,1849.6
1,18,2,1,5,7,7,1,1,0,0,14538,6.59,14532,241,37,-556,-323,24.1,1453.8,27,2,0,7,5,5,0,1,0,0,17178,6.84,19623,254,68,25.4,1717.8
1,13,3,0,9,3,5,0,0,0,0,16801,6.57,17778,200,53,-700,-241,20.0,1680.1,16,3,1,3,9,8,1,1,0,0,17574,6.65,14719,199,38,19.9,1757.4
1,23,3,1,9,0,13,1,1,0,1,16600,7.31,17760,254,61,1047,1941,25.4,1660.0,15,2,0,0,9,6,0,0,0,1,11316,6.45,14768,222,57,22.2,1131.6
1,21,1,0,10,3,7,1,1,0,1,19188,7.12,20584,217,74,2587,2667,21.7,1918.8,19,2,1,3,10,9,0,0,0,1,14763,6.11,16263,209,31,20.9,1476.3
1,20,3,1,6,3,8,1,0,1,0,18433,7.64,18254,258,35,431,-1614,25.8,1843.3,17,2,0,3,6,0,0,0,1,0,13988,6.82,16699,205,50,20.5,1398.8
0,21,3,1,5,8,5,0,0,1,2,16380,7.4,16735,185,70,-1077,-467,18.5,1638.0,17,2,0,8,5,7,1,1,1,0,19138,6.83,19392,190,71,19.0,1913.8
1,31,7,1,13,1,11,2,1,1,1,18545,7.5,22257,212,70,4830,3001,21.2,1854.5,21,3,0,1,13,0,0,0,0,0,14607,6.2,13712,172,42,17.2,1460.7
0,15,4,1,3,7,0,1,0,0,0,18340,7.08,15470,211,56,1307,-811,21.1,1834.0,22,2,0,7,3,7,0,0,0,0,18207,6.93,19261,240,64,24.0,1820.7
1,17,0,1,7,6,2,0,1,1,1,16959,6.67,19110,184,33,-39,16,18.4,1695.9,24,5,0,6,7,3,0,0,1,1,19038,7.01,20257,230,33,23.0,1903.8
0,13,2,0,5,10,2,0,0,0,0,13621,6.3,15799,201,41,-3155,-2421,20.1,1362.1,15,1,1,10,5,11,1,1,1,1,19483,7.42,19702,258,44,25.8,1948.3
1,19,3,0,8,1,4,0,0,0,0,18588,7.25,19291,218,52,1782,1696,21.8,1858.8,12,0,1,1,8,3,0,1,0,0,14320,7.06,15121,198,40,19.8,1432.0
1,19,1,1,11,6,1,0,0,1,1,18064,6.81,18040,245,71,1995,1379,24.5,1806.4,17,4,0,6,11,5,2,0,1,0,15323,6.73,17123,208,49,20.8,1532.3
1,24,4,1,14,0,8,1,1,1,0,18031,7.2,21858,245,65,5546,4069,24.5,1803.1,13,0,0,0,14,0,0,0,0,0,13237,6.17,13932,199,29,19.9,1323.7
0,20,4,0,5,9,4,0,0,0,0,13683,7.25,15089,186,45,-628,-2763,18.6,1368.3,19,2,1,9,5,10,2,0,0,0,17974,7.51,18701,255,61,25.5,1797.4
1,25,5,1,8,4,10,1,0,1,2,18568,7.24,20974,244,57,1726,1457,24.4,1856.8,13,0,0,4,8,0,0,0,1,0,16176,6.77,14743,228,60,22.8,1617.6
0,15,1,1,6,4,3,1,1,0,0,18270,7.1,19377,203,45,1488,1465,20.3,1827.0,20,3,0,4,6,6,0,1,0,1,16288,6.66,18524,240,61,24.0,1628.8
1,28,2,0,8,0,7,1,0,1,0,16836,7.35,17460,228,67,1235,1313,22.8,1683.6,19,3,1,0,8,9,1,1,0,1,16328,6.02,17316,222,38,22.2,1632.8
0,21,2,0,7,7,4,0,0,0,0,13952,6.18,16001,187,35,-3184,-2154,18.7,1395.2,15,4,1,7,7,5,0,0,0,2,19626,7.49,19602,225,52,22.5,1962.6
1,18,0,1,9,5,12,1,1,1,2,19667,6.78,17489,252,66,2532,2975,25.2,1966.7,16,1,0,5,9,3,0,0,0,0,14351,6.07,15837,187,61,18.7,1435.1
1,28,0,0,7,4,11,1,0,0,1,18407,7.65,19933,204,54,2140,1280,20.4,1840.7,23,0,1,4,7,4,0,0,0,0,15497,6.63,15432,189,44,18.9,1549.7
0,22,2,0,3,7,8,0,1,0,0,18143,6.96,17969,187,59,-213,394,18.7,1814.3,21,0,1,7,3,6,1,1,0,2,16326,6.97,15235,239,43,23.9,1632.6
1,21,3,0,5,5,6,2,0,0,2,18291,7.06,18131,239,67,1982,635,23.9,1829.1,24,1,1,5,5,1,0,0,0,0,16082,6.23,17172,201,53,20.1,1608.2
0,20,0,0,3,12,4,0,0,1,0,15826,6.85,14004,183,51,-918,-726,18.3,1582.6,18,3,1,12,3,7,1,1,0,1,17082,6.77,19674,205,61,20.5,1708.2
0,19,2,0,6,3,5,0,0,0,0,16096,6.9,17541,216,61,-685,-2094,21.6,1609.6,20,2,1,3,6,8,0,1,0,0,16079,6.77,18223,240,59,24.0,1607.9
0,22,3,1,2,7,5,1,1,1,0,17425,7.14,16893,235,61,-598,-875,23.5,1742.5,13,3,0,7,2,8,1,0,1,1,17798,7.47,18257,162,53,16.2,1779.8
0,17,1,0,0,10,0,0,1,0,0,13158,6.74,13676,212,47,-3360,-3666,21.2,1315.8,23,3,1,10,0,7,1,0,1,1,17675,7.19,20377,253,73,25.3,1767.5
1,20,3,1,4,4,11,0,0,1,1,18625,7.11,18980,225,62,1101,2360,22.5,1862.5,16,3,0,4,4,1,0,0,0,0,14601,6.86,15156,198,56,19.8,1460.1
1,12,3,1,12,5,9,1,1,0,1,17650,7.2,20916,254,54,3695,-435,25.4,1765.0,16,0,0,5,12,4,0,0,0,1,14719,6.92,14645,169,40,16.9,1471.9
0,21,2,0,5,9,7,1,0,0,2,15086,7.2,18594,211,44,-1636,-1944,21.1,1508.6,16,2,1,9,5,8,0,0,1,0,17296,7.08,17602,266,48,26.6,1729.6
1,19,0,1,7,5,8,1,1,0,0,17265,6.45,17637,201,60,1503,108,20.1,1726.5,22,1,0,5,7,8,1,0,1,0,15907,6.2,15610,232,44,23.2,1590.7
0,23,1,0,3,3,4,0,0,1,0,16142,6.87,15622,256,46,1021,1258,25.6,1614.2,20,2,1,3,3,8,0,0,1,1,17153,7.05,19448,205,55,20.5,1715.3
1,23,2,1,9,11,3,2,0,1,0,16285,6.57,19247,210,52,792,986,21.0,1628.5,24,4,0,11,9,10,1,0,0,0,16415,6.77,17564,231,41,23.1,1641.5
0,17,0,1,8,7,7,1,0,0,0,15438,6.16,14885,218,58,-784,-1446,21.8,1543.8,14,0,0,7,8,6,0,0,1,0,17469,6.73,17676,208,46,20.8,1746.9
0,23,4,1,4,8,6,0,0,1,1,15207,6.42,15111,210,59,-2584,-415,21.0,1520.7,25,3,0,8,4,7,1,0,0,1,18567,7.47,21311,236,57,23.6,1856.7
1,23,3,0,7,6,9,1,1,0,2,18639,6.77,19824,205,33,665,423,20.5,1863.9,20,4,1,6,7,3,1,0,1,1,16056,6.32,15904,217,47,21.7,1605.6
1,21,0,1,7,5,11,2,0,0,2,16433,7.08,19004,237,54,-1514,-280,23.7,1643.3,11,3,0,5,7,4,1,0,1,1,15317,6.72,16801,239,53,23.9,1531.7
1,23,3,1,12,4,9,1,1,0,1,19834,6.73,21008,237,75,3833,3073,23.7,1983.4,22,3,0,4,12,5,0,1,0,0,12013,6.28,15011,210,44,21.0,1201.3
1,29,4,1,8,5,5,1,0,0,0,17006,7.33,17281,238,51,-659,524,23.8,1700.6,24,0,0,5,8,8,1,0,0,1,16031,6.8,17691,202,30,20.2,1603.1
0,15,1,0,5,12,5,0,0,0,0,14519,6.53,17170,188,56,-2186,-2432,18.8,1451.9,28,4,1,12,5,7,1,0,0,1,16786,7.74,20321,241,56,24.1,1678.6
1,21,4,1,11,4,7,0,1,0,1,18653,7.49,20612,218,68,2437,1037,21.8,1865.3,19,0,0,4,11,6,1,0,0,0,15085,6.25,17330,223,39,22.3,1508.5
0,15,4,0,6,3,7,1,0,0,2,14423,6.83,19000,235,58,1517,2480,23.5,1442.3,17,2,1,3,6,3,0,0,0,0,16789,6.29,17901,233,52,23.3,1678.9
1,25,4,1,10,9,10,1,0,0,1,19835,6.82,15736,250,54,856,1873,25.0,1983.5,21,0,0,9,10,3,1,0,0,0,16282,6.57,15458,228,59,22.8,1628.2
1,19,3,1,8,5,7,1,0,0,1,20774,7.06,18278,247,51,2514,657,24.7,2077.4,14,0,0,5,8,7,0,0,0,0,14273,6.81,17905,225,62,22.5,1427.3
0,16,4,0,0,6,3,1,0,1,0,15830,6.59,17910,176,36,-2145,-816,17.6,1583.0,28,0,1,6,0,9,0,1,0,0,17040,7.59,17575,197,40,19.7,1704.0
0,17,1,1,5,3,7,0,0,0,0,15582,6.74,16483,236,56,-1479,-1158,23.6,1558.2,16,2,0,3,5,9,0,0,1,1,15073,6.76,16040,201,60,20.1,1507.3
0,20,6,1,4,8,2,0,1,0,0,16854,6.57,18513,208,38,-530,2162,20.8,1685.4,23,1,0,8,4,7,2,0,1,1,16775,7.26,14474,232,71,23.2,1677.5
0,11,2,0,4,12,3,0,0,0,0,13118,6.54,16398,178,54,-852,-891,17.8,1311.8,20,4,1,12,4,9,0,1,0,1,19456,7.26,19740,242,75,24.2,1945.6
0,8,4,0,7,7,5,0,0,0,1,17774,6.92,17628,238,63,-1278,541,23.8,1777.4,17,3,1,7,7,9,1,1,0,1,16705,7.53,17875,228,60,22.8,1670.5
1,25,2,1,9,4,10,1,1,0,3,19007,7.39,20847,224,72,3392,1259,22.4,1900.7,20,2,0,4,9,2,1,0,0,0,14300,6.26,15326,209,55,20.9,1430.0
0,10,3,0,11,9,8,1,1,0,1,15995,7.38,17520,243,51,166,220,24.3,1599.5,26,3,1,9,11,6,0,0,0,1,16186,6.63,17122,185,52,18.5,1618.6
0,22,2,0,2,10,3,0,1,0,1,13194,6.6,16734,208,58,-1785,-1284,20.8,1319.4,19,3,1,10,2,13,1,1,1,1,16895,7.86,17778,251,72,25.1,1689.5
0,25,0,1,0,8,3,1,0,0,0,11451,6.73,15287,204,19,-1221,-2725,20.4,1145.1,26,6,0,8,0,10,1,0,0,1,14990,7.77,19431,236,54,23.6,1499.0
1,23,1,1,10,1,9,0,1,0,1,19375,7.81,20190,260,59,1707,2136,26.0,1937.5,23,1,0,1,10,0,0,0,0,1,13884,6.53,14727,175,35,17.5,1388.4
0,26,2,0,5,7,5,1,1,0,0,14489,6.61,18630,200,35,-527,-1174,20.0,1448.9,22,3,1,7,5,6,1,0,0,0,16614,7.27,16916,228,70,22.8,1661.4
0,19,3,1,2,9,8,0,1,0,1,15115,6.96,15574,234,54,-825,-1337,23.4,1511.5,26,4,0,9,2,6,1,0,0,0,18569,7.36,14092,237,87,23.7,1856.9
1,27,0,0,5,9,7,1,0,0,1,16072,6.58,17460,184,46,400,-192,18.4,1607.2,19,0,1,9,5,6,0,0,0,0,17698,7.4,16069,235,50,23.5,1769.8
0,15,1,0,1,10,6,0,0,0,1,13796,6.29,14224,206,36,-2647,-2679,20.6,1379.6,24,3,1,10,1,8,0,0,0,1,17863,7.55,20762,234,67,23.4,1786.3
1,11,5,0,8,4,7,2,1,0,1,16846,7.28,18875,269,47,3160,2954,26.9,1684.6,18,0,1,4,8,5,0,0,0,1,11786,6.49,15443,218,65,21.8,1178.6
0,19,0,1,8,8,8,1,0,0,0,16004,5.79,16410,234,55,-577,510,23.4,1600.4,27,2,0,8,8,4,0,0,0,1,18450,6.99,17155,196,62,19.6,1845.0
1,31,5,0,9,5,9,1,1,0,0,18443,7.14,18407,237,61,3216,2279,23.7,1844.3,14,1,1,5,9,3,0,0,0,1,14713,6.57,13719,207,53,20.7,1471.3
1,23,0,1,6,8,8,0,0,0,1,16411,6.64,18786,252,47,330,-26,25.2,1641.1,21,2,0,8,6,6,1,0,0,0,16100,7.13,18901,218,59,21.8,1610.0
1,20,1,0,13,2,4,0,1,1,1,20560,6.74,19386,223,68,1250,3515,22.3,2056.0,11,0,1,2,13,10,0,1,0,0,15146,6.27,15632,205,46,20.5,1514.6
1,22,2,0,6,5,11,0,0,0,2,19136,7.2,21206,230,50,1084,748,23.0,1913.6,16,0,1,5,6,6,0,0,0,1,14336,6.95,15878,219,55,21.9,1433.6
1,27,5,1,5,5,9,1,0,0,1,17486,6.86,18701,226,65,2897,867,22.6,1748.6,27,0,0,5,5,2,1,0,0,1,15297,6.44,15268,235,59,23.5,1529.7
1,21,1,1,5,5,12,1,1,1,0,18525,7.26,17719,230,45,1364,342,23.0,1852.5,29,2,0,5,5,1,1,0,0,1,17482,7.33,16816,210,43,21.0,1748.2
1,34,0,1,7,8,10,1,0,0,1,16814,7.32,19386,244,75,1673,2411,24.4,1681.4,17,4,0,8,7,7,1,0,0,0,15422,6.89,16347,218,66,21.8,1542.2
1,18,0,1,3,6,2,0,1,1,0,15199,7.28,18621,228,74,2573,1710,22.8,1519.9,16,3,0,6,3,10,0,0,0,0,14334,6.9,17543,245,50,24.5,1433.4
0,25,3,0,3,3,9,0,0,0,1,16638,7.66,18520,201,47,-524,371,20.1,1663.8,28,4,1,3,3,3,1,1,0,0,14778,7.06,15055,253,56,25.3,1477.8
1,28,1,1,9,0,10,1,1,0,1,17507,7.16,19440,192,80,3702,3115,19.2,1750.7,12,2,0,0,9,4,1,0,0,1,14775,6.51,14662,129,59,12.9,1477.5
0,15,3,0,6,7,6,1,0,1,0,16541,6.26,15882,233,43,-1154,-1516,23.3,1654.1,22,2,1,7,6,5,1,1,0,0,19542,6.47,17556,250,60,25.0,1954.2
0,18,2,1,9,8,7,0,0,1,1,16442,7.65,17867,235,59,-1368,-676,23.5,1644.2,23,2,0,8,9,6,0,1,1,0,15248,6.67,16590,217,49,21.7,1524.8
1,25,2,1,7,4,6,1,0,0,0,16147,6.8,17359,231,34,-446,372,23.1,1614.7,28,2,0,4,7,9,0,0,0,1,17181,6.79,16815,215,48,21.5,1718.1
1,22,3,0,7,7,6,1,1,0,1,15864,6.93,19559,233,50,1391,-574,23.3,1586.4,13,2,1,7,7,5,0,0,0,0,14807,6.94,16636,183,66,18.3,1480.7
0,21,1,0,4,5,7,1,1,1,0,15884,7.1,15481,212,60,-2194,1134,21.2,1588.4,17,1,1,5,4,6,0,0,0,1,18128,6.76,18860,236,63,23.6,1812.8
1,12,2,1,8,6,5,1,1,0,0,16474,6.96,19096,200,75,501,1756,20.0,1647.4,18,4,0,6,8,13,1,1,0,0,16130,6.61,17244,251,50,25.1,1613.0
0,23,0,1,10,7,6,0,0,0,1,14346,6.78,19928,223,53,719,1110,22.3,1434.6,18,3,0,7,10,11,0,0,0,0,15573,6.68,17794,197,78,19.7,1557.3
0,18,3,1,3,7,6,0,0,0,0,14009,6.82,16616,201,32,-3232,-3039,20.1,1400.9,31,1,0,7,3,9,1,1,1,1,19443,7.37,19740,216,62,21.6,1944.3
1,20,0,0,5,7,3,1,0,0,0,16498,6.46,18778,246,58,-1158,746,24.6,1649.8,17,1,1,7,5,6,1,0,1,0,14867,6.84,18773,212,42,21.2,1486.7
0,20,2,0,3,12,3,0,0,1,1,15524,6.21,16174,205,34,-2521,-260,20.5,1552.4,18,4,1,12,3,7,1,1,1,1,17447,7.08,20031,231,49,23.1,1744.7
0,14,0,0,2,9,5,0,1,0,0,13440,6.46,13808,216,35,-3065,-3310,21.6,1344.0,17,3,1,9,2,11,1,0,0,1,18899,6.8,21275,225,53,22.5,1889.9
1,17,1,0,8,6,4,1,0,0,0,16558,6.27,14945,218,51,1408,-58,21.8,1655.8,12,5,1,6,8,2,1,0,0,0,15104,6.8,21265,239,43,23.9,1510.4
0,20,2,0,5,5,2,1,0,0,0,16632,6.43,18770,232,62,918,764,23.2,1663.2,18,0,1,5,5,7,0,0,1,0,15714,7.52,18855,211,47,21.1,1571.4
1,19,7,0,8,5,2,1,0,1,2,16670,7.61,18072,204,48,-286,2398,20.4,1667.0,21,2,1,5,8,0,0,0,0,1,17381,6.54,17533,217,41,21.7,1738.1
1,32,2,0,8,5,6,1,1,0,1,16839,6.48,16642,194,54,360,-1115,19.4,1683.9,9,5,1,5,8,7,1,0,0,0,14455,6.52,14395,211,62,21.1,1445.5
0,21,0,1,3,10,6,0,0,0,0,14101,6.23,17224,191,45,-3837,-1679,19.1,1410.1,23,4,0,10,3,11,2,1,1,2,18419,6.92,17845,215,72,21.5,1841.9
0,12,1,0,1,6,1,0,0,0,0,14173,6.83,15153,220,53,-1641,-631,22.0,1417.3,19,3,1,6,1,6,1,0,0,1,16627,7.03,21565,220,82,22.0,1662.7
1,34,1,0,10,3,9,1,1,0,0,18871,7.73,20243,247,53,3331,4220,24.7,1887.1,14,2,1,3,10,5,0,0,0,0,14868,6.11,15489,226,57,22.6,1486.8
0,16,1,0,3,6,4,1,1,0,1,16217,6.78,16385,200,44,-2608,-2234,20.0,1621.7,18,6,1,6,3,7,1,0,0,1,19664,6.89,21524,198,52,19.8,1966.4
1,21,5,0,7,5,10,0,1,1,0,17398,6.87,19284,213,59,1193,312,21.3,1739.8,18,2,1,5,7,8,1,0,0,1,16881,6.35,13814,196,53,19.6,1688.1
0,23,2,1,3,9,7,0,1,1,0,16580,6.42,17274,178,53,-749,-2179,17.8,1658.0,14,1,0,9,3,2,1,0,0,0,17247,7.41,19808,221,80,22.1,1724.7
0,10,3,0,9,7,6,1,0,1,0,14729,6.81,16369,231,58,-457,885,23.1,1472.9,22,1,1,7,9,3,1,0,0,1,15705,7.13,17719,195,55,19.5,1570.5
0,18,0,1,5,5,6,0,0,0,0,17565,6.84,14783,200,53,-491,-530,20.0,1756.5,19,3,0,5,5,5,0,0,0,1,18781,6.63,19057,255,71,25.5,1878.1
1,18,2,1,4,5,10,0,0,1,1,17650,6.56,18141,178,56,2252,-1144,17.8,1765.0,24,2,0,5,4,5,0,0,0,0,14484,6.36,14649,255,53,25.5,1448.4
0,21,2,0,3,5,2,0,0,1,0,16529,7.13,17220,219,65,-290,1003,21.9,1652.9,21,3,1,5,3,6,0,0,0,2,15722,7.14,16359,213,62,21.3,1572.2
0,21,1,0,8,6,4,1,1,1,0,16769,6.79,17916,229,59,10,-409,22.9,1676.9,17,2,1,6,8,8,1,0,0,1,16807,7.23,15830,211,61,21.1,1680.7
0,18,2,1,3,13,1,0,0,0,0,16949,6.4,15212,257,60,-1970,-809,25.7,1694.9,24,1,0,13,3,4,1,0,0,1,20535,7.73,18804,208,63,20.8,2053.5
1,20,3,0,6,3,5,2,0,0,0,15841,7.17,18215,249,50,299,1099,24.9,1584.1,25,1,1,3,6,3,0,1,0,0,15815,7.12,16355,168,41,16.8,1581.5
0,23,2,0,6,10,5,0,1,0,0,12429,7.06,17181,213,36,-2113,-2079,21.3,1242.9,21,4,1,10,6,7,1,1,0,1,18615,7.01,19686,236,57,23.6,1861.5
1,22,2,1,7,8,4,1,0,0,0,17360,7.06,16242,222,55,1564,596,22.2,1736.0,21,0,0,8,7,1,0,0,0,1,18008,6.87,16152,243,45,24.3,1800.8
1,25,5,1,9,1,17,2,0,0,1,18285,7.59,21448,260,71,3885,3829,26.0,1828.5,16,3,0,1,9,0,0,0,0,1,14067,7.01,13355,180,42,18.0,1406.7
1,23,2,0,6,2,10,1,1,1,1,17171,7.1,19467,230,66,2033,2517,23.0,1717.1,19,1,1,2,6,0,0,0,1,0,13220,6.53,15318,219,61,21.9,1322.0
1,31,2,0,9,3,6,1,0,0,1,19973,6.49,17747,212,40,1589,1778,21.2,1997.3,20,2,1,3,9,3,0,0,0,0,16467,6.95,16919,223,36,22.3,1646.7
1,21,4,0,10,3,6,0,0,0,0,15050,6.56,15281,196,45,177,-1021,19.6,1505.0,13,2,1,3,10,6,0,1,0,1,16482,7.25,20033,224,72,22.4,1648.2
0,14,0,1,4,10,0,0,0,0,0,12189,6.4,11967,153,35,-1799,-3248,15.3,1218.9,18,1,0,10,4,10,1,1,1,3,18946,7.03,17350,252,87,25.2,1894.6
0,8,0,0,2,9,0,0,0,0,0,15492,6.07,15338,208,50,-1443,-1841,20.8,1549.2,14,3,1,9,2,8,2,0,0,2,15073,6.97,18887,241,72,24.1,1507.3
1,15,1,0,8,3,8,1,0,1,1,19195,6.99,19436,240,49,2940,1087,24.0,1919.5,11,0,1,3,8,3,0,0,0,0,14054,7.14,16881,216,34,21.6,1405.4
0,16,2,1,4,11,8,1,0,0,0,17048,6.3,17025,236,55,1004,-1441,23.6,1704.8,22,4,0,11,4,8,0,0,0,1,18513,7.4,19173,239,66,23.9,1851.3
0,18,4,0,0,7,1,0,0,0,0,13760,6.75,15879,164,38,-2970,-1281,16.4,1376.0,24,3,1,7,0,8,0,0,1,1,16224,6.9,18436,229,58,22.9,1622.4
1,17,1,1,6,3,9,1,1,0,0,15877,7.08,18834,239,46,-175,-520,23.9,1587.7,15,2,0,3,6,0,1,0,0,1,16768,6.56,17346,253,45,25.3,1676.8
0,20,4,0,5,12,3,0,0,0,2,15803,6.87,17518,212,37,-2202,-1259,21.2,1580.3,16,6,1,12,5,6,1,0,0,0,18408,7.12,17737,222,58,22.2,1840.8
0,15,1,1,7,6,4,0,0,0,0,14249,7.09,15345,230,49,-3832,-2455,23.0,1424.9,25,1,0,6,7,10,1,0,1,1,18348,7.23,18459,239,66,23.9,1834.8
1,15,2,1,8,7,6,1,0,1,1,18068,6.45,17155,250,61,538,468,25.0,1806.8,18,2,0,7,8,2,0,0,0,1,17278,6.75,17149,233,45,23.3,1727.8
0,21,0,1,8,9,6,0,1,0,1,14690,6.99,16156,173,69,-2523,-2012,17.3,1469.0,14,4,0,9,8,11,1,1,0,1,18477,6.76,17867,230,45,23.0,1847.7
0,25,5,0,8,8,7,0,0,0,1,15089,6.8,16709,221,53,-2493,-409,22.1,1508.9,32,3,1,8,8,8,1,1,1,0,17945,7.68,20118,220,47,22.0,1794.5
0,13,1,1,7,10,4,1,0,0,0,14986,6.84,17068,215,48,-843,-1422,21.5,1498.6,23,4,0,10,7,8,0,0,1,0,18626,7.1,20770,235,67,23.5,1862.6
0,22,0,1,7,5,8,0,1,0,2,18623,7.55,20307,241,53,366,1483,24.1,1862.3,20,2,0,5,7,6,0,0,0,0,17591,7.33,17582,217,39,21.7,1759.1
1,10,6,0,6,6,9,1,0,0,0,16633,6.23,15852,249,55,639,566,24.9,1663.3,16,2,1,6,6,8,1,1,0,1,16136,7.09,19807,225,58,22.5,1613.6
1,12,3,1,2,2,8,0,0,0,1,15797,6.8,16764,215,76,-665,-1511,21.5,1579.7,27,4,0,2,2,9,1,1,0,1,16402,6.71,18623,205,63,20.5,1640.2
1,18,3,1,8,1,6,1,0,0,1,16364,6.88,18549,214,50,1361,1081,21.4,1636.4,21,0,0,1,8,6,1,0,0,1,14995,6.88,18031,213,65,21.3,1499.5
0,25,4,1,7,12,5,0,1,1,0,16445,6.53,16175,211,71,1256,-457,21.1,1644.5,28,7,0,12,7,4,1,0,0,1,19101,7.02,19196,253,49,25.3,1910.1
1,16,3,0,5,8,3,1,0,0,0,16560,6.76,16493,184,60,862,4,18.4,1656.0,16,2,1,8,5,5,0,0,0,0,16362,6.96,17098,226,59,22.6,1636.2
1,17,4,1,4,8,11,1,0,0,2,17442,7.15,20561,270,50,664,3148,27.0,1744.2,18,3,0,8,4,8,1,0,0,2,16436,6.49,17987,197,49,19.7,1643.6
1,22,2,0,11,10,8,1,0,0,1,17446,7.06,19820,261,59,565,952,26.1,1744.6,7,2,1,10,11,7,0,1,0,1,14332,6.94,18403,218,57,21.8,1433.2
1,20,3,1,7,6,2,1,1,0,0,16647,6.26,17878,213,37,-114,1139,21.3,1664.7,24,0,0,6,7,9,0,1,1,2,16058,6.14,14161,231,46,23.1,1605.8
1,16,2,1,10,6,4,1,1,0,1,15849,6.83,17431,225,60,356,-375,22.5,1584.9,22,1,0,6,10,4,0,1,0,1,17551,7.1,16285,246,50,24.6,1755.1
0,28,2,0,6,4,4,0,0,0,0,15612,6.29,15337,190,39,-1847,-1464,19.0,1561.2,29,0,1,4,6,6,0,1,1,1,15570,7.46,18503,207,49,20.7,1557.0
1,17,2,0,7,7,8,1,0,0,1,15117,6.37,17417,196,50,-302,-2005,19.6,1511.7,18,2,1,7,7,9,1,1,0,1,16398,7.19,22315,229,42,22.9,1639.8
1,22,2,0,10,4,7,0,1,0,2,16321,6.77,19642,247,58,451,2031,24.7,1632.1,21,4,1,4,10,5,0,0,1,1,12869,6.55,17915,180,54,18.0,1286.9
1,19,3,1,5,4,8,0,1,0,0,17169,7.62,17125,233,61,654,-36,23.3,1716.9,18,2,0,4,5,7,0,0,0,0,14452,6.6,18366,225,62,22.5,1445.2
1,23,3,1,6,7,5,2,0,0,0,17168,6.85,18837,232,53,652,-1252,23.2,1716.8,20,1,0,7,6,7,1,0,0,1,16079,7.2,17984,183,44,18.3,1607.9
0,27,3,1,6,7,8,1,0,0,0,15351,6.8,15890,221,60,-197,798,22.1,1535.1,18,4,0,7,6,5,0,1,0,0,16741,7.03,17727,226,53,22.6,1674.1
1,28,3,1,4,8,9,2,1,0,0,17667,6.9,18738,235,51,-543,834,23.5,1766.7,11,4,0,8,4,11,0,1,0,0,14758,6.29,17294,209,71,20.9,1475.8
1,18,5,0,11,2,9,1,0,0,0,16931,6.85,16985,189,56,587,1640,18.9,1693.1,19,3,1,2,11,5,1,0,0,1,15736,6.36,17911,193,36,19.3,1573.6
1,27,4,1,8,4,2,1,1,1,2,17860,7.48,19954,237,65,2205,316,23.7,1786.0,18,5,0,4,8,5,1,0,0,1,15257,6.67,14892,208,61,20.8,1525.7
0,25,2,1,9,5,7,2,0,1,0,16873,7.34,19854,268,46,1998,-67,26.8,1687.3,23,1,0,5,9,0,1,0,0,0,15822,6.33,17053,166,50,16.6,1582.2
1,25,3,1,3,10,3,0,0,0,0,16157,7.01,19701,235,56,-1121,-428,23.5,1615.7,18,3,0,10,3,5,1,0,0,0,17810,7.43,18232,215,59,21.5,1781.0
1,22,5,1,11,3,10,1,1,0,2,21018,7.22,20365,207,56,748,1641,20.7,2101.8,21,0,0,3,11,0,0,0,0,0,14980,6.45,15111,222,45,22.2,1498.0
0,20,1,1,6,5,7,0,0,0,0,17393,7.17,20279,229,50,578,-1041,22.9,1739.3,16,0,0,5,6,1,1,0,0,0,16473,6.7,18509,212,45,21.2,1647.3
1,26,5,1,10,7,12,2,1,0,1,17088,7.0,17218,219,44,1765,403,21.9,1708.8,14,4,0,7,10,6,0,1,0,0,17074,6.73,15607,259,52,25.9,1707.4
1,25,1,0,5,5,6,0,0,1,0,15471,7.26,16399,253,41,886,957,25.3,1547.1,21,3,1,5,5,6,0,0,0,0,14886,7.25,15153,209,39,20.9,1488.6
1,28,3,0,9,7,7,0,1,0,1,16405,7.05,18052,224,51,-728,-309,22.4,1640.5,16,0,1,7,9,8,0,1,0,1,16747,7.11,14387,214,33,21.4,1674.7
0,20,2,1,6,9,4,0,0,0,0,14893,6.5,14687,254,49,26,-881,25.4,1489.3,32,2,0,9,6,10,0,1,0,1,18695,6.37,18978,250,61,25.0,1869.5
0,21,2,1,7,3,9,1,0,0,1,17954,7.05,21805,272,61,1120,1731,27.2,1795.4,13,1,0,3,7,5,0,0,0,0,16246,6.58,14885,232,36,23.2,1624.6
1,13,1,1,15,0,9,1,1,0,0,19683,7.88,22956,264,71,5312,2871,26.4,1968.3,21,0,0,0,15,2,0,0,0,0,14482,5.54,13711,172,42,17.2,1448.2
1,11,3,1,8,7,3,1,0,0,1,16867,6.85,16063,219,57,-954,-852,21.9,1686.7,12,0,0,7,8,7,1,0,1,1,16943,6.69,18895,214,59,21.4,1694.3
1,18,0,0,7,5,5,0,1,0,1,16333,6.62,16234,248,50,211,-127,24.8,1633.3,24,1,1,5,7,10,1,0,0,1,16900,7.12,17093,214,66,21.4,1690.0
0,14,0,0,3,4,7,0,0,0,0,14154,7.49,16911,201,48,-1516,-3199,20.1,1415.4,27,3,1,4,3,7,0,0,0,2,18316,7.36,18753,224,64,22.4,1831.6
0,23,3,0,7,9,8,0,0,0,0,17089,6.62,16827,222,67,-1929,92,22.2,1708.9,23,3,1,9,7,9,0,1,1,0,17570,7.01,18516,218,59,21.8,1757.0
1,17,5,0,10,4,9,2,0,0,1,18198,7.3,17481,233,71,4385,2990,23.3,1819.8,22,0,1,4,10,5,0,0,0,1,15221,6.61,15793,184,52,18.4,1522.1
0,16,1,1,5,6,6,1,0,0,0,14607,6.71,16780,201,44,-1957,-1207,20.1,1460.7,23,2,0,6,5,7,2,1,1,1,18995,7.65,17634,223,58,22.3,1899.5
0,17,3,1,5,5,6,1,0,1,0,15769,7.5,17197,232,49,302,-801,23.2,1576.9,22,1,0,5,5,9,1,1,1,0,15987,7.07,19793,225,55,22.5,1598.7
0,23,2,0,2,11,3,0,0,0,1,14741,6.46,18047,203,36,-3217,-3064,20.3,1474.1,24,3,1,11,2,9,1,1,0,1,17582,7.28,18195,246,59,24.6,1758.2
0,15,1,1,2,12,4,0,0,0,0,14806,7.01,17028,253,63,916,-1206,25.3,1480.6,18,3,0,12,2,10,1,1,0,1,18838,7.08,17337,216,70,21.6,1883.8
0,19,3,1,0,12,4,1,0,0,0,14872,6.78,16676,187,44,-2089,-2636,18.7,1487.2,22,2,0,12,0,10,0,1,1,0,19160,7.48,20476,225,58,22.5,1916.0
1,22,2,0,4,7,12,0,0,0,0,16278,6.65,19133,207,45,1278,732,20.7,1627.8,19,2,1,7,4,2,0,0,0,0,15059,6.94,16184,219,45,21.9,1505.9
1,30,4,1,13,0,14,1,1,0,3,21804,8.16,21838,253,70,4520,4632,25.3,2180.4,4,0,0,0,13,1,0,0,0,0,11638,6.83,14208,157,35,15.7,1163.8
0,24,0,1,0,8,8,0,0,1,1,14059,6.87,16157,226,39,-1046,790,22.6,1405.9,21,7,0,8,0,7,0,0,0,1,16882,7.12,18898,216,58,21.6,1688.2
0,16,0,0,4,9,8,0,0,0,0,13513,6.49,13986,196,41,-2004,-1200,19.6,1351.3,28,2,1,9,4,11,0,1,0,1,18533,7.43,20296,238,57,23.8,1853.3
1,13,4,1,9,2,6,0,1,1,1,19026,7.24,19126,244,59,912,1080,24.4,1902.6,23,3,0,2,9,5,1,0,0,1,15504,6.87,16382,228,46,22.8,1550.4
0,17,2,0,4,8,6,1,0,0,0,14803,7.47,16043,194,46,540,-856,19.4,1480.3,13,5,1,8,4,8,0,1,0,1,15979,6.6,19314,247,56,24.7,1597.9
1,22,2,1,11,1,12,2,1,1,0,17838,7.23,17965,251,64,1934,2060,25.1,1783.8,14,2,0,1,11,9,0,0,0,1,15508,6.72,16641,230,45,23.0,1550.8
0,21,5,0,5,5,8,1,0,0,0,14245,6.91,17399,197,55,1266,-449,19.7,1424.5,26,3,1,5,5,7,1,1,0,0,18046,6.27,18783,188,53,18.8,1804.6
0,15,5,0,6,6,3,0,0,0,0,16751,7.03,15302,182,55,-1197,-1643,18.2,1675.1,15,3,1,6,6,0,1,1,0,1,17568,7.5,18153,224,55,22.4,1756.8
0,25,3,1,1,6,4,1,0,0,0,16163,6.95,19230,183,59,-145,131,18.3,1616.3,25,1,0,6,1,5,1,0,0,1,16907,7.52,18638,223,38,22.3,1690.7
1,22,0,0,3,4,12,1,1,0,2,18417,7.49,17794,258,70,2118,1486,25.8,1841.7,14,0,1,4,3,5,1,0,0,1,14292,6.24,16764,239,57,23.9,1429.2
1,15,2,1,5,2,7,0,0,1,2,16595,7.0,13737,230,57,-96,-656,23.0,1659.5,20,3,0,2,5,8,0,0,0,1,16542,6.99,17444,223,48,22.3,1654.2
0,17,1,0,6,5,6,1,0,0,0,13696,7.18,18192,226,42,-1397,1188,22.6,1369.6,12,2,1,5,6,8,0,2,0,0,18370,6.86,18339,235,55,23.5,1837.0
0,29,2,1,8,10,6,0,0,0,1,13999,7.08,19388,211,67,-1069,401,21.1,1399.9,28,3,0,10,8,7,1,0,1,1,18309,6.14,15369,218,49,21.8,1830.9
0,21,0,1,3,9,7,1,1,0,0,13979,6.64,15632,221,68,-2675,-589,22.1,1397.9,14,2,0,9,3,9,2,1,1,0,17844,7.56,17563,250,73,25.0,1784.4
0,26,0,1,7,6,9,0,1,0,0,19183,7.38,17977,209,47,-412,33,20.9,1918.3,17,1,0,6,7,3,1,1,0,1,16032,6.67,16106,221,53,22.1,1603.2
0,11,0,0,4,11,2,0,0,0,0,13609,6.74,14638,182,35,-3718,-2606,18.2,1360.9,23,0,1,11,4,8,1,0,1,0,18220,7.43,21803,292,76,29.2,1822.0
1,16,2,0,5,7,7,1,0,0,1,17921,6.74,19396,217,62,-613,-2186,21.7,1792.1,14,2,1,7,5,11,1,1,1,1,17541,6.95,19487,236,65,23.6,1754.1
1,18,0,0,9,2,8,1,0,0,0,15889,6.85,18312,238,69,40,363,23.8,1588.9,19,2,1,2,9,4,1,0,0,0,13781,7.05,17341,196,46,19.6,1378.1
0,22,2,0,4,4,9,1,1,1,1,17661,7.05,16341,208,52,-377,1583,20.8,1766.1,22,0,1,4,4,7,0,1,0,0,16485,7.23,17825,213,55,21.3,1648.5
1,20,3,1,4,9,11,0,0,1,1,18105,7.48,17422,248,43,950,1752,24.8,1810.5,16,1,0,9,4,6,0,0,0,1,17131,6.8,13059,218,56,21.8,1713.1
0,17,1,0,5,5,9,0,0,0,0,14814,6.53,18518,198,37,-1289,-1577,19.8,1481.4,24,3,1,5,5,7,0,0,1,0,16357,6.7,15960,202,44,20.2,1635.7
1,21,1,1,10,7,4,1,0,0,1,15883,7.14,20518,235,55,204,1187,23.5,1588.3,13,0,0,7,10,4,0,0,0,0,14564,6.59,16094,177,63,17.7,1456.4
1,18,2,0,6,3,9,0,0,0,1,19531,7.11,19804,244,73,573,1098,24.4,1953.1,16,5,1,3,6,4,0,0,0,0,14875,6.6,16778,217,63,21.7,1487.5
0,20,1,0,8,4,11,1,0,0,0,16022,7.38,17587,188,58,-114,410,18.8,1602.2,13,2,1,4,8,1,0,0,1,0,16341,6.7,17604,238,66,23.8,1634.1
1,27,3,1,6,4,6,1,1,0,0,19239,6.75,19166,227,56,3503,853,22.7,1923.9,16,1,0,4,6,6,2,0,0,0,14365,7.08,17132,221,50,22.1,1436.5
1,14,1,1,6,4,12,1,0,0,1,16673,7.45,16769,242,74,1794,547,24.2,1667.3,23,1,0,4,6,4,1,1,0,1,13272,6.72,14885,201,48,20.1,1327.2
1,21,2,1,6,5,7,0,0,0,0,17134,6.56,16544,221,55,-850,-243,22.1,1713.4,20,0,0,5,6,7,1,0,1,2,16868,7.07,16880,188,47,18.8,1686.8
0,24,1,1,2,9,6,0,0,0,1,14415,6.58,14684,211,42,-2641,-2095,21.1,1441.5,18,3,0,9,2,8,1,1,1,0,17278,7.14,21561,220,78,22.0,1727.8
1,20,2,0,6,2,9,1,0,1,1,18133,7.31,21142,206,45,-97,-996,20.6,1813.3,14,3,1,2,6,9,0,1,0,1,15837,6.95,16839,227,54,22.7,1583.7
1,18,5,1,1,6,4,1,0,1,2,18117,7.57,17486,217,49,660,1550,21.7,1811.7,18,0,0,6,1,3,0,0,0,0,14597,6.62,13137,213,74,21.3,1459.7
1,27,3,0,10,4,11,1,0,0,0,19779,7.59,19908,251,76,2139,1471,25.1,1977.9,20,3,1,4,10,3,0,0,0,1,15792,6.89,15629,235,39,23.5,1579.2
0,13,2,1,4,10,5,1,0,0,1,16867,6.48,18007,241,47,-979,-597,24.1,1686.7,26,2,0,10,4,9,0,1,0,1,17802,7.34,16943,231,41,23.1,1780.2
0,18,1,1,2,7,3,1,0,1,1,16071,6.35,17531,186,33,-2336,-1093,18.6,1607.1,28,2,0,7,2,10,1,0,0,1,16892,7.07,18430,238,51,23.8,1689.2
1,16,3,1,11,7,11,1,0,0,0,16779,7.68,17314,220,54,770,1908,22.0,1677.9,25,5,0,7,11,4,1,0,0,2,14801,6.37,15955,218,56,21.8,1480.1
0,11,2,1,4,7,1,0,0,0,0,14271,6.44,20232,185,57,629,-1332,18.5,1427.1,25,2,0,7,4,5,0,1,0,1,18172,7.66,17609,230,45,23.0,1817.2
0,15,1,0,1,10,1,0,0,0,2,13653,7.04,14367,199,43,-3792,-2993,19.9,1365.3,23,4,1,10,1,12,1,2,0,1,16482,7.8,18441,246,54,24.6,1648.2
0,14,3,0,5,10,10,1,0,0,1,16705,7.34,17673,230,71,-163,1179,23.0,1670.5,19,2,1,10,5,6,2,0,0,0,17277,7.29,15994,203,67,20.3,1727.7
0,16,0,0,4,11,5,0,1,0,0,15736,6.75,17453,196,53,-2850,-2672,19.6,1573.6,27,0,1,11,4,12,2,1,0,2,17643,7.4,20473,267,65,26.7,1764.3
0,24,1,1,7,7,3,1,0,1,0,16794,6.93,16989,223,39,-1184,-1956,22.3,1679.4,24,1,0,7,7,6,2,1,1,1,17008,7.77,18512,229,67,22.9,1700.8
1,32,2,0,12,6,7,1,0,0,1,18540,6.93,19374,196,56,1946,1649,19.6,1854.0,21,2,1,6,12,3,0,1,0,1,15564,6.92,15328,188,33,18.8,1556.4
1,24,2,1,13,3,9,1,0,0,1,19747,7.25,19995,239,67,2233,1558,23.9,1974.7,4,1,0,3,13,2,0,1,0,1,14470,6.83,17633,218,37,21.8,1447.0
0,23,2,0,2,13,5,0,0,0,0,16942,7.26,13573,218,52,-3517,-619,21.8,1694.2,24,2,1,13,2,12,1,1,0,1,18706,7.16,15415,221,68,22.1,1870.6
0,21,1,1,9,3,4,1,0,0,0,15178,6.39,14659,253,44,-800,-994,25.3,1517.8,17,3,0,3,9,11,1,1,1,0,15369,7.2,15943,220,61,22.0,1536.9
1,18,4,0,6,5,6,0,0,1,1,16878,7.46,18293,224,62,-382,410,22.4,1687.8,20,0,1,5,6,5,0,0,0,1,13763,7.73,15336,223,77,22.3,1376.3
1,14,7,1,7,1,10,0,1,0,1,18096,7.98,19464,251,61,4131,3062,25.1,1809.6,20,0,0,1,7,0,0,0,0,0,12249,6.51,14870,200,38,20.0,1224.9
1,27,1,1,4,3,4,0,0,0,1,16697,6.47,15763,182,57,-1098,163,18.2,1669.7,13,2,0,3,4,2,1,1,0,0,17176,6.81,19229,213,61,21.3,1717.6
0,14,2,0,6,7,4,1,0,0,1,15236,7.12,17516,190,52,1057,968,19.0,1523.6,26,1,1,7,6,7,1,0,0,1,18532,6.88,14317,219,63,21.9,1853.2
1,30,4,1,8,2,6,2,0,1,0,16544,7.95,17975,272,64,3397,1749,27.2,1654.4,15,0,0,2,8,1,0,1,0,0,13000,6.88,17470,202,51,20.2,1300.0
0,22,1,1,5,2,6,1,0,0,0,17428,7.5,17045,221,55,-1248,723,22.1,1742.8,14,4,0,2,5,10,2,0,0,1,16657,6.49,17143,236,60,23.6,1665.7
1,17,1,1,9,3,8,0,0,0,0,17428,6.37,17571,229,62,1389,2105,22.9,1742.8,9,1,0,3,9,8,0,0,0,0,14804,7.31,14419,258,53,25.8,1480.4
0,19,4,1,4,12,1,0,0,0,0,16117,6.91,16647,196,47,-1345,-3575,19.6,1611.7,32,1,0,12,4,14,1,0,0,2,19495,7.15,21184,207,74,20.7,1949.5
1,30,3,0,7,8,7,1,1,1,0,17766,6.97,16890,224,53,659,-797,22.4,1776.6,16,5,1,8,7,7,1,0,1,1,16889,6.62,16638,253,54,25.3,1688.9
0,24,2,1,2,8,6,0,0,0,0,14565,6.97,16652,172,53,-3365,-1345,17.2,1456.5,23,4,0,8,2,3,1,0,0,1,19251,7.25,20607,233,77,23.3,1925.1
0,15,4,0,2,7,4,0,0,0,0,13278,6.82,15583,231,70,-3104,-1768,23.1,1327.8,23,4,1,7,2,7,2,0,0,0,17524,7.66,21914,206,55,20.6,1752.4
0,18,4,0,5,6,9,1,0,0,0,18195,7.16,17334,234,69,1454,1139,23.4,1819.5,16,0,1,6,5,1,0,0,1,1,15723,6.11,17084,224,36,22.4,1572.3
0,20,2,1,6,2,9,1,0,0,1,15981,7.65,17484,185,50,2344,1275,18.5,1598.1,10,2,0,2,6,8,1,0,1,1,14887,6.89,16865,224,74,22.4,1488.7
1,19,0,1,4,8,6,2,0,0,0,18817,6.92,18419,221,62,-384,-185,22.1,1881.7,21,0,0,8,4,4,2,1,0,0,18354,7.08,17362,227,56,22.7,1835.4
1,25,1,1,4,4,7,1,1,0,0,16150,7.42,15173,194,56,-282,325,19.4,1615.0,28,3,0,4,4,9,1,0,0,0,16268,7.84,17861,212,48,21.2,1626.8
0,23,4,1,1,10,0,1,0,0,0,17995,7.12,15816,245,63,-690,616,24.5,1799.5,18,4,0,10,1,6,1,0,1,1,17281,6.79,18534,229,60,22.9,1728.1
1,12,3,1,3,7,5,1,1,1,1,17260,6.63,16781,209,61,543,1526,20.9,1726.0,24,1,0,7,3,4,2,0,1,1,16317,7.13,19497,224,45,22.4,1631.7
1,24,2,1,9,0,6,1,1,0,1,19593,7.33,20955,229,63,2104,2027,22.9,1959.3,26,0,0,0,9,9,1,0,0,1,15929,6.35,16878,189,63,18.9,1592.9
0,14,3,1,0,11,5,0,0,1,0,13640,6.83,13178,189,17,-5374,-3077,18.9,1364.0,15,1,0,11,0,12,1,1,1,1,19668,8.26,22758,244,66,24.4,1966.8
0,19,1,0,4,9,6,1,0,0,0,14972,6.39,17965,225,45,-953,-1250,22.5,1497.2,29,3,1,9,4,7,1,0,0,0,16261,7.47,20263,244,65,24.4,1626.1
1,22,4,0,5,1,4,2,1,0,0,18163,7.05,17444,256,64,-249,1465,25.6,1816.3,28,4,1,1,5,5,0,0,0,1,16687,6.91,19256,227,63,22.7,1668.7
1,26,2,1,4,6,4,0,1,0,2,14514,5.99,16664,222,66,812,-781,22.2,1451.4,22,4,0,6,4,7,0,0,0,0,16369,6.78,17030,176,54,17.6,1636.9
1,26,5,1,7,6,4,1,1,0,1,18878,6.7,18951,238,45,1696,388,23.8,1887.8,22,2,0,6,7,8,0,0,0,1,16571,7.05,16746,211,51,21.1,1657.1
1,17,3,1,7,1,8,1,1,1,0,18781,6.52,17771,208,46,1801,-228,20.8,1878.1,30,0,0,1,7,11,0,1,0,0,15086,6.45,17526,221,61,22.1,1508.6
0,19,2,1,7,8,6,0,0,0,0,16779,6.42,18529,213,61,-811,258,21.3,1677.9,22,5,0,8,7,6,1,1,0,1,15736,7.08,14873,203,59,20.3,1573.6
0,17,1,1,2,7,4,0,0,0,1,15171,7.22,15877,220,48,104,-1233,22.0,1517.1,31,0,0,7,2,6,0,0,0,1,16299,6.53,19265,216,52,21.6,1629.9
1,11,2,0,4,9,4,0,0,1,1,14843,6.69,17487,214,56,-919,-768,21.4,1484.3,25,2,1,9,4,9,0,0,0,0,15679,6.67,17073,218,47,21.8,1567.9
1,22,1,1,11,3,9,1,1,0,0,19157,7.03,17532,251,66,3075,500,25.1,1915.7,13,2,0,3,11,4,1,0,1,0,13889,6.59,15751,248,50,24.8,1388.9
0,28,0,1,4,5,11,1,1,0,2,16239,6.46,14534,198,60,-913,-955,19.8,1623.9,18,0,0,5,4,5,1,1,0,1,16688,7.08,19027,184,62,18.4,1668.8
0,11,2,1,7,4,5,0,0,0,1,14096,7.13,16687,217,69,1,755,21.7,1409.6,24,4,0,4,7,2,1,0,0,0,15554,7.1,21576,234,63,23.4,1555.4
1,20,1,0,5,5,10,0,0,1,1,16285,7.55,17428,204,47,1382,-1482,20.4,1628.5,14,4,1,5,5,3,1,0,0,1,15018,6.93,17249,251,65,25.1,1501.8
1,23,2,1,10,2,9,1,0,1,2,16773,7.52,19017,255,57,2032,2677,25.5,1677.3,23,1,0,2,10,2,0,0,1,1,12721,6.51,15474,190,36,19.0,1272.1
0,21,2,0,0,9,8,1,1,0,1,16011,7.11,15390,223,64,-451,-1239,22.3,1601.1,24,1,1,9,0,10,0,0,0,2,17224,6.87,17995,233,56,23.3,1722.4
1,17,3,1,11,3,10,0,0,1,1,17190,7.53,18335,254,60,2456,1132,25.4,1719.0,20,3,0,3,11,0,0,0,1,0,15320,6.55,19399,248,53,24.8,1532.0
1,15,3,1,8,0,9,1,0,0,0,18278,7.28,18667,225,66,773,2210,22.5,1827.8,9,2,0,0,8,4,0,0,0,0,16197,5.89,14481,176,41,17.6,1619.7
0,13,5,0,3,5,8,1,0,0,0,15125,6.3,19387,273,43,-639,714,27.3,1512.5,22,4,1,5,3,7,0,0,1,1,16684,7.04,16226,225,48,22.5,1668.4
0,26,3,1,3,3,9,0,0,0,0,17842,7.26,17876,224,52,-730,-26,22.4,1784.2,19,3,0,3,3,9,3,0,1,0,15770,7.33,17592,207,63,20.7,1577.0
0,14,5,0,5,7,6,0,0,0,0,14022,6.73,14707,229,62,-1632,-365,22.9,1402.2,22,5,1,7,5,4,1,0,1,1,14723,6.91,18681,197,53,19.7,1472.3
0,17,1,1,5,8,5,1,1,0,1,17266,6.21,16296,236,57,-729,-667,23.6,1726.6,19,2,0,8,5,5,1,1,1,0,17418,6.71,16516,214,36,21.4,1741.8
1,32,4,1,8,6,10,1,0,1,0,19039,7.31,19354,230,60,3076,2078,23.0,1903.9,12,1,0,6,8,5,0,0,1,1,15679,6.88,15465,170,53,17.0,1567.9
0,17,2,1,4,5,11,0,1,0,1,15284,7.68,17141,223,37,1062,1516,22.3,1528.4,19,3,0,5,4,8,1,0,0,0,17822,7.04,18947,239,76,23.9,1782.2
1,22,1,0,8,4,3,1,0,1,1,16294,7.41,16783,221,42,-53,1288,22.1,1629.4,17,2,1,4,8,6,1,0,0,0,17343,6.76,15552,205,60,20.5,1734.3
0,23,5,0,2,7,1,1,0,0,0,15000,6.1,14535,223,58,-1279,-1426,22.3,1500.0,13,3,1,7,2,9,0,1,0,1,18260,7.67,17449,250,74,25.0,1826.0
0,23,0,1,3,8,8,1,0,1,0,12999,6.63,16309,201,54,-699,-2054,20.1,1299.9,31,3,0,8,3,10,2,1,0,1,19304,7.25,19668,198,55,19.8,1930.4
1,18,0,1,10,0,9,1,1,0,0,19239,7.21,22613,251,71,2995,3478,25.1,1923.9,13,2,0,0,10,0,0,0,0,0,12070,6.62,16013,200,32,20.0,1207.0
0,16,1,1,7,10,9,0,0,1,1,14490,6.41,16070,235,64,-58,643,23.5,1449.0,17,1,0,10,7,5,0,0,0,1,15849,7.06,14177,168,65,16.8,1584.9
0,20,0,1,4,7,3,0,0,0,0,15177,6.66,18006,224,55,-1292,-1206,22.4,1517.7,18,1,0,7,4,6,1,1,1,1,16830,7.04,20593,279,59,27.9,1683.0
1,33,1,1,8,3,8,0,1,1,2,17755,7.2,19917,189,55,2514,1721,18.9,1775.5,18,0,0,3,8,3,0,0,0,0,12328,6.43,15164,212,41,21.2,1232.8
1,17,1,0,6,4,9,0,0,0,0,17126,6.57,17119,225,59,623,1430,22.5,1712.6,20,3,1,4,6,2,1,0,0,1,16831,7.5,19498,218,61,21.8,1683.1
1,19,2,0,10,3,9,0,1,0,1,16836,6.9,18892,211,62,1631,335,21.1,1683.6,14,2,1,3,10,3,1,0,0,1,16137,6.58,16879,194,53,19.4,1613.7
1,22,0,0,8,4,3,0,0,0,0,16700,6.77,15317,214,56,-698,2038,21.4,1670.0,13,3,1,4,8,6,1,0,1,1,17302,6.98,17159,209,61,20.9,1730.2
0,22,4,0,6,4,7,1,0,0,0,15190,6.48,17951,236,57,-427,-819,23.6,1519.0,27,2,1,4,6,7,0,1,1,0,19768,6.9,17945,229,43,22.9,1976.8
0,23,0,0,6,10,4,0,0,0,0,12198,6.22,17042,265,52,-2136,-216,26.5,1219.8,13,3,1,10,6,9,1,1,0,0,16727,6.75,21162,227,66,22.7,1672.7
0,13,1,0,8,10,5,0,0,1,1,14206,6.27,15603,186,43,-2916,-2085,18.6,1420.6,21,1,1,10,8,15,1,0,1,1,20574,6.81,18896,246,68,24.6,2057.4
0,17,1,1,7,5,6,1,0,0,1,14620,6.3,17434,205,53,-1852,-1898,20.5,1462.0,24,5,0,5,7,7,0,1,0,0,16742,6.29,18324,235,63,23.5,1674.2
1,22,3,0,7,4,6,0,0,0,1,18042,7.09,19092,227,66,229,920,22.7,1804.2,14,2,1,4,7,3,1,0,1,1,16558,7.42,16175,206,34,20.6,1655.8
1,30,3,1,10,5,8,1,1,1,1,17594,7.36,18826,247,83,2256,2827,24.7,1759.4,18,2,0,5,10,3,0,0,0,1,14599,5.92,15115,212,41,21.2,1459.9
1,19,4,1,7,4,2,0,1,0,0,17865,7.36,14681,202,56,147,-732,20.2,1786.5,17,3,0,4,7,6,0,0,0,1,14801,6.22,17700,228,45,22.8,1480.1
0,15,0,0,0,7,0,0,0,0,0,13912,5.51,11322,207,49,-4951,-3629,20.7,1391.2,22,2,1,7,0,12,1,1,0,2,21035,7.32,19887,237,68,23.7,2103.5
1,15,1,1,8,7,8,1,1,0,0,16540,7.34,16888,202,60,-820,113,20.2,1654.0,19,3,0,7,8,7,0,1,0,1,18261,6.87,17195,192,55,19.2,1826.1
1,35,4,0,9,0,13,3,1,1,1,21777,7.15,23974,222,92,5026,3519,22.2,2177.7,21,0,1,0,9,0,0,0,0,0,11566,5.44,16114,171,47,17.1,1156.6
1,23,4,0,6,1,6,0,1,0,1,14715,7.09,18117,209,78,1216,1900,20.9,1471.5,10,3,1,1,6,6,0,0,1,0,14102,6.34,15129,224,63,22.4,1410.2
0,24,3,0,1,5,7,1,0,0,0,15207,6.58,18325,226,51,-1308,-1084,22.6,1520.7,26,3,1,5,1,10,1,0,0,3,16333,7.05,18219,251,73,25.1,1633.3
1,21,3,0,6,6,8,0,1,0,2,17263,6.57,17334,223,55,48,2160,22.3,1726.3,28,2,1,6,6,6,0,1,0,0,13435,6.63,16176,230,65,23.0,1343.5
0,19,2,0,4,7,6,0,0,0,1,14929,6.81,17519,168,30,-1730,-648,16.8,1492.9,24,1,1,7,4,10,1,1,0,1,16603,7.48,16176,213,43,21.3,1660.3
0,10,1,0,5,7,1,0,0,1,0,14611,6.58,14933,213,49,-1846,-2200,21.3,1461.1,24,3,1,7,5,9,1,1,0,0,17795,7.17,19634,243,63,24.3,1779.5
0,9,2,1,8,8,10,0,0,0,1,15736,7.5,15260,218,56,-449,-2351,21.8,1573.6,25,2,0,8,8,4,0,0,0,1,16356,6.97,18841,237,52,23.7,1635.6
0,26,5,0,10,4,8,1,1,0,1,14952,6.97,17644,244,57,20,-41,24.4,1495.2,19,1,1,4,10,7,0,1,0,1,17302,6.82,17339,194,58,19.4,1730.2
0,17,1,0,2,7,6,0,0,0,0,14459,6.32,15346,200,46,-4402,-3022,20.0,1445.9,7,3,1,7,2,10,0,0,1,1,19264,6.98,20406,230,56,23.0,1926.4
0,19,1,0,3,6,2,0,0,0,1,14253,6.35,16297,211,54,-3128,298,21.1,1425.3,33,3,1,6,3,9,1,1,1,0,19215,7.31,20655,247,55,24.7,1921.5
1,14,1,0,8,6,2,0,0,0,0,16843,6.66,18923,214,55,-536,-892,21.4,1684.3,14,3,1,6,8,5,1,0,0,1,15758,7.2,17576,257,59,25.7,1575.8
0,15,2,1,3,5,3,0,0,0,2,15978,6.03,17679,205,42,-1612,348,20.5,1597.8,22,0,0,5,3,6,0,1,0,0,18779,8.03,19309,210,77,21.0,1877.9
1,26,0,0,5,5,10,0,1,1,2,18198,6.78,19699,205,63,61,916,20.5,1819.8,17,0,1,5,5,6,0,0,0,0,13205,6.32,17254,196,69,19.6,1320.5
0,26,1,1,3,11,1,0,0,0,0,16939,6.76,17596,182,48,-2712,-2623,18.2,1693.9,21,5,0,11,3,11,1,1,1,2,19657,6.67,18971,245,69,24.5,1965.7
1,18,4,1,7,3,12,1,1,0,1,15397,6.79,18383,236,54,905,1269,23.6,1539.7,17,0,0,3,7,1,1,0,0,0,14822,6.25,19009,202,53,20.2,1482.2
0,21,1,0,0,14,2,0,0,0,0,16170,6.95,13608,186,68,-1988,-1610,18.6,1617.0,28,4,1,14,0,9,1,0,0,0,15195,7.16,20156,270,47,27.0,1519.5
1,24,3,1,12,3,11,0,0,1,1,19607,7.3,19055,235,67,2053,2643,23.5,1960.7,18,2,0,3,12,6,0,0,0,1,15069,6.48,15265,179,61,17.9,1506.9
0,16,4,0,3,9,4,0,0,0,0,14525,6.73,15911,232,39,-3771,-1644,23.2,1452.5,24,3,1,9,3,12,1,1,0,0,20465,7.17,20984,253,89,25.3,2046.5
0,27,2,1,5,5,3,1,0,0,0,16127,6.52,16242,223,53,-3180,-1126,22.3,1612.7,21,2,0,5,5,8,1,0,0,1,18533,7.13,21350,221,44,22.1,1853.3
0,19,0,1,3,4,6,1,0,1,0,19186,6.73,20294,232,80,738,1506,23.2,1918.6,18,2,0,4,3,5,1,0,1,0,14225,6.96,17184,186,50,18.6,1422.5
1,30,1,0,8,2,7,0,1,0,2,18116,7.76,21388,248,71,3836,4498,24.8,1811.6,21,0,1,2,8,3,0,0,0,0,14246,7.11,18400,236,55,23.6,1424.6
0,23,2,1,5,7,12,1,0,1,1,20929,6.96,18739,211,52,803,1564,21.1,2092.9,18,3,0,7,5,9,0,1,0,0,15962,7.32,16613,203,67,20.3,1596.2
1,21,1,1,7,3,9,0,0,0,0,15753,7.44,18580,210,84,-358,-710,21.0,1575.3,14,3,0,3,7,5,1,0,1,1,14842,7.11,16222,214,36,21.4,1484.2
1,27,2,1,6,7,2,0,0,0,0,16145,6.75,17133,237,61,-1687,-738,23.7,1614.5,18,2,0,7,6,4,0,0,0,0,15103,6.54,15220,169,35,16.9,1510.3
0,19,1,0,6,8,1,0,1,1,0,15822,5.36,17144,223,54,316,-912,22.3,1582.2,20,4,1,8,6,8,0,1,1,0,18669,7.35,16380,226,67,22.6,1866.9
0,19,4,0,5,9,7,0,0,0,1,15213,7.38,16808,178,45,-251,-151,17.8,1521.3,16,2,1,9,5,5,0,1,0,0,15367,6.57,16918,226,57,22.6,1536.7
0,24,0,0,2,11,4,0,0,0,1,14689,6.28,14473,205,48,-2148,-1880,20.5,1468.9,31,3,1,11,2,10,1,1,1,1,19493,6.87,17589,242,84,24.2,1949.3
0,24,1,1,8,10,0,0,0,0,1,15381,6.1,17344,190,56,-1531,-2435,19.0,1538.1,20,1,0,10,8,6,1,0,0,2,18366,6.63,17913,238,54,23.8,1836.6
0,27,3,0,6,7,14,1,0,0,0,17341,7.27,15505,214,65,572,1602,21.4,1734.1,18,2,1,7,6,10,0,1,0,1,15850,6.35,16112,186,41,18.6,1585.0
0,0,2,0,2,11,0,0,0,0,0,17018,5.97,15129,186,27,-2045,-549,18.6,1701.8,18,4,1,11,2,11,1,0,1,0,17147,7.58,21109,214,72,21.4,1714.7
1,23,2,1,3,6,6,0,0,0,0,18610,7.32,17386,243,54,-188,492,24.3,1861.0,18,2,0,6,3,2,0,0,0,0,17675,7.11,17132,200,63,20.0,1767.5
0,18,0,0,3,9,4,0,0,0,0,14074,6.6,14578,178,50,-2568,-930,17.8,1407.4,27,3,1,9,3,9,0,1,0,0,18249,7.49,18104,229,57,22.9,1824.9
0,20,2,1,8,6,5,1,1,0,0,17307,7.07,16685,187,43,651,3647,18.7,1730.7,21,2,0,6,8,2,1,0,0,0,15695,7.07,16102,198,44,19.8,1569.5
0,22,2,1,2,11,8,1,0,0,0,16966,6.93,17089,203,36,-1103,-1385,20.3,1696.6,20,3,0,11,2,6,0,0,0,1,15852,6.79,20314,220,58,22.0,1585.2
1,24,4,0,10,3,10,1,0,0,2,15983,6.86,18703,275,74,2361,1833,27.5,1598.3,15,0,1,3,10,7,0,0,0,1,15413,5.93,15508,131,44,13.1,1541.3
1,24,3,0,7,7,7,0,0,0,2,17221,6.6,18560,245,57,-944,-1123,24.5,1722.1,22,2,1,7,7,2,0,0,0,0,16954,6.72,17338,236,61,23.6,1695.4
1,21,3,1,5,2,9,0,0,1,0,17775,7.53,19221,265,59,3014,12,26.5,1777.5,13,1,0,2,5,1,0,0,0,0,15031,6.8,17295,171,70,17.1,1503.1
1,26,2,0,6,11,6,1,0,0,1,15391,6.49,16605,233,48,-875,-833,23.3,1539.1,19,2,1,11,6,7,2,0,0,1,18562,6.61,19157,188,54,18.8,1856.2
1,24,4,1,6,7,6,0,1,0,0,18856,6.82,18365,216,61,-1345,1613,21.6,1885.6,19,2,0,7,6,6,0,1,1,0,17536,6.22,18026,212,49,21.2,1753.6
0,21,3,0,1,7,1,0,0,0,1,16162,6.7,14968,207,54,-2362,-1252,20.7,1616.2,23,1,1,7,1,8,1,0,1,0,17778,6.96,18960,211,57,21.1,1777.8
0,22,2,1,7,7,8,0,0,0,1,16480,7.04,14357,209,61,-2170,617,20.9,1648.0,29,3,0,7,7,4,1,0,0,1,17998,6.69,16597,228,58,22.8,1799.8
0,25,5,0,7,6,10,1,1,0,1,15285,6.25,18100,191,57,695,2628,19.1,1528.5,16,2,1,6,7,0,1,0,1,0,13422,7.47,17326,231,49,23.1,1342.2
1,24,1,1,2,8,5,0,1,0,0,16907,6.88,16306,189,58,-13,-977,18.9,1690.7,19,1,0,8,2,10,0,1,0,1,17844,6.52,18247,208,48,20.8,1784.4
0,17,0,1,4,9,4,0,0,0,0,13482,6.96,16546,219,57,-2041,-2695,21.9,1348.2,28,2,0,9,4,9,1,0,0,0,18986,7.51,22130,226,55,22.6,1898.6
0,22,1,0,3,9,3,0,0,0,0,14374,6.71,12169,189,60,-2582,-808,18.9,1437.4,25,5,1,9,3,6,1,0,0,1,18553,7.59,19841,225,63,22.5,1855.3
0,16,0,1,1,8,0,0,0,0,1,13733,6.79,13685,193,44,-3563,-2810,19.3,1373.3,25,2,0,8,1,10,1,1,0,2,21185,7.35,21719,269,88,26.9,2118.5
0,27,0,1,3,12,3,0,0,0,0,15358,6.53,15886,186,49,-1165,-49,18.6,1535.8,23,3,0,12,3,7,1,2,0,0,17932,7.38,20004,255,69,25.5,1793.2
1,27,1,0,7,5,10,1,1,0,1,16938,6.52,18500,220,73,2482,880,22.0,1693.8,19,3,1,5,7,1,1,1,0,0,14564,6.33,16707,212,45,21.2,1456.4
0,14,2,1,5,10,4,0,0,0,0,13431,6.69,16756,212,37,-1743,-2123,21.2,1343.1,25,3,0,10,5,7,1,1,0,0,18941,7.56,19265,230,82,23.0,1894.1
0,29,1,0,4,9,8,1,0,0,0,16745,6.56,14893,170,40,-1968,-3756,17.0,1674.5,23,0,1,9,4,4,1,1,1,1,19954,7.06,21017,240,66,24.0,1995.4
1,13,2,1,6,4,12,0,1,0,1,17526,8.0,17092,241,72,3211,2068,24.1,1752.6,19,1,0,4,6,1,0,0,0,0,13220,6.41,16299,187,47,18.7,1322.0
0,22,2,1,0,8,4,1,0,0,0,16758,6.84,15444,224,60,-1584,-570,22.4,1675.8,28,2,0,8,0,7,1,1,0,1,18947,7.45,17876,189,35,18.9,1894.7
1,17,2,1,3,5,9,1,1,0,1,16651,7.29,17468,223,50,1291,431,22.3,1665.1,28,3,0,5,3,0,0,0,0,0,15564,6.8,17687,207,63,20.7,1556.4
0,31,3,1,4,4,7,2,0,0,1,16295,6.95,18860,209,64,649,680,20.9,1629.5,13,4,0,4,4,3,0,1,1,1,15530,6.81,15058,236,45,23.6,1553.0
1,23,1,1,6,7,4,1,1,0,0,17077,7.08,18811,229,57,1366,122,22.9,1707.7,27,0,0,7,6,4,0,1,0,0,16468,6.74,13614,236,62,23.6,1646.8
0,13,3,0,2,10,6,1,0,0,0,14099,6.95,13997,174,43,-3315,-2911,17.4,1409.9,29,4,1,10,2,4,1,1,0,0,19177,7.14,18268,254,69,25.4,1917.7
0,18,0,1,5,6,7,1,1,0,1,14810,7.07,18492,214,55,-1734,-1371,21.4,1481.0,18,2,0,6,5,10,1,1,0,1,17180,6.78,18466,220,56,22.0,1718.0
0,13,0,1,2,9,10,0,1,0,0,15960,7.49,13389,182,54,-2685,-1992,18.2,1596.0,27,3,0,9,2,12,2,1,1,2,18290,7.43,19071,222,69,22.2,1829.0
1,23,6,1,11,0,10,2,0,0,1,20278,7.85,23918,235,81,5223,3314,23.5,2027.8,24,3,0,0,11,4,0,0,0,0,14313,6.24,14621,246,48,24.6,1431.3
0,15,0,0,5,12,5,0,0,1,0,13047,6.53,15137,238,58,-3776,-2418,23.8,1304.7,19,3,1,12,5,6,0,1,1,1,20326,7.74,19836,239,60,23.9,2032.6
0,14,0,1,0,6,2,1,0,0,0,14137,6.74,14593,231,53,-2576,-2182,23.1,1413.7,20,2,0,6,0,11,1,1,0,0,18950,7.34,18904,201,40,20.1,1895.0
0,19,0,1,4,10,2,1,0,0,0,12848,6.88,15554,217,44,-1530,-1446,21.7,1284.8,26,3,0,10,4,7,1,0,0,1,17981,6.74,20146,183,44,18.3,1798.1
0,19,0,0,3,11,9,0,0,0,1,14780,7.01,14254,210,45,-3048,-1101,21.0,1478.0,26,2,1,11,3,12,2,1,1,1,19266,7.32,17654,225,62,22.5,1926.6
1,18,3,1,6,3,4,0,1,0,1,17943,7.19,18046,245,62,2594,2154,24.5,1794.3,18,2,0,3,6,3,0,0,0,0,14797,6.48,17022,224,45,22.4,1479.7
1,17,4,0,13,0,11,1,0,0,1,18068,6.91,21593,249,58,4631,2553,24.9,1806.8,15,1,1,0,13,0,0,0,0,0,12096,6.22,15586,177,48,17.7,1209.6
1,21,2,1,6,4,10,0,0,1,1,14659,7.08,18235,210,42,571,-1344,21.0,1465.9,20,2,0,4,6,5,1,0,0,1,17679,6.85,17882,217,49,21.7,1767.9
0,20,1,0,3,10,0,0,0,0,0,13889,6.96,15302,192,24,-1374,-728,19.2,1388.9,28,4,1,10,3,12,1,1,1,0,19401,7.47,18923,253,43,25.3,1940.1
0,19,0,0,0,7,1,0,1,0,0,12325,6.2,14327,194,37,-3040,-3717,19.4,1232.5,24,4,1,7,0,13,2,1,1,2,21104,7.65,20776,273,72,27.3,2110.4
1,22,1,0,8,7,8,1,1,0,1,19214,7.35,15572,193,45,504,77,19.3,1921.4,19,4,1,7,8,3,1,1,0,1,15260,6.95,17308,213,56,21.3,1526.0
0,27,0,1,6,7,3,0,0,0,0,17241,7.13,18456,219,56,-196,-874,21.9,1724.1,24,3,0,7,6,6,1,1,0,1,18079,6.68,20867,234,69,23.4,1807.9
0,24,3,0,5,9,6,0,0,0,2,14047,6.85,15948,236,47,-327,-3081,23.6,1404.7,20,3,1,9,5,4,1,0,1,0,15324,7.0,17003,208,64,20.8,1532.4
1,34,3,1,0,4,5,0,0,0,2,17542,6.8,19038,235,71,1209,-439,23.5,1754.2,26,0,0,4,0,7,0,1,0,1,14072,6.05,18664,222,61,22.2,1407.2
1,36,2,0,6,3,10,1,0,0,0,16832,6.7,18256,228,64,-1066,-320,22.8,1683.2,25,1,1,3,6,3,0,0,0,0,13818,6.64,17283,265,35,26.5,1381.8
1,12,3,1,4,6,10,2,1,1,0,17168,7.2,17238,192,25,1025,2737,19.2,1716.8,29,3,0,6,4,4,0,0,0,1,17455,6.26,17020,214,57,21.4,1745.5
1,8,3,0,8,6,5,0,0,0,1,15604,6.95,15638,206,43,793,-1046,20.6,1560.4,23,1,1,6,8,6,0,1,0,0,17947,6.45,16839,229,63,22.9,1794.7
0,18,2,0,1,4,0,0,2,0,1,15728,6.53,18285,254,45,-1626,-78,25.4,1572.8,25,3,1,4,1,12,1,0,0,1,20035,6.93,17495,256,56,25.6,2003.5
1,24,4,1,11,5,9,1,0,1,1,19043,6.49,19013,232,54,504,2102,23.2,1904.3,21,1,0,5,11,1,1,0,0,0,16665,6.06,15176,218,54,21.8,1666.5
0,20,0,0,8,10,9,1,1,0,0,16676,7.13,17452,202,51,836,175,20.2,1667.6,23,1,1,10,8,5,2,0,0,0,15963,7.57,19427,202,54,20.2,1596.3
1,25,2,0,8,5,9,2,0,0,1,16609,7.36,20027,233,44,562,1115,23.3,1660.9,16,0,1,5,8,6,0,0,0,0,14723,7.1,15325,176,62,17.6,1472.3
1,20,2,1,10,2,9,1,1,0,1,17664,7.19,18766,236,63,1567,1492,23.6,1766.4,18,0,0,2,10,6,0,0,0,0,15483,6.63,19087,216,44,21.6,1548.3
0,14,2,1,1,10,4,0,0,0,0,15472,6.52,15138,203,42,-2065,-3613,20.3,1547.2,29,1,0,10,1,7,2,1,0,0,19295,7.58,16662,216,58,21.6,1929.5
0,14,0,0,1,11,3,1,0,0,0,15591,6.19,13696,207,36,-707,-1649,20.7,1559.1,29,4,1,11,1,10,2,2,0,1,16066,7.5,18453,241,76,24.1,1606.6
1,17,4,0,6,4,3,0,1,0,1,15111,6.96,14810,195,39,-321,-434,19.5,1511.1,17,4,1,4,6,10,1,1,1,1,18561,6.97,20468,244,50,24.4,1856.1
0,22,2,1,2,8,4,0,0,1,0,13292,7.29,17192,242,47,-1826,469,24.2,1329.2,24,2,0,8,2,10,1,1,1,0,16610,7.08,21649,237,53,23.7,1661.0
1,19,5,0,5,7,7,0,1,0,0,18933,6.79,17704,225,82,1795,1761,22.5,1893.3,24,3,1,7,5,3,1,0,1,0,13027,7.4,13679,216,45,21.6,1302.7
0,19,2,1,6,2,9,1,1,1,0,16785,6.72,16705,223,53,-684,-220,22.3,1678.5,27,3,0,2,6,4,1,0,0,0,16349,7.28,16779,168,57,16.8,1634.9
1,25,2,0,6,3,6,1,0,0,2,18526,7.05,19836,226,69,1864,1337,22.6,1852.6,23,3,1,3,6,1,0,0,0,1,16442,7.02,17019,236,62,23.6,1644.2
1,20,3,0,11,5,6,0,0,1,0,19425,7.45,17535,256,68,-325,990,25.6,1942.5,18,0,1,5,11,4,1,0,0,0,15514,7.33,15854,221,63,22.1,1551.4
0,26,4,1,8,5,7,1,0,0,1,17488,7.47,17141,216,51,2366,-394,21.6,1748.8,22,2,0,5,8,5,1,1,1,1,16945,6.67,19610,205,51,20.5,1694.5
1,18,2,0,7,6,7,2,0,0,2,18996,7.18,17219,218,64,1715,816,21.8,1899.6,17,1,1,6,7,3,0,0,0,0,14728,7.05,16954,204,59,20.4,1472.8
1,15,0,0,5,8,4,1,1,0,1,16975,7.02,16547,240,46,103,-718,24.0,1697.5,10,3,1,8,5,6,1,0,0,0,15583,6.04,14073,246,51,24.6,1558.3
1,22,0,1,7,5,8,1,1,0,2,17458,6.94,17565,202,32,-57,921,20.2,1745.8,19,0,0,5,7,6,1,0,0,0,14918,6.58,17181,203,46,20.3,1491.8
1,25,3,1,12,1,6,1,0,0,1,15978,6.77,19271,210,64,3643,1986,21.0,1597.8,17,1,0,1,12,2,0,1,0,1,14816,6.71,16055,201,65,20.1,1481.6
1,16,4,1,7,9,7,0,1,0,0,13951,6.38,17130,215,55,51,-374,21.5,1395.1,20,0,0,9,7,1,0,0,0,0,16350,6.28,18087,206,47,20.6,1635.0
0,26,0,1,3,8,7,1,0,0,0,16319,6.97,19105,212,46,-905,-932,21.2,1631.9,26,3,0,8,3,6,1,0,1,0,15804,6.88,16434,192,60,19.2,1580.4
0,28,1,1,1,8,8,1,0,1,0,13461,7.41,16346,237,62,-1532,476,23.7,1346.1,21,1,0,8,1,10,1,0,1,1,16970,7.85,17555,244,64,24.4,1697.0
1,18,2,1,7,6,13,1,0,1,2,19520,7.98,18843,204,63,1737,1231,20.4,1952.0,21,0,0,6,7,6,2,0,0,1,15822,6.24,15477,247,59,24.7,1582.2
1,30,5,1,9,5,12,1,1,1,0,19486,7.13,17424,231,42,1287,2057,23.1,1948.6,21,0,0,5,9,0,0,0,0,0,13357,6.88,16235,238,39,23.8,1335.7
1,8,5,1,5,4,4,1,0,0,0,18402,6.61,17171,209,49,702,2290,20.9,1840.2,19,5,0,4,5,5,0,0,1,1,15852,7.48,17473,232,52,23.2,1585.2
1,28,3,1,11,2,8,0,1,0,1,17890,6.87,18852,211,64,3032,1813,21.1,1789.0,18,1,0,2,11,3,0,0,0,2,17664,6.28,16702,205,75,20.5,1766.4
0,12,2,1,3,10,3,1,0,0,0,14123,7.18,14180,179,49,-2577,-1929,17.9,1412.3,16,4,0,10,3,11,0,1,1,1,18392,8.22,20132,251,59,25.1,1839.2
1,25,3,0,6,2,6,1,0,0,0,16328,6.49,20125,229,58,-601,538,22.9,1632.8,18,0,1,2,6,5,0,0,1,2,15063,7.11,17671,231,69,23.1,1506.3
0,15,0,1,7,5,7,1,0,0,1,16065,6.89,17146,254,58,-100,-268,25.4,1606.5,20,3,0,5,7,10,2,1,0,0,18825,7.22,16290,237,73,23.7,1882.5
0,18,3,1,1,6,8,0,1,0,0,14273,7.09,16862,225,58,-589,-1053,22.5,1427.3,17,2,0,6,1,7,1,0,0,0,16727,7.54,18534,287,61,28.7,1672.7
1,21,2,0,10,1,11,1,1,0,2,19484,7.5,21304,277,54,5453,3881,27.7,1948.4,9,0,1,1,10,0,0,0,0,0,12584,6.3,14179,221,42,22.1,1258.4
1,19,2,0,4,4,8,0,0,0,2,15456,7.41,17172,161,53,1223,-1279,16.1,1545.6,27,2,1,4,4,8,0,0,0,0,15335,7.06,18283,186,29,18.6,1533.5
1,28,4,0,6,8,3,0,0,0,0,16517,6.32,16900,210,44,-1348,-380,21.0,1651.7,19,1,1,8,6,8,1,0,0,0,16205,7.83,18839,230,64,23.0,1620.5
0,20,2,0,4,6,7,1,0,0,1,15854,6.65,18539,218,71,23,1175,21.8,1585.4,14,2,1,6,4,4,0,0,0,0,17078,6.7,18159,226,55,22.6,1707.8
0,27,3,0,2,10,0,0,0,1,0,15232,6.23,13093,217,47,-3828,-3489,21.7,1523.2,25,0,1,10,2,10,2,1,0,1,21054,7.32,18821,255,76,25.5,2105.4
0,17,4,0,4,9,8,2,0,0,1,14440,6.66,18503,257,55,-355,-930,25.7,1444.0,22,4,1,9,4,8,1,1,0,0,18548,7.18,18299,201,45,20.1,1854.8
1,29,0,1,9,5,8,0,0,0,1,17563,7.51,19231,241,67,1674,2077,24.1,1756.3,11,2,0,5,9,1,1,0,1,0,16209,6.8,18877,232,53,23.2,1620.9
0,11,0,0,2,7,2,0,0,1,0,16067,5.99,18602,207,49,-360,-853,20.7,1606.7,21,3,1,7,2,9,0,1,0,0,18199,7.12,18399,196,62,19.6,1819.9
0,17,3,0,5,8,4,0,0,0,0,15265,6.63,17245,197,41,-1984,-2267,19.7,1526.5,26,3,1,8,5,7,1,0,1,0,18360,7.62,20531,239,56,23.9,1836.0
1,20,4,0,7,2,10,1,1,1,2,17630,7.37,16868,232,63,920,939,23.2,1763.0,25,1,1,2,7,1,0,0,0,1,15052,6.4,13916,250,55,25.0,1505.2
1,30,3,1,7,2,6,2,1,1,0,19312,7.55,18074,209,68,2174,3221,20.9,1931.2,13,2,0,2,7,4,0,0,0,0,15919,6.57,13603,179,36,17.9,1591.9
1,22,3,0,7,8,5,1,1,0,1,16824,6.83,17618,197,79,513,1487,19.7,1682.4,15,1,1,8,7,3,0,0,1,0,14580,6.86,16856,211,55,21.1,1458.0
0,9,3,1,8,7,4,0,0,0,1,17177,6.75,14952,220,65,-1522,-132,22.0,1717.7,21,1,0,7,8,10,1,1,0,2,17270,6.74,18221,219,59,21.9,1727.0
1,13,3,0,4,7,8,0,0,0,1,16059,6.91,16917,212,45,-1157,334,21.2,1605.9,20,3,1,7,4,7,1,0,0,0,16769,7.04,17412,220,68,22.0,1676.9
0,13,1,0,0,8,0,1,1,0,2,16107,6.92,14868,199,56,-2732,-1748,19.9,1610.7,21,0,1,8,0,10,0,0,0,2,16371,6.44,17358,255,91,25.5,1637.1
0,23,3,0,2,9,5,1,0,0,0,15632,7.24,15765,233,58,-2361,-107,23.3,1563.2,22,2,1,9,2,1,0,1,0,3,16417,6.99,18384,237,64,23.7,1641.7
0,22,1,1,3,7,3,0,0,0,0,13046,6.63,14969,273,37,-2591,-3201,27.3,1304.6,29,2,0,7,3,8,1,0,0,0,17982,7.2,18459,244,62,24.4,1798.2
0,17,2,1,9,6,8,0,0,0,0,17855,6.96,16403,202,47,-278,-453,20.2,1785.5,22,2,0,6,9,10,0,0,1,1,17299,6.58,18167,222,52,22.2,1729.9
1,15,2,0,5,10,5,1,0,0,1,13192,5.95,17654,189,46,-2409,-2324,18.9,1319.2,28,2,1,10,5,5,2,0,0,0,15151,7.37,18529,225,55,22.5,1515.1
0,20,0,0,1,6,6,0,0,0,0,15579,6.43,14447,226,33,-2665,-1866,22.6,1557.9,25,0,1,6,1,12,1,1,0,1,20035,6.91,20391,262,64,26.2,2003.5
1,15,1,1,6,6,8,0,1,0,1,16327,7.2,18018,200,52,637,-927,20.0,1632.7,24,6,0,6,6,4,2,0,0,1,15657,6.64,17456,246,67,24.6,1565.7
1,23,5,0,10,4,4,0,0,1,2,16790,7.36,16590,204,54,-214,1530,20.4,1679.0,22,0,1,4,10,5,1,0,0,0,17571,6.94,17218,208,61,20.8,1757.1
1,25,2,0,9,0,11,1,1,1,1,18128,6.73,20369,252,73,5096,2052,25.2,1812.8,13,0,1,0,9,0,0,1,0,0,12450,6.61,16056,186,39,18.6,1245.0
0,17,2,1,4,7,6,1,0,0,1,16731,6.71,15739,226,48,-671,-1272,22.6,1673.1,20,1,0,7,4,9,1,0,1,2,19096,7.48,19832,229,81,22.9,1909.6
1,23,3,1,6,3,5,0,0,0,0,16010,6.8,18379,223,50,779,1012,22.3,1601.0,26,4,0,3,6,6,0,0,0,1,14799,6.7,15957,183,46,18.3,1479.9
0,21,2,0,8,2,5,1,0,1,1,15592,7.4,15370,222,52,879,2466,22.2,1559.2,21,3,1,2,8,7,0,0,0,1,16622,7.34,17773,221,21,22.1,1662.2
0,22,3,0,4,12,0,0,0,0,1,17765,6.3,15387,254,66,-580,-1082,25.4,1776.5,17,3,1,12,4,3,0,0,0,0,17700,6.37,18339,275,52,27.5,1770.0
1,15,3,0,10,6,10,0,1,1,0,19196,7.3,19082,225,67,702,29,22.5,1919.6,15,0,1,6,10,7,1,0,0,1,14202,6.78,19688,188,55,18.8,1420.2
0,25,1,0,10,6,7,0,0,0,0,17460,7.23,20100,254,45,1001,712,25.4,1746.0,11,3,1,6,10,2,0,0,1,0,17303,7.07,18268,210,66,21.0,1730.3
0,26,3,1,8,5,5,1,0,0,2,15531,7.25,19149,231,58,32,1940,23.1,1553.1,9,2,0,5,8,7,0,1,0,1,16332,6.81,17748,191,53,19.1,1633.2
0,21,1,0,5,4,3,1,0,0,0,15589,6.89,17434,249,46,-976,-915,24.9,1558.9,11,4,1,4,5,9,1,1,0,1,16738,6.33,18830,252,79,25.2,1673.8
0,22,4,0,2,6,4,1,0,0,0,15495,7.01,16154,197,37,-484,-1432,19.7,1549.5,25,4,1,6,2,5,1,1,0,2,18877,6.85,16186,250,62,25.0,1887.7
0,17,2,0,2,8,5,0,0,0,1,15763,6.84,14050,201,45,-4193,-4283,20.1,1576.3,20,4,1,8,2,9,0,1,1,1,19282,7.02,18625,228,48,22.8,1928.2
1,23,1,1,3,4,5,0,0,0,0,17301,6.48,16200,195,66,-1392,-1614,19.5,1730.1,23,2,0,4,3,7,0,0,0,1,15506,6.83,18967,209,38,20.9,1550.6
0,19,2,0,3,11,4,0,2,0,1,16319,6.69,15247,190,56,-1349,-1390,19.0,1631.9,26,1,1,11,3,1,1,0,1,1,17395,6.93,18665,236,66,23.6,1739.5
0,12,0,1,3,8,1,0,0,0,0,14711,6.93,15379,237,44,-1759,-1243,23.7,1471.1,10,1,0,8,3,10,1,0,1,1,18586,6.7,18321,247,68,24.7,1858.6
1,25,3,0,8,3,6,0,2,1,0,15793,7.1,18608,226,67,2822,660,22.6,1579.3,21,0,1,3,8,4,1,0,0,0,14821,6.32,15828,195,59,19.5,1482.1
1,14,2,1,7,4,6,0,1,1,2,18839,6.49,18230,215,69,918,1098,21.5,1883.9,14,2,0,4,7,3,0,1,0,0,15166,6.38,19419,193,68,19.3,1516.6
0,20,0,1,1,5,4,1,0,0,0,16083,6.14,15694,205,46,-2747,-2520,20.5,1608.3,27,5,0,5,1,10,0,0,1,1,18919,7.39,17290,213,53,21.3,1891.9
0,19,1,0,5,3,8,0,0,0,1,15251,7.48,17540,187,69,408,508,18.7,1525.1,22,5,1,3,5,5,0,0,0,1,14086,6.45,18686,194,48,19.4,1408.6
0,16,5,1,7,12,3,1,0,0,0,14852,6.49,16675,205,38,-81,-1941,20.5,1485.2,21,3,0,12,7,8,1,1,1,1,18197,7.68,20241,220,47,22.0,1819.7
0,20,2,1,7,6,10,1,0,0,0,16944,6.06,16622,230,67,-2015,-121,23.0,1694.4,22,4,0,6,7,12,1,1,0,1,18016,6.84,16805,183,64,18.3,1801.6
0,15,1,1,2,7,3,1,0,0,0,15113,6.54,18124,243,57,-1331,-1479,24.3,1511.3,22,1,0,7,2,9,0,1,0,2,19148,7.44,19650,214,62,21.4,1914.8
1,24,1,0,10,5,3,1,0,0,1,17397,7.34,19246,169,60,462,929,16.9,1739.7,17,1,1,5,10,6,1,0,0,0,14366,6.99,17071,179,51,17.9,1436.6
1,19,2,0,4,7,4,0,0,0,0,16661,6.54,18161,200,47,-1301,-978,20.0,1666.1,21,0,1,7,4,7,0,2,0,1,18368,8.05,18854,206,62,20.6,1836.8
1,19,2,1,13,3,7,0,1,1,1,17979,7.64,19262,243,41,683,800,24.3,1797.9,19,1,0,3,13,6,0,1,0,0,14799,6.26,15749,215,53,21.5,1479.9
0,26,0,0,6,12,14,0,0,1,1,13418,6.47,19160,226,45,-735,-470,22.6,1341.8,25,2,1,12,6,9,0,0,0,2,17228,7.15,16303,210,57,21.0,1722.8
0,20,2,0,6,6,4,1,0,0,1,16980,6.91,16861,200,51,-750,-186,20.0,1698.0,22,1,1,6,6,7,2,1,1,0,15823,7.72,17582,224,57,22.4,1582.3
0,21,1,1,5,7,0,1,0,0,1,15293,6.89,16492,207,41,-2774,-1824,20.7,1529.3,22,2,0,7,5,5,1,1,0,1,18108,7.35,19295,238,55,23.8,1810.8
1,28,2,1,10,7,7,0,0,0,0,14973,7.07,15683,215,47,1092,487,21.5,1497.3,20,3,0,7,10,7,2,0,0,1,14477,6.32,16235,228,25,22.8,1447.7
1,29,1,0,7,1,7,0,1,0,1,18856,7.36,19118,232,63,3308,2525,23.2,1885.6,13,4,1,1,7,6,0,0,0,0,15535,6.85,16208,181,39,18.1,1553.5
0,23,2,1,10,8,4,1,0,0,0,15849,7.59,18610,251,43,1119,-1112,25.1,1584.9,29,5,0,8,10,4,1,2,0,1,18219,6.58,19321,199,71,19.9,1821.9
1,23,2,1,10,1,11,2,1,0,2,20697,7.67,20900,264,68,5044,4313,26.4,2069.7,18,2,0,1,10,1,0,0,0,0,16025,6.19,14264,169,44,16.9,1602.5
1,16,2,1,8,3,10,1,1,0,1,16878,6.62,20427,215,53,3276,3742,21.5,1687.8,15,2,0,3,8,1,1,0,0,0,13213,7.28,14533,231,57,23.1,1321.3
1,20,2,0,5,7,6,0,0,0,0,16777,6.81,17485,198,42,-866,104,19.8,1677.7,22,4,1,7,5,9,1,0,1,0,16834,7.26,17124,214,55,21.4,1683.4
1,25,5,1,7,6,5,1,0,0,1,16351,7.0,16915,229,66,-2368,-1555,22.9,1635.1,21,3,0,6,7,6,1,1,0,0,17833,6.76,18958,200,65,20.0,1783.3
1,23,4,1,6,7,6,1,1,0,0,15957,7.45,19776,197,46,58,2315,19.7,1595.7,24,1,0,7,6,4,1,0,1,1,14310,7.5,16105,225,33,22.5,1431.0
0,1,4,1,8,9,3,0,0,1,0,15393,6.83,14955,217,28,-616,-1717,21.7,1539.3,16,2,0,9,8,7,0,0,0,0,16222,6.6,18268,230,49,23.0,1622.2
1,27,2,0,11,5,5,1,0,0,0,19996,7.29,19982,249,80,1025,2314,24.9,1999.6,25,0,1,5,11,5,0,0,0,0,12622,6.44,14623,223,58,22.3,1262.2
1,25,5,1,7,2,10,1,0,0,0,19336,7.24,17893,214,51,537,-230,21.4,1933.6,25,0,0,2,7,7,0,1,1,1,16160,7.11,17989,223,56,22.3,1616.0
0,19,2,1,4,5,13,1,0,0,0,16507,7.09,18342,221,46,488,524,22.1,1650.7,23,3,0,5,4,6,1,0,0,0,15518,7.94,17662,261,56,26.1,1551.8
1,26,4,1,10,4,5,1,1,0,1,18698,6.76,17668,247,67,296,1757,24.7,1869.8,18,2,0,4,10,4,1,0,1,1,14459,7.03,17406,210,45,21.0,1445.9
1,27,4,1,5,6,8,2,1,0,1,17038,7.74,20480,292,59,4515,1996,29.2,1703.8,13,0,0,6,5,1,0,0,0,0,13711,6.8,15676,236,49,23.6,1371.1
1,17,2,0,8,3,4,0,0,0,1,18348,6.69,16412,235,52,780,-119,23.5,1834.8,31,3,1,3,8,6,0,1,1,0,15096,7.68,15522,223,64,22.3,1509.6
1,26,3,1,4,5,8,0,0,0,0,17573,6.31,16806,222,53,1182,-363,22.2,1757.3,10,1,0,5,4,6,2,1,0,0,16999,6.96,18625,207,75,20.7,1699.9
1,17,3,1,12,5,6,1,0,1,1,20630,7.39,19765,213,68,3831,2354,21.3,2063.0,16,0,0,5,12,5,0,0,0,0,14093,6.5,16759,210,65,21.0,1409.3
1,22,0,1,5,2,10,1,1,1,0,17240,6.89,17672,189,65,2510,496,18.9,1724.0,24,0,0,2,5,6,1,1,1,0,16776,6.91,17073,237,60,23.7,1677.6
0,19,2,0,4,5,6,1,0,1,0,15429,6.88,18435,209,67,-2199,-1062,20.9,1542.9,21,3,1,5,4,8,0,0,0,0,17121,7.22,19758,228,48,22.8,1712.1
1,16,3,0,7,10,6,1,0,0,1,17921,6.4,18818,241,68,-962,-2153,24.1,1792.1,20,2,1,10,7,11,0,0,0,1,14945,6.43,16441,204,50,20.4,1494.5
0,22,3,1,8,6,10,0,0,0,0,17190,7.0,16954,230,57,374,17,23.0,1719.0,26,0,0,6,8,12,1,0,0,1,13954,6.7,19854,241,65,24.1,1395.4
0,27,3,0,5,7,6,2,0,0,1,17035,6.86,18852,240,71,486,745,24.0,1703.5,15,1,1,7,5,6,1,0,0,0,17101,7.13,18116,218,61,21.8,1710.1
0,24,0,0,2,11,3,0,1,0,0,15593,6.51,15014,210,58,-2885,-3080,21.0,1559.3,13,1,1,11,2,10,2,1,0,1,20447,7.08,18331,243,53,24.3,2044.7
0,21,2,0,5,10,0,0,0,1,0,15173,6.56,17445,213,40,-2829,-2101,21.3,1517.3,30,0,1,10,5,11,1,0,1,0,21274,6.77,21099,257,57,25.7,2127.4
0,10,1,0,6,8,0,0,0,0,0,15325,6.6,13427,203,59,809,322,20.3,1532.5,20,3,1,8,6,12,1,0,1,0,19182,6.85,18866,225,69,22.5,1918.2
1,11,1,0,3,10,7,1,0,0,1,16320,6.41,17262,227,77,-1800,-2414,22.7,1632.0,25,2,1,10,3,7,0,1,1,1,17021,7.51,19289,226,54,22.6,1702.1
0,20,1,0,3,6,3,0,0,0,0,16183,6.3,17755,235,46,-1382,-2765,23.5,1618.3,21,4,1,6,3,6,0,0,0,1,16347,6.88,18114,227,68,22.7,1634.7
0,21,4,1,4,8,10,2,0,1,0,17393,7.22,17447,235,60,1146,371,23.5,1739.3,16,1,0,8,4,4,0,0,0,0,17498,6.91,14311,261,50,26.1,1749.8
0,17,2,0,6,5,5,1,1,0,1,14553,6.61,17797,220,29,130,-56,22.0,1455.3,9,3,1,5,6,10,1,0,0,1,16593,6.83,16136,264,51,26.4,1659.3
1,30,2,0,8,8,6,0,1,0,0,16287,6.41,16934,181,60,781,-399,18.1,1628.7,16,5,1,8,8,10,1,0,1,0,16482,6.85,16092,245,71,24.5,1648.2
0,18,4,1,4,10,4,0,0,0,0,15138,6.42,15049,203,55,-2098,-1863,20.3,1513.8,24,3,0,10,4,7,2,0,0,0,18232,7.61,19646,220,45,22.0,1823.2
1,22,2,0,3,6,4,0,0,0,1,14108,6.54,18175,212,55,-1420,-2113,21.2,1410.8,17,3,1,6,3,7,1,0,1,2,16974,7.07,18212,243,70,24.3,1697.4
1,26,4,1,11,6,3,2,0,0,1,15752,6.85,20187,231,63,396,1171,23.1,1575.2,28,3,0,6,11,10,0,1,0,1,15342,6.91,19025,202,53,20.2,1534.2
0,21,3,1,3,5,5,1,1,0,0,15626,7.38,17122,256,68,968,95,25.6,1562.6,17,2,0,5,3,6,1,0,0,1,15893,6.58,16258,196,43,19.6,1589.3
0,32,1,1,6,4,2,0,0,0,0,15408,6.39,17888,209,43,-1717,-1236,20.9,1540.8,26,4,0,4,6,8,0,1,0,2,18390,7.22,16940,258,55,25.8,1839.0
1,16,0,1,7,5,6,1,0,0,2,16631,7.55,18905,277,47,-676,-489,27.7,1663.1,24,4,0,5,7,9,0,0,0,0,17427,6.75,17201,219,46,21.9,1742.7
1,21,3,1,12,0,13,1,0,1,0,17991,7.45,18362,246,75,2767,2203,24.6,1799.1,15,1,0,0,12,0,0,0,0,0,14846,6.39,14763,203,33,20.3,1484.6
0,15,0,1,4,7,4,0,1,0,0,15285,6.75,16624,237,61,560,494,23.7,1528.5,25,1,0,7,4,12,0,1,0,0,16086,6.35,18600,228,62,22.8,1608.6
1,26,2,0,4,7,4,0,0,0,0,16947,7.16,15339,212,46,-2364,-910,21.2,1694.7,20,3,1,7,4,12,2,1,0,2,17016,7.16,17893,231,64,23.1,1701.6
0,24,2,0,6,8,6,0,0,1,1,16949,6.8,17384,188,57,-75,-2010,18.8,1694.9,23,4,1,8,6,2,1,0,0,1,16259,7.06,16943,242,55,24.2,1625.9
0,17,2,0,6,4,4,0,0,1,0,17285,6.75,16656,222,53,1806,-1285,22.2,1728.5,17,1,1,4,6,4,0,0,0,0,18824,7.72,16926,223,64,22.3,1882.4
0,15,2,1,2,3,7,1,0,0,0,14704,6.79,17303,202,64,-1961,-1098,20.2,1470.4,14,0,0,3,2,6,0,0,0,1,16557,7.17,19172,256,42,25.6,1655.7
1,27,0,1,10,4,9,1,1,0,0,17022,8.19,18642,242,62,-114,1408,24.2,1702.2,21,1,0,4,10,4,1,1,0,2,15773,7.32,17433,207,36,20.7,1577.3
0,19,3,0,4,14,4,0,0,0,0,13950,5.59,16250,199,50,-3200,-1474,19.9,1395.0,25,3,1,14,4,6,1,0,0,2,17864,7.53,18938,232,70,23.2,1786.4
0,25,1,0,4,15,4,0,0,0,0,13375,6.66,15396,188,43,-1921,-1211,18.8,1337.5,13,2,1,15,4,5,0,0,0,1,18334,6.66,19389,227,41,22.7,1833.4
0,19,0,1,6,11,4,0,0,0,1,14767,7.25,18489,240,44,-1394,35,24.0,1476.7,24,0,0,11,6,5,0,0,1,1,14734,7.46,19853,244,57,24.4,1473.4
1,22,3,1,9,3,5,0,0,0,1,17495,7.01,18484,234,61,-1016,-616,23.4,1749.5,23,2,0,3,9,5,1,0,0,1,15416,6.66,17411,224,65,22.4,1541.6
0,20,2,0,3,4,3,0,0,0,0,13631,6.91,18028,245,78,-140,73,24.5,1363.1,24,3,1,4,3,10,1,1,0,1,17974,6.4,18229,172,72,17.2,1797.4
1,17,1,1,3,4,4,0,0,0,0,19351,7.15,18390,236,56,618,220,23.6,1935.1,30,4,0,4,3,9,2,0,1,0,17143,6.88,16186,216,65,21.6,1714.3
1,19,1,1,8,8,6,1,1,1,0,14283,7.18,16036,228,44,217,-583,22.8,1428.3,19,5,0,8,8,6,1,0,1,0,16043,7.02,17089,239,39,23.9,1604.3
1,16,2,0,9,9,7,0,0,0,0,19010,7.04,19718,236,78,609,1286,23.6,1901.0,21,2,1,9,9,4,0,1,0,1,15762,6.43,15468,239,44,23.9,1576.2
0,22,4,0,4,8,8,0,0,0,0,16696,7.16,16940,228,70,-417,-1442,22.8,1669.6,17,4,1,8,4,4,0,0,0,1,17391,7.22,17260,220,43,22.0,1739.1
0,25,3,1,9,6,5,1,0,0,2,17964,7.04,17559,191,72,2399,132,19.1,1796.4,26,2,0,6,9,7,1,0,0,0,16261,6.86,20195,197,68,19.7,1626.1
1,24,2,0,5,5,6,0,0,0,1,16522,6.87,16778,192,49,-1418,-2452,19.2,1652.2,18,1,1,5,5,4,0,1,0,1,16441,6.52,16135,237,61,23.7,1644.1
1,24,4,1,5,4,6,0,0,0,0,18539,6.71,18308,224,55,3336,-42,22.4,1853.9,13,2,0,4,5,4,1,1,1,1,14661,6.97,15882,234,84,23.4,1466.1
1,20,2,0,8,5,4,1,1,0,1,16934,6.76,15611,221,52,957,-1246,22.1,1693.4,15,1,1,5,8,4,1,0,0,2,15552,7.34,16010,173,53,17.3,1555.2
0,29,3,0,9,6,9,1,0,0,1,18131,6.93,19249,208,55,1477,1066,20.8,1813.1,18,4,1,6,9,11,0,0,0,0,15028,7.02,15317,220,48,22.0,1502.8
0,26,3,1,7,3,8,1,0,1,0,17892,6.79,18572,172,61,1205,1341,17.2,1789.2,19,0,0,3,7,5,1,1,0,1,14663,6.14,16969,207,61,20.7,1466.3
0,28,3,0,8,6,6,0,0,0,1,17991,6.66,18515,227,57,618,-392,22.7,1799.1,17,5,1,6,8,9,0,0,0,0,16526,6.83,15977,206,46,20.6,1652.6
1,27,1,0,7,7,0,0,1,0,0,16557,7.19,15486,214,55,-481,-670,21.4,1655.7,27,1,1,7,7,7,1,0,0,0,17241,7.39,18104,217,68,21.7,1724.1
1,20,0,1,9,6,9,0,0,0,0,18147,6.71,16733,200,60,1354,177,20.0,1814.7,23,3,0,6,9,8,0,0,1,0,16147,6.79,19327,249,61,24.9,1614.7
1,24,4,0,9,3,10,1,0,0,0,16500,6.78,18360,212,58,3343,2422,21.2,1650.0,29,3,1,3,9,4,1,1,1,0,15106,6.32,13476,219,44,21.9,1510.6
0,23,4,0,4,8,8,0,0,0,0,16384,6.8,17115,201,38,-2037,-2274,20.1,1638.4,29,3,1,8,4,6,0,0,0,2,17662,6.78,19362,242,54,24.2,1766.2
0,13,0,0,5,7,8,0,1,0,0,15057,6.42,17757,178,41,-936,226,17.8,1505.7,15,4,1,7,5,4,1,0,1,2,15440,6.52,16663,179,66,17.9,1544.0
0,15,2,1,9,4,6,2,0,0,1,16828,7.15,16835,268,55,-1474,1886,26.8,1682.8,18,2,0,4,9,2,0,1,0,1,16865,6.4,14986,242,50,24.2,1686.5
1,14,2,1,8,7,6,0,0,1,1,19786,7.11,19065,226,59,-187,516,22.6,1978.6,16,1,0,7,8,6,0,1,0,0,16125,7.55,17706,193,54,19.3,1612.5
1,18,3,0,3,11,0,0,0,1,1,16913,6.85,15586,193,35,-1176,-289,19.3,1691.3,22,0,1,11,3,13,1,0,1,0,19966,6.67,18919,237,54,23.7,1996.6
1,18,2,1,6,7,6,0,1,0,1,14403,6.57,16776,254,52,2,-371,25.4,1440.3,22,1,0,7,6,3,0,0,0,1,14051,7.55,20085,244,46,24.4,1405.1
1,13,7,0,9,6,5,1,0,0,0,15870,6.69,17173,221,59,570,240,22.1,1587.0,18,3,1,6,9,5,0,0,0,1,18184,7.21,18418,228,54,22.8,1818.4
0,16,0,0,3,13,0,0,0,0,0,12531,6.53,13946,165,50,-3891,-2736,16.5,1253.1,20,2,1,13,3,13,1,1,1,1,20897,7.8,19268,274,62,27.4,2089.7
1,19,4,1,6,7,2,2,0,0,1,16981,6.29,17628,185,58,-515,1607,18.5,1698.1,25,0,0,7,6,6,0,1,0,0,17633,6.84,18562,226,47,22.6,1763.3
1,26,4,1,8,9,3,0,0,0,2,17717,6.98,16380,243,63,-2112,703,24.3,1771.7,18,3,0,9,8,10,0,0,0,1,15094,6.39,18160,245,73,24.5,1509.4
1,30,3,1,4,7,2,0,1,0,0,15068,6.87,17915,209,60,-219,-702,20.9,1506.8,14,3,0,7,4,8,1,0,1,1,16412,6.76,17554,220,49,22.0,1641.2
1,25,3,1,10,4,11,2,0,1,1,18204,7.7,19434,211,47,2574,3842,21.1,1820.4,16,1,0,4,10,0,1,0,0,2,13993,6.83,13901,173,51,17.3,1399.3
0,14,2,0,7,12,6,0,0,0,2,14949,6.04,14255,187,45,-3405,-1204,18.7,1494.9,21,0,1,12,7,9,0,1,0,1,19300,6.9,18415,244,55,24.4,1930.0
0,22,2,1,6,11,2,1,0,0,0,14620,6.52,17567,187,56,-1617,-1361,18.7,1462.0,18,3,0,11,6,10,0,1,0,0,17337,7.14,18368,229,68,22.9,1733.7
0,15,2,0,4,11,4,0,0,0,0,12986,6.29,14602,207,29,-4552,-3901,20.7,1298.6,28,2,1,11,4,11,0,1,0,0,21831,7.91,21910,190,59,19.0,2183.1
1,18,0,0,5,9,5,0,0,0,0,16769,7.23,17159,211,59,-39,-387,21.1,1676.9,20,1,1,9,5,8,1,0,0,1,17278,6.47,17936,205,37,20.5,1727.8
0,15,2,0,4,5,9,0,0,1,0,16549,7.07,16255,209,36,931,-1001,20.9,1654.9,14,2,1,5,4,6,1,0,0,1,17302,6.71,18392,201,59,20.1,1730.2
0,17,1,1,7,7,6,1,0,0,0,15156,6.55,14861,233,66,-2254,-560,23.3,1515.6,19,0,0,7,7,10,0,0,0,0,15464,7.1,19751,212,62,21.2,1546.4
1,21,0,1,4,5,10,2,0,0,1,19915,7.24,19390,215,63,720,1264,21.5,1991.5,16,0,0,5,4,2,0,0,0,0,16722,6.65,16230,212,53,21.2,1672.2
1,26,4,0,8,7,8,1,0,0,0,15054,7.43,22074,229,48,306,1871,22.9,1505.4,21,1,1,7,8,0,1,0,1,0,15211,6.19,16520,187,46,18.7,1521.1
0,23,4,0,8,4,4,1,0,0,1,14034,7.21,14237,244,46,386,-540,24.4,1403.4,20,3,1,4,8,4,1,0,0,0,16646,6.8,18786,221,52,22.1,1664.6
1,28,1,0,6,7,2,1,0,0,0,15424,7.23,18216,208,56,-1799,-40,20.8,1542.4,23,4,1,7,6,6,1,0,0,1,15384,6.98,18132,263,51,26.3,1538.4
1,25,4,1,4,4,9,1,0,0,0,18332,6.77,17397,212,57,1801,3510,21.2,1833.2,17,1,0,4,4,4,0,0,1,1,15700,6.26,16304,215,60,21.5,1570.0
0,22,0,0,3,6,6,1,0,1,0,15200,7.56,18249,189,73,364,1282,18.9,1520.0,24,2,1,6,3,3,0,0,0,0,18333,6.53,20238,208,72,20.8,1833.3
0,17,2,0,4,5,11,0,0,0,0,18260,6.38,15084,203,47,-2753,-1473,20.3,1826.0,35,3,1,5,4,7,1,1,1,0,15686,7.56,18586,225,75,22.5,1568.6
0,11,1,0,3,11,4,0,0,0,0,14285,6.55,16085,227,47,-2997,-2485,22.7,1428.5,25,4,1,11,3,11,0,1,0,1,19557,7.29,19849,243,55,24.3,1955.7
0,16,2,0,6,4,3,0,0,0,0,15687,6.59,18469,187,68,-457,-2894,18.7,1568.7,22,1,1,4,6,10,1,0,0,1,17364,6.76,16476,249,45,24.9,1736.4
1,18,3,0,8,7,7,1,0,1,1,18760,7.07,18546,227,64,-85,1315,22.7,1876.0,15,0,1,7,8,0,0,0,1,1,15472,6.1,18456,186,42,18.6,1547.2
1,12,3,1,13,4,10,1,1,1,2,17832,7.36,21087,204,64,3494,3497,20.4,1783.2,18,0,0,4,13,0,0,0,0,0,11517,5.34,14545,194,50,19.4,1151.7
1,15,1,0,7,4,6,1,1,0,0,18308,7.52,17889,233,51,-904,599,23.3,1830.8,31,3,1,4,7,10,2,0,0,1,16915,6.86,17767,201,37,20.1,1691.5
0,26,1,0,4,5,1,0,1,0,1,13993,6.27,15526,194,61,-1442,-635,19.4,1399.3,19,3,1,5,4,8,2,0,0,1,17807,6.95,16979,224,60,22.4,1780.7
0,19,3,1,5,9,6,0,1,0,0,13309,5.97,15795,221,64,-3074,-2851,22.1,1330.9,19,3,0,9,5,6,1,0,0,1,18309,7.25,18367,209,52,20.9,1830.9
0,19,1,1,6,4,6,0,0,1,1,17423,6.68,18898,238,51,3856,1318,23.8,1742.3,14,2,0,4,6,6,0,1,0,2,15101,6.87,17577,194,43,19.4,1510.1
0,18,5,1,4,9,4,0,0,0,1,13375,6.1,16891,184,38,-2757,-2780,18.4,1337.5,19,6,0,9,4,11,1,0,0,0,18449,7.68,19726,223,49,22.3,1844.9
1,11,1,0,5,5,6,0,1,0,1,18189,7.22,17466,213,53,733,-313,21.3,1818.9,10,2,1,5,5,0,0,1,1,0,17160,6.04,18507,229,62,22.9,1716.0
1,23,3,0,9,2,7,2,1,0,0,17163,7.04,19177,235,63,1569,1322,23.5,1716.3,12,1,1,2,9,5,0,0,0,0,16549,6.58,15981,207,61,20.7,1654.9
0,27,3,0,8,9,8,1,0,0,1,18178,7.13,17615,211,76,437,1132,21.1,1817.8,12,2,1,9,8,3,1,0,0,0,17074,7.07,15264,212,55,21.2,1707.4
0,19,1,0,5,5,0,0,0,1,1,16953,6.94,18020,213,63,-779,405,21.3,1695.3,16,1,1,5,5,7,1,1,0,0,14138,7.05,17055,247,46,24.7,1413.8
1,12,4,0,9,7,10,0,1,0,1,17728,6.75,19163,272,60,555,1149,27.2,1772.8,25,1,1,7,9,5,0,0,0,0,14360,6.75,18291,215,51,21.5,1436.0
1,18,3,0,10,4,10,1,0,1,1,16763,6.7,17566,198,59,65,506,19.8,1676.3,18,4,1,4,10,8,1,0,0,1,17810,7.07,18996,198,44,19.8,1781.0
0,25,1,1,2,8,8,0,0,0,0,14930,6.31,17036,254,56,-1157,-172,25.4,1493.0,16,3,0,8,2,10,1,0,0,1,16947,7.12,18099,257,65,25.7,1694.7
1,25,5,1,12,3,8,1,0,0,0,18849,7.61,17975,265,50,2357,957,26.5,1884.9,11,3,0,3,12,6,0,0,0,0,13923,5.98,13727,219,35,21.9,1392.3
0,12,0,0,8,7,6,0,1,0,0,16060,6.35,17778,209,56,-1942,-1237,20.9,1606.0,20,2,1,7,8,8,2,1,0,1,16769,7.33,15853,261,73,26.1,1676.9
1,33,2,0,7,4,6,1,0,0,2,18573,6.36,18997,216,84,2113,-907,21.6,1857.3,16,4,1,4,7,7,0,0,0,0,16211,6.64,13867,244,31,24.4,1621.1
0,9,2,0,2,10,0,0,0,0,0,13311,6.02,15706,179,34,-3007,-3873,17.9,1331.1,26,2,1,10,2,8,2,0,1,2,20954,7.51,20439,238,65,23.8,2095.4
1,21,4,0,8,2,9,1,1,1,3,17526,7.72,16773,281,39,2124,1282,28.1,1752.6,24,0,1,2,8,7,0,0,0,0,15024,6.89,15719,216,46,21.6,1502.4
1,18,3,0,12,1,5,1,1,0,0,19452,6.95,19275,220,80,2679,956,22.0,1945.2,15,0,1,1,12,5,0,0,0,0,13344,5.99,13528,222,54,22.2,1334.4
1,15,2,1,0,7,8,0,1,0,1,15977,6.83,15963,199,50,-34,-365,19.9,1597.7,11,1,0,7,0,11,0,0,1,1,16853,7.05,15012,219,39,21.9,1685.3
1,19,2,1,10,9,9,1,1,0,0,19030,6.64,16707,216,60,850,2319,21.6,1903.0,15,4,0,9,10,7,0,1,0,0,12784,6.8,18477,249,52,24.9,1278.4
1,24,4,1,5,6,10,1,0,1,1,17920,6.52,15622,206,67,1890,1699,20.6,1792.0,23,0,0,6,5,3,1,1,1,1,15842,7.12,18895,206,51,20.6,1584.2
1,25,2,0,5,9,6,0,1,0,0,17269,6.42,16994,211,60,-1632,-15,21.1,1726.9,7,4,1,9,5,9,1,1,0,1,17115,6.93,18343,209,55,20.9,1711.5
1,19,1,1,5,7,6,1,1,0,1,17246,7.2,17437,221,74,1772,1550,22.1,1724.6,13,2,0,7,5,7,0,0,0,0,13988,6.44,18022,214,63,21.4,1398.8
0,13,0,1,8,7,4,0,0,0,0,16152,6.06,16591,197,56,-1917,-2124,19.7,1615.2,17,1,0,7,8,9,0,0,1,1,17073,6.5,20480,237,62,23.7,1707.3
0,21,4,0,4,3,5,1,0,0,1,15603,7.29,16876,202,56,-1391,-2425,20.2,1560.3,19,4,1,3,4,12,1,0,1,1,15331,7.71,17244,266,74,26.6,1533.1
1,25,1,0,7,4,12,0,0,1,0,17368,6.58,19515,234,72,1518,458,23.4,1736.8,20,1,1,4,7,6,0,0,0,0,14565,6.41,17828,236,42,23.6,1456.5
1,23,3,1,11,6,12,1,1,0,1,18711,6.85,19579,255,46,536,1342,25.5,1871.1,20,2,0,6,11,4,0,0,0,1,12596,6.45,14692,214,65,21.4,1259.6
0,20,4,0,6,12,4,0,0,0,1,14821,6.31,18277,190,68,-1035,-943,19.0,1482.1,23,3,1,12,6,7,1,0,0,1,17156,7.15,18838,226,62,22.6,1715.6
0,18,2,1,4,5,7,0,0,0,1,14767,6.5,16467,231,17,-860,-1209,23.1,1476.7,18,4,0,5,4,8,0,0,1,1,16554,6.89,14734,225,74,22.5,1655.4
0,19,1,0,2,10,3,1,0,1,0,13540,7.29,16203,238,52,-2115,-907,23.8,1354.0,25,3,1,10,2,8,0,1,0,1,16068,7.0,20013,218,51,21.8,1606.8
1,21,1,0,5,5,9,0,0,1,1,19135,6.95,16949,241,62,1525,1672,24.1,1913.5,14,0,1,5,5,3,0,0,0,0,15563,6.85,16225,213,58,21.3,1556.3
0,23,4,1,7,7,3,0,0,0,0,14655,6.47,16844,240,56,-2085,-870,24.0,1465.5,26,2,0,7,7,9,2,0,0,1,15903,7.52,18030,240,55,24.0,1590.3
1,32,1,0,8,3,7,1,1,1,1,16510,7.19,16919,247,30,459,723,24.7,1651.0,25,0,1,3,8,4,0,0,0,1,17444,6.88,17854,192,52,19.2,1744.4
1,22,2,0,8,3,5,0,1,0,0,16868,6.74,18714,200,46,1012,816,20.0,1686.8,8,3,1,3,8,1,0,0,0,0,17670,6.54,14378,148,34,14.8,1767.0
1,20,3,1,7,7,2,1,1,1,2,15908,6.89,19976,183,61,-41,593,18.3,1590.8,12,1,0,7,7,6,0,1,1,1,16523,6.65,17135,238,63,23.8,1652.3
1,23,2,0,4,6,5,0,0,0,0,17072,7.65,16818,210,76,1714,1222,21.0,1707.2,26,4,1,6,4,1,1,0,0,0,13262,7.14,14664,166,36,16.6,1326.2
0,16,3,0,5,1,7,1,0,1,1,14728,7.06,15633,227,49,-586,-1289,22.7,1472.8,13,3,1,1,5,7,2,1,0,1,15929,6.86,17167,221,75,22.1,1592.9
1,23,0,0,5,8,3,0,0,0,0,16933,6.95,17347,217,49,71,-1142,21.7,1693.3,21,2,1,8,5,4,1,1,0,1,14972,7.32,16935,240,66,24.0,1497.2
0,20,1,1,6,7,3,0,1,0,0,14376,6.75,14768,210,45,-1316,-952,21.0,1437.6,25,3,0,7,6,7,0,1,0,1,19109,6.62,18023,259,66,25.9,1910.9
1,20,4,1,5,3,10,0,1,0,1,19111,6.94,20388,247,72,945,2282,24.7,1911.1,19,1,0,3,5,2,0,1,0,0,12299,6.39,15435,215,51,21.5,1229.9
1,23,3,1,7,9,7,1,1,1,1,15548,6.24,15207,187,66,-601,-780,18.7,1554.8,19,3,0,9,7,7,1,0,0,0,17272,7.11,20539,242,60,24.2,1727.2
0,21,1,1,11,9,4,1,1,1,1,14503,7.21,17855,207,57,1548,-1174,20.7,1450.3,17,3,0,9,11,8,1,0,0,1,16685,6.71,17009,230,50,23.0,1668.5
0,15,0,0,2,5,0,0,0,0,1,17130,6.85,17968,181,58,-620,909,18.1,1713.0,27,0,1,5,2,4,0,0,0,0,14208,7.61,18445,225,54,22.5,1420.8
0,20,2,0,4,8,2,0,0,0,1,15041,6.87,14376,245,43,-3481,-2702,24.5,1504.1,22,3,1,8,4,9,1,1,1,0,18720,7.3,16258,258,53,25.8,1872.0
0,20,0,1,6,4,5,1,1,0,1,15751,7.3,16763,218,51,-2141,-2248,21.8,1575.1,19,2,0,4,6,9,1,0,0,1,15894,7.22,17120,240,63,24.0,1589.4
1,28,5,0,11,4,10,1,0,0,0,19257,7.74,21057,253,68,2822,3470,25.3,1925.7,19,2,1,4,11,0,0,1,0,0,15425,6.87,14509,203,44,20.3,1542.5
0,25,2,0,2,4,3,1,0,0,2,15794,6.95,18410,215,65,-22,405,21.5,1579.4,21,0,1,4,2,8,2,0,1,0,15827,6.26,16783,183,58,18.3,1582.7
0,17,0,0,5,12,0,0,1,0,0,16615,6.72,15684,227,41,-1445,-851,22.7,1661.5,28,4,1,12,5,9,1,0,0,1,20136,7.53,18175,198,66,19.8,2013.6
0,18,1,0,6,6,4,1,0,0,1,16474,6.61,18789,197,65,2146,1666,19.7,1647.4,20,2,1,6,6,7,1,1,0,1,16888,6.92,16918,197,54,19.7,1688.8
0,20,1,1,5,6,4,1,0,0,1,18289,6.62,14305,228,44,-1183,-1079,22.8,1828.9,20,1,0,6,5,7,2,1,1,1,15380,6.97,19174,263,42,26.3,1538.0
1,29,1,1,18,0,18,0,1,1,2,19905,7.6,21240,257,52,6063,6019,25.7,1990.5,9,0,0,0,18,0,0,0,0,0,12701,5.69,14627,161,42,16.1,1270.1
1,23,3,1,6,6,7,1,0,1,1,15658,7.1,15901,230,67,1712,1536,23.0,1565.8,23,2,0,6,6,7,0,0,0,0,14992,5.89,16819,230,65,23.0,1499.2
0,21,1,1,6,8,7,1,0,0,1,16193,6.69,17295,214,57,-1147,390,21.4,1619.3,15,4,0,8,6,7,2,0,1,2,16617,6.87,15513,240,73,24.0,1661.7
1,22,3,1,9,0,12,1,1,0,0,18931,7.32,19432,245,80,1195,2040,24.5,1893.1,12,1,0,0,9,2,1,0,1,0,14491,6.18,14937,247,27,24.7,1449.1
0,21,2,1,2,10,1,0,0,0,0,13827,6.32,13918,160,33,-3280,-2668,16.0,1382.7,10,4,0,10,2,8,1,1,1,1,19036,7.66,20175,237,77,23.7,1903.6
0,17,3,1,7,6,6,0,1,0,0,16813,6.65,18945,206,65,1597,289,20.6,1681.3,28,3,0,6,7,3,1,0,0,1,16601,7.42,20819,221,48,22.1,1660.1
1,36,3,1,12,2,11,1,1,0,2,20409,7.61,17493,257,64,4304,4790,25.7,2040.9,20,2,0,2,12,0,0,0,0,2,14508,6.6,13798,221,41,22.1,1450.8
0,24,4,1,4,9,7,0,1,0,2,16003,6.96,19448,255,66,-1212,-151,25.5,1600.3,13,5,0,9,4,8,1,1,0,0,15709,6.86,19002,210,64,21.0,1570.9
0,11,3,0,3,7,2,0,1,0,1,12781,6.22,16533,183,47,-3835,-2283,18.3,1278.1,18,3,1,7,3,13,0,0,0,2,18291,7.84,21344,243,52,24.3,1829.1
0,20,2,1,6,9,8,1,0,0,0,17612,6.92,17100,228,50,-2382,-2066,22.8,1761.2,13,0,0,9,6,7,1,0,0,0,17879,6.65,17508,240,49,24.0,1787.9
1,27,3,1,6,4,12,1,0,0,1,19929,7.09,18678,249,55,3028,2563,24.9,1992.9,18,1,0,4,6,5,1,0,0,0,13775,6.7,17291,215,53,21.5,1377.5
1,19,1,0,5,4,6,0,0,0,1,18246,7.3,17625,230,62,1375,1268,23.0,1824.6,22,3,1,4,5,3,0,0,1,0,14034,6.82,17275,194,53,19.4,1403.4
0,11,0,0,6,10,6,0,0,0,0,13860,7.23,16790,240,51,-1396,-2566,24.0,1386.0,20,1,1,10,6,13,1,1,1,1,19684,7.38,17759,252,64,25.2,1968.4
0,13,4,0,3,7,6,1,0,0,0,14509,6.55,15735,202,46,-1769,301,20.2,1450.9,20,2,1,7,3,12,0,1,0,0,17415,6.61,18554,220,66,22.0,1741.5
0,22,3,0,11,3,12,1,0,0,0,16336,6.85,16556,231,63,-863,959,23.1,1633.6,12,2,1,3,11,4,1,1,1,1,17333,7.6,18938,242,57,24.2,1733.3
1,12,3,0,9,0,9,0,1,0,0,19155,7.17,18359,221,64,-692,1337,22.1,1915.5,17,0,1,0,9,4,1,0,0,1,13675,6.92,16678,246,45,24.6,1367.5
1,15,2,0,10,0,10,1,1,0,1,20154,7.18,19966,267,44,2060,2369,26.7,2015.4,25,1,1,0,10,2,0,0,0,0,14010,6.58,17340,205,26,20.5,1401.0
1,25,5,1,12,2,7,1,1,0,0,17775,6.87,20593,220,55,2388,1867,22.0,1777.5,13,5,0,2,12,5,1,0,1,1,15554,6.16,16320,215,67,21.5,1555.4
1,20,2,1,9,5,4,0,1,0,2,16149,7.04,19973,230,63,1382,181,23.0,1614.9,19,0,0,5,9,7,1,0,0,0,15291,7.08,16147,208,54,20.8,1529.1
0,14,0,0,3,10,5,0,0,0,0,13352,6.79,15636,176,41,-2123,-1738,17.6,1335.2,27,0,1,10,3,10,1,1,1,1,19985,7.11,19855,264,83,26.4,1998.5
0,15,0,0,0,8,0,2,0,0,0,14291,6.04,13704,190,36,-4020,-927,19.0,1429.1,25,3,1,8,0,6,1,1,0,1,17271,7.59,19868,206,60,20.6,1727.1
1,14,5,1,9,2,11,1,0,1,1,20554,6.93,18144,258,45,-180,962,25.8,2055.4,24,4,0,2,9,4,0,1,0,1,18861,6.73,16051,198,74,19.8,1886.1
0,20,0,0,6,8,0,1,0,0,0,13374,6.92,17444,195,35,-2953,-2486,19.5,1337.4,26,3,1,8,6,9,1,1,1,1,20368,7.2,16462,242,63,24.2,2036.8
0,16,1,1,4,6,3,1,0,0,0,16192,7.17,17044,211,59,509,142,21.1,1619.2,35,0,0,6,4,11,0,0,0,1,14519,6.91,17195,203,62,20.3,1451.9
1,18,6,1,3,9,9,1,0,0,1,15975,6.51,19950,242,54,209,1013,24.2,1597.5,22,2,0,9,3,2,0,1,1,0,16758,6.57,18388,183,53,18.3,1675.8
0,19,3,0,1,10,4,0,0,0,0,15243,6.07,14400,190,32,-2236,-3051,19.0,1524.3,8,0,1,10,1,8,1,0,0,1,18241,6.91,19473,249,41,24.9,1824.1
0,17,0,1,8,5,4,0,1,0,0,12870,7.03,16695,207,40,-1539,-642,20.7,1287.0,16,3,0,5,8,5,0,1,0,0,18569,6.74,20029,209,43,20.9,1856.9
1,16,0,1,6,6,4,0,0,0,0,14965,6.21,17902,212,50,-256,-883,21.2,1496.5,14,3,0,6,6,7,0,0,0,0,17702,7.27,18222,222,69,22.2,1770.2
1,11,0,0,10,6,7,1,1,0,0,16020,6.76,20378,232,62,868,11,23.2,1602.0,6,2,1,6,10,3,1,0,0,2,15981,6.97,19310,159,38,15.9,1598.1
1,24,3,0,8,4,10,0,0,0,2,16527,7.45,18939,245,49,1081,2391,24.5,1652.7,19,1,1,4,8,3,1,0,1,0,15857,6.09,17257,232,49,23.2,1585.7
1,22,3,0,6,1,5,0,0,1,0,16309,7.5,18843,230,40,450,514,23.0,1630.9,23,2,1,1,6,0,1,0,0,0,16626,7.26,16977,181,54,18.1,1662.6
0,18,4,1,11,8,5,0,0,0,0,16603,6.55,18474,180,57,253,-1284,18.0,1660.3,27,2,0,8,11,7,0,0,1,0,17299,7.19,17508,215,59,21.5,1729.9
0,13,0,0,4,8,5,0,0,0,0,17115,6.81,15118,209,54,25,-2436,20.9,1711.5,20,0,1,8,4,8,1,0,1,0,15225,7.49,18212,208,77,20.8,1522.5
0,18,0,0,3,8,3,1,0,1,0,14712,7.03,15332,195,62,-2720,-1569,19.5,1471.2,26,1,1,8,3,9,1,1,0,0,16051,7.08,19626,247,57,24.7,1605.1
1,21,2,0,6,5,7,0,1,0,0,14824,6.64,17255,187,64,-1221,-2334,18.7,1482.4,20,0,1,5,6,8,1,0,0,0,17228,6.72,21027,240,48,24.0,1722.8
0,21,6,0,6,7,8,0,0,0,0,17649,6.83,18252,165,50,976,911,16.5,1764.9,24,1,1,7,6,6,0,0,0,1,15508,6.44,18792,222,52,22.2,1550.8
1,29,3,1,8,1,6,2,0,0,1,18167,7.57,17553,207,64,2040,1113,20.7,1816.7,28,1,0,1,8,0,1,0,0,1,16774,6.51,18524,210,46,21.0,1677.4
0,19,2,1,2,7,0,0,0,0,0,12120,6.32,15279,224,49,-3010,-3092,22.4,1212.0,27,3,0,7,2,9,1,1,0,2,16663,7.6,19882,236,68,23.6,1666.3
0,18,0,1,5,6,7,1,0,0,1,14400,5.89,16679,218,41,-2588,-1580,21.8,1440.0,30,6,0,6,5,7,0,1,0,1,15840,7.69,18625,258,47,25.8,1584.0
1,26,0,1,7,4,6,0,1,0,0,17302,7.25,20300,251,64,1760,1490,25.1,1730.2,27,2,0,4,7,3,0,0,0,1,13503,6.91,17493,218,48,21.8,1350.3
1,20,2,1,3,3,11,0,0,1,1,16246,7.11,16896,222,52,-359,-525,22.2,1624.6,19,2,0,3,3,5,1,0,0,1,16237,7.21,16444,219,54,21.9,1623.7
0,17,1,1,1,8,1,0,0,0,0,14256,6.92,16044,231,46,-3610,-1015,23.1,1425.6,21,4,0,8,1,6,1,0,0,0,17194,7.13,20132,260,64,26.0,1719.4
1,31,3,1,10,0,11,2,1,0,3,19954,7.74,20058,252,65,4182,4069,25.2,1995.4,17,3,0,0,10,2,0,0,0,0,10897,6.19,15420,196,35,19.6,1089.7
1,15,1,1,7,7,8,0,1,0,1,16021,7.03,16781,229,69,1300,298,22.9,1602.1,19,3,0,7,7,4,1,0,0,0,13767,7.05,19278,215,56,21.5,1376.7
1,21,1,0,5,5,6,1,0,0,0,17696,6.7,19654,220,67,809,40,22.0,1769.6,24,1,1,5,5,5,1,0,0,1,14386,6.49,16568,233,49,23.3,1438.6
1,27,1,1,4,5,8,0,1,1,0,16670,7.54,19253,225,68,905,1149,22.5,1667.0,24,2,0,5,4,1,0,0,0,1,16531,7.31,18626,208,70,20.8,1653.1
0,21,4,0,3,5,5,1,0,0,0,14066,6.76,17154,211,66,-1661,-654,21.1,1406.6,21,4,1,5,3,3,1,0,1,0,16556,6.97,15774,222,46,22.2,1655.6
0,17,0,0,5,10,9,0,0,0,0,16129,7.01,15839,227,44,-451,-25,22.7,1612.9,19,6,1,10,5,10,0,1,0,0,16514,6.96,20823,193,77,19.3,1651.4
1,16,3,1,12,3,11,0,0,1,0,18420,7.73,21958,264,66,4130,3741,26.4,1842.0,15,2,0,3,12,0,0,0,0,0,12548,5.91,13033,204,28,20.4,1254.8
1,11,2,1,7,5,8,1,0,0,1,17339,7.36,21161,237,66,2084,1289,23.7,1733.9,22,1,0,5,7,7,0,0,0,0,15840,6.84,18629,214,42,21.4,1584.0
1,32,3,1,7,2,8,1,1,0,2,18563,6.97,16693,244,51,2262,493,24.4,1856.3,22,3,0,2,7,0,0,1,0,1,13480,6.31,16936,172,61,17.2,1348.0
0,23,1,1,9,4,10,2,0,0,1,17756,7.54,17444,225,71,484,1479,22.5,1775.6,23,3,0,4,9,3,0,1,0,0,16196,7.22,18732,197,42,19.7,1619.6
0,15,3,0,4,9,5,1,0,0,0,14429,6.68,15479,217,43,-3105,-1792,21.7,1442.9,21,0,1,9,4,6,0,0,1,1,16542,7.34,18987,189,63,18.9,1654.2
1,24,2,0,11,2,9,0,1,0,2,19668,7.32,18862,244,43,2508,2802,24.4,1966.8,15,2,1,2,11,1,1,0,0,0,15566,7.23,16619,206,52,20.6,1556.6
0,14,1,1,4,6,1,1,0,0,1,16614,6.97,15882,187,45,-1726,-1875,18.7,1661.4,21,0,0,6,4,15,1,0,1,2,18738,6.7,18679,216,63,21.6,1873.8
0,19,5,1,5,6,9,1,0,1,0,15300,6.94,17671,182,52,145,397,18.2,1530.0,22,3,0,6,5,4,1,1,0,0,18343,6.77,17489,187,60,18.7,1834.3
0,12,0,0,5,7,4,0,0,0,0,10719,6.86,16216,222,49,-1561,-2065,22.2,1071.9,26,1,1,7,5,15,2,1,0,3,19033,6.41,20634,235,71,23.5,1903.3
0,9,2,0,1,10,1,0,0,0,1,13588,6.51,14441,195,18,-2687,-2654,19.5,1358.8,24,4,1,10,1,16,1,2,1,1,21018,7.33,20324,226,67,22.6,2101.8
0,10,4,1,5,7,7,0,0,1,1,16711,6.85,17350,221,59,781,811,22.1,1671.1,17,6,0,7,5,6,0,1,1,2,15964,6.9,16804,219,57,21.9,1596.4
0,10,2,0,6,8,8,1,1,0,0,16379,6.89,16291,202,52,-2364,-2146,20.2,1637.9,36,2,1,8,6,12,1,0,0,1,17663,7.28,17771,272,60,27.2,1766.3
0,21,1,1,5,8,4,0,0,0,0,15402,6.06,15218,191,59,-180,-4315,19.1,1540.2,24,4,0,8,5,8,1,0,0,2,19305,6.75,21806,269,52,26.9,1930.5
1,16,5,1,8,6,12,0,0,0,0,19121,7.09,18326,243,54,1404,1431,24.3,1912.1,19,1,0,6,8,3,1,0,1,1,16247,6.62,17940,249,62,24.9,1624.7
1,27,3,0,8,0,12,1,1,1,1,21880,7.35,20653,234,70,3781,3570,23.4,2188.0,20,2,1,0,8,1,0,0,0,0,13386,6.31,14351,185,32,18.5,1338.6
1,28,3,1,12,5,4,0,1,1,1,17146,7.5,19246,234,61,1938,2557,23.4,1714.6,15,0,0,5,12,6,0,0,0,1,15725,7.54,15240,207,45,20.7,1572.5
0,20,1,1,6,8,9,1,0,1,0,17894,7.1,16405,206,53,-676,587,20.6,1789.4,17,0,0,8,6,8,1,0,0,1,16977,6.33,17938,231,46,23.1,1697.7
0,19,2,0,7,5,2,0,0,0,0,14511,6.69,17915,248,48,-818,443,24.8,1451.1,15,3,1,5,7,5,0,1,0,0,16159,7.16,17502,227,59,22.7,1615.9
1,22,4,1,7,2,11,1,0,0,1,14604,6.84,16628,247,84,517,1016,24.7,1460.4,23,4,0,2,7,7,0,0,0,1,14896,7.01,18385,187,68,18.7,1489.6
1,20,2,1,11,2,10,1,0,0,2,16524,7.67,19683,279,58,1829,1589,27.9,1652.4,29,3,0,2,11,3,0,0,0,1,15919,6.51,15155,226,32,22.6,1591.9
1,25,0,0,3,12,10,0,1,1,0,16119,7.39,18210,216,53,276,-1724,21.6,1611.9,10,2,1,12,3,9,0,0,0,1,16915,6.73,15964,223,66,22.3,1691.5
0,29,3,0,3,1,7,1,0,0,0,17030,7.82,16126,218,66,-11,38,21.8,1703.0,18,0,1,1,3,10,2,1,1,1,14220,7.23,18125,264,51,26.4,1422.0
1,28,1,0,11,1,7,1,0,1,2,16415,6.84,19090,238,50,-1897,1493,23.8,1641.5,18,4,1,1,11,4,1,0,0,0,16214,7.18,16230,234,65,23.4,1621.4
1,10,3,1,5,7,10,1,0,1,1,17153,6.84,20114,208,75,2440,188,20.8,1715.3,25,3,0,7,5,4,0,1,0,2,14171,6.39,15346,229,66,22.9,1417.1
0,18,2,1,8,8,3,0,0,1,1,16505,6.51,16195,238,58,-1522,460,23.8,1650.5,17,3,0,8,8,6,1,0,0,1,14887,7.23,20220,190,58,19.0,1488.7
0,20,3,0,9,7,6,0,0,1,1,16298,6.81,17685,222,59,-1045,-1159,22.2,1629.8,15,3,1,7,9,3,0,0,0,0,16555,7.02,18985,181,36,18.1,1655.5
1,25,1,1,9,0,8,0,1,0,2,17103,6.71,18790,255,65,3351,3062,25.5,1710.3,23,2,0,0,9,5,2,1,0,0,15334,6.28,17201,170,56,17.0,1533.4
1,14,2,0,7,5,7,1,1,0,1,18344,7.05,18841,222,64,2722,1606,22.2,1834.4,13,0,1,5,7,4,0,0,1,0,12670,6.37,14811,191,33,19.1,1267.0
1,12,2,0,8,3,6,2,0,0,1,18942,7.06,17429,221,56,2050,-112,22.1,1894.2,9,1,1,3,8,6,0,0,0,0,15523,6.69,16074,194,47,19.4,1552.3
1,30,1,1,13,2,10,1,0,1,1,18679,6.75,18118,247,75,3794,2260,24.7,1867.9,14,1,0,2,13,0,0,0,0,0,13187,6.3,17653,214,50,21.4,1318.7
1,16,3,0,6,8,7,1,0,0,2,14339,6.85,18843,222,37,114,-2432,22.2,1433.9,18,1,1,8,6,6,1,0,0,1,17367,7.14,18731,232,62,23.2,1736.7
1,16,0,0,8,4,13,0,1,1,1,20861,7.68,19529,232,74,2243,2435,23.2,2086.1,18,0,1,4,8,1,0,0,0,0,13646,7.41,17887,228,29,22.8,1364.6
0,16,4,0,8,3,6,0,1,0,1,17350,7.16,18348,246,63,445,1671,24.6,1735.0,15,0,1,3,8,7,0,0,0,0,15497,6.82,15506,204,48,20.4,1549.7
1,28,4,1,10,2,12,1,1,0,3,20770,8.0,22661,265,97,6143,5405,26.5,2077.0,12,0,0,2,10,0,0,0,0,0,12280,6.09,12343,204,34,20.4,1228.0
0,14,1,0,1,10,0,0,0,0,0,16750,6.32,16629,217,58,-2509,-1939,21.7,1675.0,21,3,1,10,1,10,1,0,0,0,20847,7.32,19014,233,71,23.3,2084.7
0,20,2,1,4,5,8,1,1,0,0,14550,6.18,15964,184,41,-1083,-1309,18.4,1455.0,11,4,0,5,4,4,2,0,1,0,18167,7.09,14708,231,60,23.1,1816.7
1,16,3,1,7,4,3,0,1,0,0,17450,7.38,17441,193,61,1895,590,19.3,1745.0,28,3,0,4,7,5,1,0,0,0,15175,6.94,18424,236,44,23.6,1517.5
0,12,2,0,4,3,8,0,0,1,0,14966,7.11,17681,210,75,1409,-339,21.0,1496.6,28,3,1,3,4,4,1,1,0,0,15911,6.38,18063,237,50,23.7,1591.1
1,31,3,0,11,2,11,1,1,0,1,18342,7.33,21418,256,66,4715,3524,25.6,1834.2,17,2,1,2,11,1,0,0,0,0,12561,5.73,13962,196,59,19.6,1256.1
0,21,3,1,6,9,7,0,1,0,1,13803,6.72,16097,219,45,-1351,-1376,21.9,1380.3,9,2,0,9,6,12,2,0,1,1,19165,7.24,16450,245,44,24.5,1916.5
1,20,1,0,8,0,6,0,1,0,1,17559,6.75,17929,262,71,1488,376,26.2,1755.9,22,2,1,0,8,4,0,0,0,1,16800,6.94,16600,217,45,21.7,1680.0
1,20,3,0,4,0,10,1,0,1,0,18749,7.3,18263,224,62,2938,2831,22.4,1874.9,17,1,1,0,4,0,1,1,0,0,15514,6.5,17940,237,43,23.7,1551.4
1,29,0,0,8,3,11,2,1,0,1,17266,7.18,18466,232,54,-897,832,23.2,1726.6,23,4,1,3,8,0,1,0,0,1,14297,6.4,18180,189,36,18.9,1429.7
0,21,0,1,8,11,5,1,0,1,0,15809,6.75,16679,189,36,-667,-1023,18.9,1580.9,26,5,0,11,8,10,1,1,0,0,18560,6.9,21566,221,61,22.1,1856.0
1,29,4,1,10,3,7,2,0,1,2,18463,7.09,22820,260,69,2279,1432,26.0,1846.3,12,1,0,3,10,3,0,0,0,0,15025,6.5,14426,215,57,21.5,1502.5
1,20,2,1,9,7,5,0,1,1,2,16998,7.35,17608,225,48,1809,2446,22.5,1699.8,18,0,0,7,9,5,0,0,0,0,14331,6.13,15536,221,48,22.1,1433.1
1,21,1,0,6,4,11,1,0,1,0,18476,7.16,16839,245,68,269,-83,24.5,1847.6,28,0,1,4,6,10,0,0,0,0,14595,6.53,17936,244,32,24.4,1459.5
0,22,2,1,8,4,5,0,0,0,0,17565,7.05,19796,225,61,583,-108,22.5,1756.5,17,4,0,4,8,8,1,0,0,0,16406,6.47,17650,202,47,20.2,1640.6
1,18,2,1,7,2,6,0,0,0,1,17623,6.94,14935,213,47,1092,844,21.3,1762.3,26,0,0,2,7,6,0,0,0,1,16080,6.96,15992,196,67,19.6,1608.0
0,19,0,0,7,4,12,0,1,0,2,15641,6.85,18667,199,67,56,-1101,19.9,1564.1,13,2,1,4,7,6,1,0,0,1,17412,6.95,16304,244,69,24.4,1741.2
1,18,0,0,5,3,10,1,0,0,1,15473,6.96,17390,239,58,-129,-278,23.9,1547.3,24,2,1,3,5,6,2,0,1,0,17213,6.21,17148,188,54,18.8,1721.3
0,22,0,0,6,1,9,0,0,0,1,16585,6.94,17360,213,48,1269,-959,21.3,1658.5,9,1,1,1,6,5,0,0,0,0,13938,7.52,15984,207,59,20.7,1393.8
0,12,3,0,3,6,8,1,1,1,0,16433,6.17,16207,169,37,-3158,-823,16.9,1643.3,20,4,1,6,3,7,1,1,0,1,17346,6.96,19694,244,56,24.4,1734.6
0,21,1,0,5,6,0,0,0,0,0,14497,6.65,18057,250,39,-1445,-1474,25.0,1449.7,13,3,1,6,5,9,0,1,0,1,18204,6.91,19724,200,69,20.0,1820.4
0,20,3,0,0,8,8,0,0,0,0,14648,6.64,16072,221,54,-2066,-1327,22.1,1464.8,29,1,1,8,0,11,1,1,1,0,16916,7.22,19150,227,67,22.7,1691.6
1,19,1,0,6,5,11,0,1,0,0,17202,7.52,18843,238,54,-269,225,23.8,1720.2,18,2,1,5,6,5,1,1,0,1,16145,7.04,16250,211,50,21.1,1614.5
0,22,3,0,7,7,5,1,0,1,1,14403,6.51,16871,208,54,-1726,340,20.8,1440.3,21,0,1,7,7,3,0,1,0,0,17640,6.88,17426,222,75,22.2,1764.0
1,19,2,1,8,2,8,0,0,0,0,14491,6.5,16763,200,54,-935,-231,20.0,1449.1,24,3,0,2,8,4,0,1,0,0,15610,6.81,18740,248,50,24.8,1561.0
1,18,2,1,7,2,9,1,0,0,1,18083,6.79,17323,218,79,2214,2061,21.8,1808.3,14,0,0,2,7,6,1,0,0,1,16000,6.63,15393,208,48,20.8,1600.0
0,21,2,1,0,9,3,0,0,0,0,15793,6.83,16085,238,64,-1143,-2186,23.8,1579.3,28,4,0,9,0,6,1,0,0,0,17341,6.62,17673,241,58,24.1,1734.1
1,26,2,0,11,2,11,0,1,0,1,19050,7.18,17697,219,83,2540,3294,21.9,1905.0,25,2,1,2,11,4,0,1,0,0,16902,6.14,14102,226,37,22.6,1690.2
0,17,0,1,9,8,4,0,0,0,1,16268,6.23,16775,220,49,-468,-1029,22.0,1626.8,17,3,0,8,9,5,1,0,0,1,19299,7.22,17218,227,42,22.7,1929.9
0,16,3,1,3,7,12,1,0,1,1,14148,6.33,18660,200,61,-28,117,20.0,1414.8,23,2,0,7,3,7,1,0,0,1,15735,6.49,18686,201,49,20.1,1573.5
0,20,5,0,6,5,7,2,0,0,0,16300,7.41,19096,218,52,887,-131,21.8,1630.0,25,1,1,5,6,6,0,1,0,0,17360,6.83,18658,198,44,19.8,1736.0
0,14,4,0,4,11,4,0,0,0,0,13519,7.13,15060,224,21,-3122,-3106,22.4,1351.9,24,1,1,11,4,6,2,0,1,1,18110,6.74,19968,245,57,24.5,1811.0
0,26,1,0,6,7,0,1,1,0,0,15993,6.89,16986,228,40,-1255,-1699,22.8,1599.3,28,3,1,7,6,11,1,1,1,0,16309,6.89,20451,187,58,18.7,1630.9
1,24,1,0,11,2,9,1,0,0,0,17281,7.09,18311,242,77,1654,1771,24.2,1728.1,19,0,1,2,11,8,0,0,1,1,16260,7.33,15790,211,50,21.1,1626.0
0,17,0,1,4,8,6,1,0,0,1,14620,6.54,15347,211,49,-3540,-1993,21.1,1462.0,21,3,0,8,4,8,1,1,1,1,20295,7.43,18479,272,59,27.2,2029.5
1,18,2,1,5,3,6,2,1,0,0,17089,6.91,19435,217,75,2631,1909,21.7,1708.9,21,0,0,3,5,6,1,0,0,0,14756,6.75,18939,184,55,18.4,1475.6
1,27,3,0,8,4,8,0,1,1,0,20395,7.73,17717,271,52,2122,3856,27.1,2039.5,14,2,1,4,8,5,0,0,0,0,14985,7.04,13255,200,43,20.0,1498.5
1,16,0,0,7,6,3,1,0,1,1,16138,7.36,17642,209,53,348,-146,20.9,1613.8,15,0,1,6,7,8,0,0,1,1,16615,6.44,19628,230,71,23.0,1661.5
1,17,0,1,6,8,4,1,1,1,1,17372,6.71,18480,242,56,1393,-288,24.2,1737.2,22,1,0,8,6,3,0,1,0,1,15894,6.77,16238,271,64,27.1,1589.4
1,26,3,1,9,7,5,1,1,0,1,18655,7.35,18099,271,42,2898,2663,27.1,1865.5,12,0,0,7,9,6,0,0,0,0,15887,6.14,15421,228,39,22.8,1588.7
0,21,0,1,5,5,8,1,1,0,1,12832,6.62,16224,200,67,-1722,-154,20.0,1283.2,23,1,0,5,5,9,1,1,0,1,18114,6.67,20230,181,61,18.1,1811.4
1,9,2,1,7,7,5,1,1,1,0,18148,7.31,19895,206,68,2610,-182,20.6,1814.8,20,0,0,7,7,2,1,0,0,0,12664,6.98,17049,209,39,20.9,1266.4
0,18,0,1,4,7,0,1,1,0,1,15429,6.62,18113,219,46,-448,-806,21.9,1542.9,21,2,0,7,4,3,0,0,0,1,18701,7.17,18218,221,66,22.1,1870.1
0,20,3,1,2,8,4,0,1,0,0,15440,6.52,16374,216,66,-2220,-986,21.6,1544.0,19,2,0,8,2,7,1,1,0,1,15530,6.83,18142,231,55,23.1,1553.0
0,17,3,1,3,7,5,0,0,0,0,15807,6.78,17280,219,36,-1887,-1245,21.9,1580.7,21,2,0,7,3,5,0,1,1,2,18522,7.2,19164,223,52,22.3,1852.2
1,21,4,0,7,8,8,2,1,0,1,16404,6.5,19895,212,58,2374,420,21.2,1640.4,10,3,1,8,7,7,0,1,0,0,16415,7.11,15742,186,45,18.6,1641.5
1,13,2,1,8,4,6,2,1,0,0,19674,7.18,19272,226,61,1887,1303,22.6,1967.4,23,0,0,4,8,2,1,1,0,1,14764,6.12,14866,196,47,19.6,1476.4
0,5,0,1,7,6,4,1,0,1,0,18392,6.77,15627,210,50,1064,-2702,21.0,1839.2,11,1,0,6,7,6,0,0,1,0,18414,6.33,17159,232,68,23.2,1841.4
0,13,0,1,3,8,5,0,0,0,0,14905,6.8,15239,223,61,-1323,-2100,22.3,1490.5,18,2,0,8,3,8,0,1,0,1,19735,7.55,19040,227,53,22.7,1973.5
0,19,2,1,7,6,6,0,0,0,0,15902,6.7,14189,222,49,-2620,-2048,22.2,1590.2,23,4,0,6,7,3,2,1,1,1,17922,7.02,18169,200,55,20.0,1792.2
0,5,0,0,10,4,10,1,0,0,1,16617,7.01,19644,227,47,1170,147,22.7,1661.7,19,4,1,4,10,5,0,0,1,0,14308,6.44,16735,217,59,21.7,1430.8
1,19,5,1,9,5,11,2,0,0,0,17726,7.67,22557,298,70,3239,3743,29.8,1772.6,19,1,0,5,9,0,0,0,0,0,14727,6.51,14124,171,39,17.1,1472.7
1,11,2,0,7,8,3,0,1,0,1,17518,7.27,18527,251,51,-764,432,25.1,1751.8,17,4,1,8,7,7,1,1,0,1,14624,7.83,17937,224,57,22.4,1462.4
0,18,3,1,8,5,3,0,0,0,0,14639,7.1,15854,200,50,-1090,-2704,20.0,1463.9,24,4,0,5,8,13,1,1,0,1,17590,6.74,21307,198,54,19.8,1759.0
1,31,0,0,6,2,11,1,0,0,0,16734,6.73,19664,226,68,2229,-740,22.6,1673.4,25,3,1,2,6,10,1,1,0,0,14914,6.5,15873,197,35,19.7,1491.4
0,18,0,1,4,9,10,0,1,0,0,16132,7.07,16042,255,46,-588,-1666,25.5,1613.2,18,2,0,9,4,6,0,1,0,1,16358,6.55,20102,268,69,26.8,1635.8
0,19,0,0,8,8,5,0,0,0,0,15821,7.34,19484,206,56,-1617,1268,20.6,1582.1,22,3,1,8,8,10,1,1,0,2,17161,7.17,18214,236,65,23.6,1716.1
0,22,3,0,5,4,4,1,1,0,0,15092,6.08,15199,266,45,-724,-2499,26.6,1509.2,28,2,1,4,5,8,1,1,0,1,17848,7.02,18093,213,61,21.3,1784.8
1,23,2,1,11,9,6,1,1,0,0,19779,6.82,19553,242,66,2442,2815,24.2,1977.9,18,0,0,9,11,6,0,0,0,1,14032,6.55,16345,193,46,19.3,1403.2
0,14,2,0,1,12,4,0,0,0,0,14125,6.91,15373,206,45,-3321,-4537,20.6,1412.5,20,5,1,12,1,8,1,1,1,0,20705,6.85,20453,237,61,23.7,2070.5
1,26,2,1,7,8,5,0,0,0,1,18777,7.25,18757,231,80,488,2026,23.1,1877.7,17,3,0,8,7,4,0,0,0,0,16987,6.15,17251,210,55,21.0,1698.7
0,21,2,0,2,7,10,0,0,0,0,16068,6.57,14586,185,60,690,1080,18.5,1606.8,12,2,1,7,2,7,1,1,0,1,15983,6.5,15499,244,39,24.4,1598.3
0,21,1,0,5,5,5,0,1,0,0,14395,6.36,17580,233,67,-299,-786,23.3,1439.5,17,0,1,5,5,9,1,1,0,0,16404,6.94,18163,239,65,23.9,1640.4
1,23,3,1,12,3,7,2,0,0,0,18479,7.09,18647,228,64,3719,3527,22.8,1847.9,13,1,0,3,12,2,0,0,0,0,13630,7.37,16679,207,44,20.7,1363.0
0,17,2,0,7,4,0,0,0,0,1,14725,6.0,16884,219,43,-730,768,21.9,1472.5,27,2,1,4,7,7,1,2,0,0,16931,7.54,16865,222,68,22.2,1693.1
0,23,2,1,7,7,4,0,0,0,0,15694,6.84,15014,237,44,-1366,-1457,23.7,1569.4,23,0,0,7,7,6,0,0,0,1,19911,6.8,20232,185,66,18.5,1991.1
1,18,3,1,7,4,5,1,0,1,1,17658,7.18,17624,226,61,-1363,-622,22.6,1765.8,26,3,0,4,7,3,1,1,0,0,16089,6.49,15771,231,39,23.1,1608.9
1,27,6,0,12,5,6,0,1,0,2,17490,7.48,18863,202,78,-251,804,20.2,1749.0,20,2,1,5,12,6,1,0,0,1,17746,6.54,15545,192,63,19.2,1774.6
0,14,4,1,2,8,5,0,0,0,0,15705,6.15,18294,208,52,95,-1564,20.8,1570.5,14,3,0,8,2,6,1,1,0,1,16087,7.19,19713,240,67,24.0,1608.7
0,24,0,1,3,10,6,0,1,0,0,15142,6.7,16555,163,62,-2916,-2000,16.3,1514.2,27,7,0,10,3,9,1,1,1,2,17223,6.95,19013,245,55,24.5,1722.3
1,21,1,1,2,5,6,0,0,0,0,15199,6.71,18334,199,35,-883,-799,19.9,1519.9,23,2,0,5,2,1,1,1,0,1,17801,6.87,17543,240,51,24.0,1780.1
1,18,2,1,12,2,9,1,0,1,2,18084,7.48,19997,239,67,2562,512,23.9,1808.4,20,2,0,2,12,3,0,0,1,1,14802,6.21,17556,202,35,20.2,1480.2
1,23,4,0,5,1,9,0,0,0,0,17444,6.07,17247,224,54,145,-298,22.4,1744.4,24,0,1,1,5,5,1,0,1,1,16527,6.53,18530,238,59,23.8,1652.7
1,18,2,1,9,6,5,2,1,0,0,17677,7.0,18269,228,55,935,-399,22.8,1767.7,20,3,0,6,9,7,0,0,0,1,16479,6.44,15609,182,49,18.2,1647.9
1,20,3,1,4,7,7,0,0,0,1,15341,6.45,18133,213,53,549,-2745,21.3,1534.1,25,2,0,7,4,5,0,0,0,0,17513,7.05,17565,241,46,24.1,1751.3
0,16,0,1,5,5,6,1,0,0,0,13866,6.36,14580,216,46,-1949,-1151,21.6,1386.6,21,1,0,5,5,6,1,1,0,0,17195,7.23,20316,189,48,18.9,1719.5
1,23,1,1,9,5,13,0,0,1,1,19055,7.95,17100,223,67,2834,1637,22.3,1905.5,14,0,0,5,9,0,0,0,0,0,15382,6.69,15287,204,49,20.4,1538.2
0,24,5,1,6,7,2,0,0,0,0,15827,7.44,17663,203,56,343,138,20.3,1582.7,16,2,0,7,6,5,2,0,0,0,17138,6.93,17871,230,62,23.0,1713.8
0,22,2,1,6,7,3,1,0,0,0,15348,6.86,19707,201,60,-3041,1067,20.1,1534.8,19,3,0,7,6,6,0,1,0,1,19590,7.57,18849,225,50,22.5,1959.0
1,17,1,1,10,3,6,1,0,1,1,17402,6.47,20377,297,62,2246,1605,29.7,1740.2,18,2,0,3,10,4,1,0,0,1,12601,6.86,16686,212,44,21.2,1260.1
1,13,2,1,4,6,6,0,0,0,0,15354,6.48,16179,228,52,-1994,252,22.8,1535.4,26,3,0,6,4,6,2,1,0,0,17754,7.65,19181,216,56,21.6,1775.4
0,20,0,0,7,6,5,0,1,0,1,15712,7.39,18032,255,53,-564,-660,25.5,1571.2,19,0,1,6,7,3,2,1,0,0,19072,7.62,18867,225,67,22.5,1907.2
0,22,2,0,8,9,7,1,0,0,1,15847,6.83,17155,208,52,-1440,360,20.8,1584.7,10,1,1,9,8,4,2,0,0,0,17494,7.42,17447,216,50,21.6,1749.4
1,17,0,0,5,7,1,1,0,0,0,15506,6.49,16467,202,49,759,991,20.2,1550.6,14,5,1,7,5,7,0,0,0,0,17528,6.67,19052,246,63,24.6,1752.8
0,28,1,1,11,3,10,0,0,0,0,14795,7.01,16167,199,56,-928,364,19.9,1479.5,23,2,0,3,11,3,1,1,0,0,17750,6.54,18315,222,58,22.2,1775.0
1,28,2,1,12,4,11,2,1,0,1,19466,7.39,20067,230,53,2993,2635,23.0,1946.6,7,0,0,4,12,6,0,0,0,0,13490,6.78,15997,207,43,20.7,1349.0
1,18,4,0,6,5,8,1,0,1,1,17853,6.6,16926,210,50,677,-559,21.0,1785.3,20,1,1,5,6,11,0,0,0,0,15762,6.67,17427,187,35,18.7,1576.2
0,12,2,1,2,9,2,0,0,0,0,13329,6.08,15543,182,26,-5120,-4248,18.2,1332.9,25,5,0,9,2,9,1,2,0,1,20581,7.38,20724,234,88,23.4,2058.1
1,20,3,1,9,10,5,1,0,1,2,15231,6.5,15921,217,51,527,95,21.7,1523.1,17,2,0,10,9,8,0,0,0,1,15333,6.9,15878,245,48,24.5,1533.3
0,18,2,1,7,4,7,1,1,0,0,15520,7.76,18426,228,57,-922,38,22.8,1552.0,16,2,0,4,7,5,0,0,0,1,15212,6.89,18412,238,45,23.8,1521.2
0,26,3,1,7,4,6,0,0,0,1,15294,6.62,16464,235,44,-325,-404,23.5,1529.4,33,0,0,4,7,5,0,1,0,1,17600,7.18,17110,202,40,20.2,1760.0
0,25,1,0,0,5,7,0,0,0,0,15755,6.78,18070,237,54,1113,235,23.7,1575.5,23,4,1,5,0,10,0,0,1,1,17563,6.95,17575,179,56,17.9,1756.3
1,20,1,0,4,7,7,0,2,0,1,15570,6.77,16613,277,58,186,-285,27.7,1557.0,13,0,1,7,4,7,0,0,0,1,16781,6.68,18511,222,64,22.2,1678.1
1,23,3,1,7,4,6,1,0,0,0,15632,7.13,18697,215,57,1159,204,21.5,1563.2,25,2,0,4,7,5,1,0,0,0,16982,7.18,17948,216,52,21.6,1698.2
1,25,2,1,5,0,4,0,1,0,2,20096,6.37,17969,266,62,811,1226,26.6,2009.6,15,2,0,0,5,6,1,0,0,0,16412,6.61,15545,210,56,21.0,1641.2
0,19,2,1,6,7,4,1,0,0,1,15065,6.74,17796,234,39,-222,885,23.4,1506.5,21,3,0,7,6,7,1,0,0,2,19065,7.37,20106,247,65,24.7,1906.5
0,20,1,0,6,6,8,0,1,0,0,12804,6.71,16613,230,53,-1207,-1544,23.0,1280.4,25,2,1,6,6,5,0,1,0,0,16304,6.71,18086,225,65,22.5,1630.4
1,29,5,1,12,0,11,2,1,0,1,21935,7.81,22676,263,72,7285,5488,26.3,2193.5,16,3,0,0,12,0,0,0,0,0,12052,6.48,13570,177,59,17.7,1205.2
0,21,4,0,1,6,5,0,0,1,0,15631,6.78,15926,214,67,1273,-1629,21.4,1563.1,24,3,1,6,1,6,0,0,0,2,16810,7.12,17286,264,50,26.4,1681.0
0,16,1,1,5,3,8,0,1,0,0,17650,6.56,19503,259,56,638,1610,25.9,1765.0,20,2,0,3,5,8,0,0,0,1,18665,6.64,18356,207,39,20.7,1866.5
0,14,0,1,4,9,8,0,1,0,0,14302,6.49,14892,245,53,-3279,-1631,24.5,1430.2,20,2,0,9,4,8,0,1,1,0,21274,7.28,18097,274,61,27.4,2127.4
1,19,1,0,9,4,6,1,0,0,0,18257,7.12,17788,226,53,-343,-110,22.6,1825.7,17,2,1,4,9,8,1,0,0,0,18507,6.77,16685,216,48,21.6,1850.7
0,15,0,1,0,6,1,2,0,0,1,15380,6.69,16180,206,46,-879,-2290,20.6,1538.0,23,2,0,6,0,6,1,0,0,1,16234,6.96,19786,266,74,26.6,1623.4
1,12,3,0,5,9,7,0,1,1,2,17025,6.76,17906,209,45,-1237,-1371,20.9,1702.5,16,2,1,9,5,3,0,0,0,0,14585,6.12,18827,246,57,24.6,1458.5
1,25,4,0,5,2,6,0,1,0,1,19064,7.66,20778,239,31,2091,2624,23.9,1906.4,21,2,1,2,5,6,0,0,0,0,14686,6.53,17837,212,41,21.2,1468.6
1,23,1,1,7,4,8,0,1,0,0,16707,7.3,18051,202,48,-179,-211,20.2,1670.7,11,1,0,4,7,5,0,0,0,0,15760,6.57,18660,199,37,19.9,1576.0
1,14,1,0,7,5,9,1,1,1,0,17526,6.81,19502,191,69,822,628,19.1,1752.6,21,1,1,5,7,10,0,0,0,1,15702,6.38,14121,210,43,21.0,1570.2
0,15,0,1,7,6,1,0,0,0,0,15414,6.35,13791,191,44,-3355,-1956,19.1,1541.4,21,3,0,6,7,9,1,1,0,2,18509,7.21,18741,250,69,25.0,1850.9
1,23,3,1,9,0,9,2,1,0,2,19662,7.5,20263,232,75,3083,2214,23.2,1966.2,25,1,0,0,9,2,0,0,0,0,14531,6.46,16237,207,41,20.7,1453.1
0,19,1,0,6,9,6,1,0,0,0,16043,6.21,18071,193,62,-1028,-1874,19.3,1604.3,33,2,1,9,6,9,0,1,0,1,20218,7.65,21117,246,50,24.6,2021.8
1,18,4,0,12,2,12,1,0,0,0,21543,7.28,19603,242,58,3157,3018,24.2,2154.3,19,0,1,2,12,1,1,0,0,0,13032,6.72,14359,213,42,21.3,1303.2
1,15,3,1,8,2,8,0,0,0,0,17337,7.3,19334,251,70,2550,2536,25.1,1733.7,11,0,0,2,8,6,0,1,0,1,15678,6.52,17454,220,43,22.0,1567.8
0,24,3,0,8,5,8,1,1,0,0,16917,6.67,19703,236,44,1390,1491,23.6,1691.7,20,2,1,5,8,6,0,1,0,1,15421,6.27,15153,214,43,21.4,1542.1
0,11,0,1,4,8,1,0,0,0,0,13437,6.98,15712,225,40,-2746,-679,22.5,1343.7,25,0,0,8,4,5,2,0,0,1,20200,7.52,19197,218,49,21.8,2020.0
0,19,1,0,5,7,7,0,0,0,1,15442,7.23,20430,219,56,834,280,21.9,1544.2,18,5,1,7,5,9,1,0,0,0,12938,7.09,16133,245,62,24.5,1293.8
0,17,3,0,3,9,4,0,0,0,0,14980,6.07,16580,219,55,-1638,-1363,21.9,1498.0,29,1,1,9,3,2,2,1,1,1,20034,6.71,20293,232,57,23.2,2003.4
0,19,1,0,5,9,6,1,0,1,0,16950,7.08,18023,245,58,-527,370,24.5,1695.0,20,2,1,9,5,4,0,0,0,0,16713,6.93,17878,229,66,22.9,1671.3
0,21,0,1,3,7,9,1,2,0,1,15861,7.36,15078,198,72,-1005,-1788,19.8,1586.1,24,3,0,7,3,10,1,0,0,0,15723,6.49,16935,216,61,21.6,1572.3
0,24,2,0,0,7,0,0,0,0,0,12957,6.39,16295,199,58,-2094,-4906,19.9,1295.7,29,6,1,7,0,9,0,1,0,1,18606,7.15,23059,245,67,24.5,1860.6
1,14,2,0,8,3,11,0,1,0,2,17837,6.73,19347,238,65,2211,2090,23.8,1783.7,7,1,1,3,8,5,0,1,1,0,14923,6.46,16259,201,49,20.1,1492.3
0,24,4,1,6,3,6,1,1,0,0,15690,7.09,17231,212,54,122,-27,21.2,1569.0,14,0,0,3,6,7,1,0,0,1,18574,7.15,19135,205,51,20.5,1857.4
0,6,2,0,6,9,5,1,0,0,0,15462,6.59,15602,218,66,389,191,21.8,1546.2,24,4,1,9,6,6,1,0,0,1,18477,7.11,16810,212,71,21.2,1847.7
0,26,1,1,4,10,3,1,1,0,0,13941,6.95,19346,231,46,-1509,3,23.1,1394.1,22,3,0,10,4,4,1,0,0,2,18298,6.84,19443,249,66,24.9,1829.8
1,11,4,1,5,5,7,0,0,0,1,18643,7.22,18667,208,62,1908,-1304,20.8,1864.3,27,2,0,5,5,2,0,1,0,1,16929,6.8,16477,232,55,23.2,1692.9
0,30,0,1,5,11,10,0,0,1,1,14948,6.26,18583,228,34,-2044,-456,22.8,1494.8,25,1,0,11,5,8,1,0,0,1,17608,7.08,20897,244,70,24.4,1760.8
0,14,3,0,3,13,0,0,0,0,0,12622,6.42,14960,208,44,-4189,-2207,20.8,1262.2,34,2,1,13,3,9,1,0,0,1,19933,6.98,18466,237,61,23.7,1993.3
1,27,1,1,6,6,2,0,0,1,2,16764,6.65,18454,188,81,278,716,18.8,1676.4,18,1,0,6,6,4,0,0,0,0,16019,7.19,17220,250,54,25.0,1601.9
1,26,3,1,5,6,7,0,0,0,1,16165,6.58,18559,208,70,344,874,20.8,1616.5,18,3,0,6,5,4,0,0,0,0,15878,6.8,15286,232,43,23.2,1587.8
0,17,2,0,5,9,6,0,0,0,0,17554,7.11,16468,234,57,-484,-945,23.4,1755.4,12,1,1,9,5,11,0,1,0,0,16913,7.01,15907,193,44,19.3,1691.3
0,16,1,1,3,5,6,1,0,0,0,13178,6.65,15420,240,56,-1187,-249,24.0,1317.8,17,4,0,5,3,10,1,1,1,2,19213,7.29,18519,233,65,23.3,1921.3
1,16,1,0,9,6,7,1,1,0,0,16739,6.03,17740,226,39,2058,130,22.6,1673.9,23,2,1,6,9,4,1,1,1,1,16569,6.74,16378,246,73,24.6,1656.9
0,21,1,0,4,10,0,0,0,0,1,16381,6.76,17951,203,53,-4368,-2842,20.3,1638.1,20,1,1,10,4,6,0,0,0,0,19430,6.91,21686,257,53,25.7,1943.0
0,16,0,0,4,5,5,1,1,0,0,14122,6.23,13278,205,51,-650,-2464,20.5,1412.2,24,3,1,5,4,9,1,1,0,1,16677,6.93,20418,213,54,21.3,1667.7
0,14,5,0,9,12,4,1,0,0,0,12896,6.72,18161,227,63,-1241,-1485,22.7,1289.6,26,3,1,12,9,5,2,1,0,0,16460,7.01,18866,243,47,24.3,1646.0
1,24,2,0,8,7,10,1,1,0,1,17516,6.97,17379,214,65,1338,2670,21.4,1751.6,19,0,1,7,8,4,0,0,0,1,15247,6.73,15775,210,52,21.0,1524.7
0,15,4,1,8,9,3,0,1,0,0,15753,7.15,16919,227,42,-724,-640,22.7,1575.3,12,2,0,9,8,10,1,0,0,1,17194,6.94,15168,230,34,23.0,1719.4
1,17,3,0,8,8,1,2,0,0,1,15702,6.97,16256,208,69,374,-664,20.8,1570.2,24,0,1,8,8,10,2,0,0,1,16018,7.5,18138,201,48,20.1,1601.8
1,24,4,1,13,0,9,1,2,1,1,18467,7.48,20920,213,65,4167,2090,21.3,1846.7,11,1,0,0,13,0,1,0,0,1,13809,6.41,15039,207,45,20.7,1380.9
1,17,2,1,7,2,8,0,0,0,1,17288,7.19,19868,209,76,83,1581,20.9,1728.8,17,2,0,2,7,6,1,0,0,0,13555,6.67,16843,246,42,24.6,1355.5
1,18,2,1,7,5,8,1,0,0,1,17970,6.95,18896,216,56,1298,-582,21.6,1797.0,21,3,0,5,7,0,1,1,0,0,13083,7.14,19080,213,55,21.3,1308.3
0,27,3,0,5,8,5,0,0,0,1,15272,7.11,15969,197,44,-771,-1276,19.7,1527.2,25,0,1,8,5,4,1,1,0,0,17879,6.72,15934,232,42,23.2,1787.9
1,18,2,1,7,9,3,2,0,0,0,15911,6.85,17046,250,40,-1654,-1914,25.0,1591.1,28,3,0,9,7,6,0,0,0,1,17599,7.0,17215,210,41,21.0,1759.9
0,14,0,0,0,15,1,0,0,0,0,12567,6.69,15789,187,27,-5043,-4811,18.7,1256.7,30,4,1,15,0,11,1,1,0,1,19535,7.65,19987,224,53,22.4,1953.5
1,21,0,1,8,3,12,1,0,0,1,20373,7.65,19232,209,69,907,2209,20.9,2037.3,18,2,0,3,8,5,0,0,0,0,16508,6.52,17410,217,39,21.7,1650.8
0,23,4,0,11,4,13,0,1,1,2,18383,7.39,19087,249,53,1090,898,24.9,1838.3,15,3,1,4,11,4,1,1,0,1,17070,6.79,17341,222,53,22.2,1707.0
1,14,0,1,7,6,7,1,0,0,1,18540,6.88,18707,196,62,-830,870,19.6,1854.0,11,3,0,6,7,8,1,1,0,1,17297,6.71,17343,238,56,23.8,1729.7
0,22,2,0,8,4,8,0,0,0,0,17363,7.42,16672,188,46,153,-619,18.8,1736.3,20,1,1,4,8,9,0,1,0,1,15685,7.35,17291,237,64,23.7,1568.5
1,23,2,0,5,8,6,0,0,1,2,15975,6.84,18493,259,65,2257,2321,25.9,1597.5,26,0,1,8,5,2,0,0,0,1,19854,6.65,18196,189,34,18.9,1985.4
0,8,1,0,2,9,6,1,0,0,1,13429,6.49,16015,190,44,-3084,-3447,19.0,1342.9,24,3,1,9,2,10,0,1,0,2,21469,7.24,18995,237,68,23.7,2146.9
1,28,0,1,5,8,4,1,0,0,2,16481,6.94,17793,230,51,-1280,-1305,23.0,1648.1,26,3,0,8,5,5,1,1,0,0,14599,7.06,18419,187,42,18.7,1459.9
0,25,2,0,3,10,1,0,0,0,1,14522,6.52,16232,239,55,-3359,-455,23.9,1452.2,31,0,1,10,3,10,1,0,0,1,17315,7.11,18709,212,53,21.2,1731.5
1,20,3,1,7,0,12,0,1,0,0,19788,7.65,17839,209,77,4278,3463,20.9,1978.8,16,0,0,0,7,5,0,0,0,0,15637,6.19,13882,190,55,19.0,1563.7
1,16,7,1,10,5,8,0,0,0,0,17491,7.13,18716,214,66,2446,2765,21.4,1749.1,9,1,0,5,10,5,0,1,0,0,15796,6.73,16349,220,64,22.0,1579.6
0,17,1,1,4,11,5,0,0,0,0,14380,5.77,14409,192,57,-4111,-3724,19.2,1438.0,29,3,0,11,4,13,0,1,1,1,20689,7.21,20442,247,72,24.7,2068.9
0,10,3,0,2,11,5,0,0,0,1,16735,6.07,14763,226,30,-3047,-1442,22.6,1673.5,15,3,1,11,2,8,1,1,0,0,18740,7.23,19747,257,63,25.7,1874.0
0,27,0,0,7,6,3,0,1,0,2,14721,7.19,16087,231,45,-372,-1380,23.1,1472.1,15,0,1,6,7,10,1,1,0,0,16935,6.69,17907,215,63,21.5,1693.5
1,17,3,1,9,1,6,1,1,0,1,13899,6.44,15481,219,47,-693,374,21.9,1389.9,24,4,0,1,9,5,2,0,1,0,18057,7.01,16312,213,55,21.3,1805.7
0,25,2,0,6,7,1,1,0,0,0,14315,6.59,15207,215,53,-1974,-1782,21.5,1431.5,18,3,1,7,6,10,1,1,1,1,16940,6.84,17761,243,66,24.3,1694.0
1,20,3,1,10,0,13,2,1,0,1,19153,7.22,19210,230,52,3447,2869,23.0,1915.3,5,0,0,0,10,2,0,0,0,0,14122,6.55,14348,224,58,22.4,1412.2
0,20,3,1,4,10,7,1,0,0,1,16299,7.15,17544,237,46,521,1016,23.7,1629.9,14,2,0,10,4,7,0,1,0,0,15471,6.88,17240,202,68,20.2,1547.1
0,27,5,0,8,8,5,0,0,0,2,17623,7.0,17727,222,61,1554,808,22.2,1762.3,20,3,1,8,8,3,0,1,0,0,15722,6.49,16692,189,72,18.9,1572.2
0,17,2,0,10,3,0,1,0,0,0,15124,6.42,15099,224,46,-736,-582,22.4,1512.4,22,3,1,3,10,10,1,0,1,1,17984,7.07,20912,232,71,23.2,1798.4
1,23,1,0,11,2,10,1,1,0,1,16545,6.56,15531,217,41,2889,638,21.7,1654.5,19,2,1,2,11,8,0,0,0,0,16857,7.02,17322,250,42,25.0,1685.7
0,25,1,1,5,4,4,1,1,0,1,16287,7.1,18706,216,57,221,2704,21.6,1628.7,30,0,0,4,5,9,0,0,0,1,17146,7.14,18458,233,61,23.3,1714.6
1,17,3,1,9,7,5,1,1,0,1,17049,6.76,17534,200,51,-1605,-1407,20.0,1704.9,22,0,0,7,9,8,1,1,1,0,16313,6.51,15902,225,68,22.5,1631.3
1,15,3,1,10,3,8,0,0,1,0,17610,6.55,17385,232,46,989,1096,23.2,1761.0,18,3,0,3,10,4,0,0,1,0,13726,7.25,18050,201,44,20.1,1372.6
0,9,0,0,0,9,1,1,0,0,0,16501,6.57,15390,195,47,-3212,-3343,19.5,1650.1,24,1,1,9,0,17,1,0,1,1,19643,6.91,19824,233,62,23.3,1964.3
1,26,4,0,12,0,5,0,0,0,0,18330,7.41,21627,230,35,2020,2974,23.0,1833.0,22,0,1,0,12,5,0,0,1,0,13130,6.13,14240,226,43,22.6,1313.0
1,22,0,0,7,7,7,1,0,0,1,15678,6.82,19566,223,47,398,-644,22.3,1567.8,20,0,1,7,7,5,1,1,0,0,12835,7.11,18460,210,52,21.0,1283.5
1,28,3,0,7,0,6,0,0,0,2,18612,7.19,17070,200,81,3026,2011,20.0,1861.2,23,0,1,0,7,0,0,1,0,0,17334,6.55,16587,226,55,22.6,1733.4
0,16,0,1,4,14,4,0,0,0,0,12875,7.0,15882,228,58,-2177,-810,22.8,1287.5,27,2,0,14,4,7,1,1,0,0,17960,6.77,19868,235,48,23.5,1796.0
0,11,1,0,5,11,2,0,0,0,1,17580,6.69,16675,187,49,-1482,-1412,18.7,1758.0,23,5,1,11,5,10,1,0,0,1,16781,7.57,17354,211,57,21.1,1678.1
0,6,1,0,2,14,0,0,0,0,0,16876,6.09,17813,194,53,-2037,-1913,19.4,1687.6,25,5,1,14,2,8,1,0,1,0,17699,6.83,15603,227,49,22.7,1769.9
1,35,4,1,6,7,2,0,1,0,0,18444,6.98,16479,209,43,745,380,20.9,1844.4,25,2,0,7,6,4,1,1,0,2,14426,7.39,18652,214,42,21.4,1442.6
0,23,3,1,5,9,6,0,1,0,1,13820,7.26,17533,183,71,-811,314,18.3,1382.0,10,1,0,9,5,8,0,0,0,1,17653,6.59,17856,199,60,19.9,1765.3
1,20,4,0,7,9,8,1,1,0,1,15346,6.32,15739,232,54,556,-318,23.2,1534.6,22,3,1,9,7,5,1,1,0,2,18829,6.54,19875,244,69,24.4,1882.9
0,19,6,0,3,6,6,1,0,0,0,15038,6.9,15705,209,49,-1394,-2454,20.9,1503.8,19,4,1,6,3,8,1,0,0,1,18905,7.33,22571,238,65,23.8,1890.5
0,10,1,1,0,8,4,1,0,0,0,14830,6.55,15939,206,49,-2803,-560,20.6,1483.0,28,2,0,8,0,11,1,0,0,1,20833,7.61,16627,250,61,25.0,2083.3
1,16,4,1,5,7,9,0,0,0,0,17244,6.36,16333,258,55,1829,-418,25.8,1724.4,16,0,0,7,5,5,0,0,1,1,16063,7.25,19409,194,64,19.4,1606.3
0,28,1,0,3,10,4,0,1,0,0,17121,7.1,16387,202,52,-1237,1030,20.2,1712.1,31,2,1,10,3,5,0,0,0,0,15608,6.77,17174,213,56,21.3,1560.8
1,22,4,0,2,7,7,1,0,1,1,17492,6.45,16728,176,65,-1709,-3,17.6,1749.2,26,3,1,7,2,9,0,0,1,1,17151,6.9,18840,219,53,21.9,1715.1
1,19,2,0,12,4,8,0,1,1,1,19567,7.28,20668,248,69,2953,2109,24.8,1956.7,16,0,1,4,12,5,0,0,0,0,13588,6.46,11677,181,54,18.1,1358.8
0,14,2,0,8,5,4,1,1,0,0,16217,6.98,16351,231,49,179,-1162,23.1,1621.7,22,1,1,5,8,4,1,1,0,1,16520,7.47,16741,221,53,22.1,1652.0
1,20,3,1,7,2,11,1,0,0,1,18228,7.25,19639,190,61,3218,2335,19.0,1822.8,25,2,0,2,7,3,0,0,0,1,14784,7.15,15410,203,53,20.3,1478.4
0,17,3,0,2,4,6,0,0,0,1,16629,6.5,16671,182,64,143,-303,18.2,1662.9,22,2,1,4,2,11,1,1,1,0,16135,7.53,17261,212,54,21.2,1613.5
0,31,0,1,6,6,8,0,1,0,0,15409,7.38,18814,235,70,628,-2126,23.5,1540.9,15,1,0,6,6,5,0,1,1,1,17038,6.65,18878,221,33,22.1,1703.8
1,19,1,0,3,5,2,0,1,0,0,16219,6.58,15349,216,42,240,-829,21.6,1621.9,12,0,1,5,3,7,0,1,0,2,17053,6.4,16962,213,59,21.3,1705.3
0,11,2,0,2,7,5,0,0,0,0,16080,6.34,14031,216,47,-4110,-3372,21.6,1608.0,25,1,1,7,2,10,1,1,1,1,19777,7.14,19611,279,69,27.9,1977.7
1,23,2,0,9,2,11,0,1,0,3,19298,7.55,18416,239,49,4089,-889,23.9,1929.8,14,4,1,2,9,6,0,0,0,1,17297,6.39,15334,205,36,20.5,1729.7
0,21,0,0,6,7,5,1,1,0,1,17588,6.82,15608,224,57,-977,-418,22.4,1758.8,22,3,1,7,6,5,1,0,0,0,19114,7.45,16805,197,49,19.7,1911.4
1,15,2,1,8,6,9,1,1,0,0,17904,6.95,18629,238,53,1552,943,23.8,1790.4,17,3,0,6,8,8,1,0,0,2,14649,6.44,18477,226,48,22.6,1464.9
1,21,1,1,3,7,7,0,1,0,0,16640,6.59,16473,213,37,-401,-2230,21.3,1664.0,27,3,0,7,3,6,0,1,1,1,15869,6.85,18918,241,67,24.1,1586.9
0,26,2,0,6,9,4,1,0,0,1,16895,6.2,17718,212,67,-842,-78,21.2,1689.5,30,2,1,9,6,10,0,0,0,0,16760,7.05,14909,221,61,22.1,1676.0
0,19,2,1,7,11,2,1,0,0,0,17536,7.01,16544,195,61,-572,-3274,19.5,1753.6,24,1,0,11,7,9,1,0,1,2,15924,7.38,19130,245,59,24.5,1592.4
0,18,3,1,4,3,8,1,0,0,0,17726,6.77,21641,254,55,1702,2406,25.4,1772.6,22,1,0,3,4,4,0,0,0,1,18958,7.37,15822,219,52,21.9,1895.8
0,18,1,0,7,7,1,1,0,0,0,16059,6.96,18839,262,61,952,1095,26.2,1605.9,25,1,1,7,7,4,0,0,1,1,15965,7.45,17496,232,54,23.2,1596.5
1,12,2,1,4,4,8,0,1,1,0,14932,6.17,18707,242,56,953,-1448,24.2,1493.2,23,1,0,4,4,4,1,1,0,0,15079,7.03,17023,199,43,19.9,1507.9
1,22,4,1,12,0,11,2,1,0,1,18372,7.26,19042,221,61,934,2108,22.1,1837.2,25,0,0,0,12,1,1,0,1,1,14523,5.7,17382,211,42,21.1,1452.3
0,24,2,1,10,1,10,0,1,0,1,19222,6.72,21142,213,70,2223,800,21.3,1922.2,12,2,0,1,10,5,0,0,0,0,16705,6.65,18065,204,48,20.4,1670.5
1,17,2,1,9,2,9,0,0,0,1,19080,6.48,18127,201,63,905,1371,20.1,1908.0,22,3,0,2,9,4,0,0,1,0,15791,6.06,13748,186,28,18.6,1579.1
0,27,0,1,1,8,6,1,0,0,0,14562,6.18,16412,200,46,-1030,-2110,20.0,1456.2,31,2,0,8,1,7,1,1,0,1,18449,6.94,17128,261,68,26.1,1844.9
0,23,2,1,5,12,4,0,1,0,0,17177,6.12,16187,213,75,-1373,-61,21.3,1717.7,10,2,0,12,5,7,1,0,0,0,18234,7.53,20227,198,68,19.8,1823.4
0,9,2,0,5,7,0,0,1,0,0,15461,6.57,16503,199,49,-1933,-2345,19.9,1546.1,23,5,1,7,5,11,2,1,1,1,19610,6.83,19473,259,59,25.9,1961.0
1,13,0,1,2,4,8,0,1,0,1,16129,7.07,19104,248,58,1155,-655,24.8,1612.9,16,3,0,4,2,3,0,0,1,0,14865,6.31,16956,186,50,18.6,1486.5
1,15,0,1,7,6,10,0,1,0,0,17826,6.87,18913,218,37,-357,-118,21.8,1782.6,14,4,0,6,7,10,0,0,0,1,16651,7.15,17161,212,62,21.2,1665.1
0,25,0,0,4,6,4,2,0,0,1,13852,6.29,14323,202,70,-1533,-781,20.2,1385.2,21,4,1,6,4,9,2,0,0,1,19158,7.08,19030,230,71,23.0,1915.8
0,24,3,0,2,7,5,0,0,1,1,15714,7.12,17456,199,42,-2906,369,19.9,1571.4,16,4,1,7,2,0,1,1,0,1,15302,7.04,18603,197,36,19.7,1530.2
0,25,0,0,4,11,5,1,0,0,1,15983,6.41,14308,217,59,-2213,-3264,21.7,1598.3,16,3,1,11,4,13,0,0,0,1,19453,7.63,17295,249,69,24.9,1945.3
0,20,2,0,6,9,7,0,0,0,0,18005,7.26,16977,211,45,393,-1341,21.1,1800.5,21,3,1,9,6,5,1,1,0,0,16336,6.71,15846,254,48,25.4,1633.6
0,16,2,0,5,13,2,0,1,1,1,14696,5.69,15476,149,44,-4281,-1625,14.9,1469.6,27,3,1,13,5,6,0,1,0,0,17857,7.64,19229,233,69,23.3,1785.7
1,15,3,1,6,6,7,0,1,0,0,16358,7.08,18561,247,65,873,1446,24.7,1635.8,26,3,0,6,6,1,1,0,0,2,16990,6.64,16584,196,49,19.6,1699.0
1,23,2,0,7,5,6,1,0,1,1,15730,7.04,17942,198,81,720,1086,19.8,1573.0,22,1,1,5,7,2,2,1,0,0,15907,7.23,17138,211,66,21.1,1590.7
1,23,3,1,11,1,11,0,1,0,0,19761,7.07,18741,217,58,3294,2525,21.7,1976.1,14,2,0,1,11,0,0,0,0,0,13310,5.96,13393,183,35,18.3,1331.0
1,21,4,1,2,5,5,2,1,0,1,18018,7.46,19619,201,75,1391,755,20.1,1801.8,25,0,0,5,2,8,0,1,1,0,15258,5.93,13772,212,59,21.2,1525.8
0,27,2,0,4,7,6,1,0,0,0,15515,6.74,14814,224,46,-2085,-1007,22.4,1551.5,21,2,1,7,4,0,1,0,0,1,17416,7.2,17370,207,53,20.7,1741.6
1,21,0,0,8,4,10,1,1,0,1,18282,7.11,18969,207,63,1006,320,20.7,1828.2,15,1,1,4,8,3,1,0,0,0,13978,6.95,17943,214,36,21.4,1397.8
0,24,3,0,0,7,4,0,0,1,0,14719,6.64,15841,207,36,-1908,-1733,20.7,1471.9,28,1,1,7,0,17,1,1,0,1,19547,7.03,18533,235,59,23.5,1954.7
0,10,2,0,5,10,5,0,0,1,0,14523,7.26,16330,204,51,-1569,-365,20.4,1452.3,30,3,1,10,5,8,1,1,0,2,14888,6.98,17711,240,64,24.0,1488.8
1,34,2,1,7,6,7,1,1,0,0,15693,6.8,19684,229,63,-7,504,22.9,1569.3,15,0,0,6,7,5,0,1,0,0,15557,7.02,16191,231,52,23.1,1555.7
0,14,0,0,1,9,3,0,0,0,0,13424,6.38,14970,224,51,-3966,-2893,22.4,1342.4,21,3,1,9,1,10,2,0,0,1,19944,7.66,22746,246,78,24.6,1994.4
0,23,2,1,8,9,5,0,0,0,0,16025,7.26,19761,245,63,9,372,24.5,1602.5,26,0,0,9,8,10,1,0,0,2,16258,7.89,18319,211,57,21.1,1625.8
0,22,0,0,3,9,4,1,0,0,0,14667,6.56,18084,207,48,-2142,-877,20.7,1466.7,26,0,1,9,3,4,0,1,1,1,16418,7.06,17684,263,57,26.3,1641.8
1,18,0,0,6,3,4,0,1,0,1,16541,7.26,16872,265,51,174,-213,26.5,1654.1,23,0,1,3,6,10,1,0,0,2,16391,6.55,16298,185,57,18.5,1639.1
0,22,1,1,6,10,3,0,0,0,2,15000,6.59,16139,201,59,-2098,-1449,20.1,1500.0,29,1,0,10,6,12,1,1,0,1,17089,6.76,20831,218,67,21.8,1708.9
1,25,1,1,7,4,2,0,0,0,1,16452,7.09,17491,201,73,540,2175,20.1,1645.2,27,1,0,4,7,4,0,0,0,0,16350,7.61,17535,208,40,20.8,1635.0
0,16,1,0,2,5,6,0,0,0,0,17288,6.81,19212,193,43,-1157,-1420,19.3,1728.8,21,2,1,5,2,5,1,1,0,0,15733,7.23,17828,216,50,21.6,1573.3
1,19,4,1,9,3,10,1,0,0,1,18069,7.1,20038,247,62,3476,2052,24.7,1806.9,29,2,0,3,9,8,0,0,0,0,13581,6.68,15045,228,43,22.8,1358.1
1,20,2,1,6,8,6,1,0,0,1,16902,6.86,16106,196,49,520,770,19.6,1690.2,33,0,0,8,6,11,1,0,0,2,16798,7.07,17092,200,54,20.0,1679.8
0,18,1,1,6,8,7,0,0,0,0,14386,6.38,17644,219,54,-2196,-2322,21.9,1438.6,20,1,0,8,6,6,1,0,1,1,18267,7.31,18259,250,69,25.0,1826.7
1,26,1,1,5,8,9,0,1,1,0,15561,6.52,17328,233,47,29,-965,23.3,1556.1,24,3,0,8,5,2,0,0,0,2,13977,6.96,17571,228,50,22.8,1397.7
0,21,1,0,1,5,3,0,0,0,0,15261,6.47,16924,208,49,-1547,-426,20.8,1526.1,20,2,1,5,1,12,1,1,0,2,20603,7.64,19732,238,67,23.8,2060.3
0,20,2,0,5,3,4,1,0,0,0,15452,6.97,16378,226,67,588,964,22.6,1545.2,24,3,1,3,5,0,1,1,0,2,16549,6.67,15484,182,51,18.2,1654.9
1,24,3,0,10,5,10,1,1,0,0,18860,7.23,18158,229,41,1611,795,22.9,1886.0,13,0,1,5,10,6,0,0,0,0,16778,6.76,17069,214,55,21.4,1677.8
1,15,2,1,12,0,13,1,1,0,1,20648,7.34,21255,241,64,4090,4068,24.1,2064.8,11,3,0,0,12,0,0,0,0,0,13475,5.83,12949,201,47,20.1,1347.5
0,16,4,0,8,7,6,0,0,0,1,15679,7.22,15972,235,52,-302,-1796,23.5,1567.9,22,3,1,7,8,6,1,1,1,1,22162,6.2,20616,244,56,24.4,2216.2
1,21,3,1,9,8,4,1,0,1,0,16745,6.38,17780,228,45,-868,501,22.8,1674.5,23,2,0,8,9,5,0,1,0,1,18341,7.22,18343,251,57,25.1,1834.1
0,24,0,0,3,5,6,0,0,0,1,14248,6.42,16096,194,56,-1845,-341,19.4,1424.8,18,1,1,5,3,9,0,0,0,0,17058,6.57,18172,234,87,23.4,1705.8
1,21,2,1,5,4,6,0,1,1,1,17227,7.05,18032,176,45,-828,141,17.6,1722.7,11,3,0,4,5,6,1,0,1,1,16516,7.1,17076,206,49,20.6,1651.6
1,28,4,0,7,5,5,1,0,0,0,14999,7.41,19059,257,61,-846,250,25.7,1499.9,25,0,1,5,7,5,1,0,0,0,15411,6.92,16447,194,67,19.4,1541.1
1,24,3,0,7,1,7,0,0,0,0,17535,6.6,17900,237,54,2164,662,23.7,1753.5,18,2,1,1,7,7,0,1,1,0,16268,7.33,19885,224,47,22.4,1626.8
0,20,2,0,5,6,6,0,1,0,1,16923,7.66,17079,252,54,1000,1868,25.2,1692.3,19,3,1,6,5,9,1,0,0,1,15405,6.72,15416,208,38,20.8,1540.5
0,18,2,0,6,8,7,0,0,0,0,16607,6.98,18578,187,38,-909,531,18.7,1660.7,20,1,1,8,6,5,1,1,0,1,18732,6.52,20026,229,44,22.9,1873.2
1,24,3,1,9,4,9,0,1,0,0,16713,7.28,19900,212,65,1400,1122,21.2,1671.3,25,3,0,4,9,6,1,0,0,0,13883,6.55,18166,215,45,21.5,1388.3
0,19,3,1,5,4,7,0,0,1,0,17308,7.17,18631,239,78,1307,1559,23.9,1730.8,13,1,0,4,5,3,1,0,0,0,16992,7.15,17339,220,65,22.0,1699.2
1,28,0,0,4,8,6,1,0,1,0,16583,7.02,19921,214,63,1811,-687,21.4,1658.3,23,3,1,8,4,5,1,0,0,0,16291,6.86,17465,172,40,17.2,1629.1
0,14,1,0,6,6,3,2,0,0,1,16122,6.62,17033,213,60,-827,-1062,21.3,1612.2,31,2,1,6,6,4,0,0,0,0,16533,6.57,19112,181,61,18.1,1653.3
1,26,6,0,16,3,8,0,2,0,0,20599,7.3,21684,275,66,3478,3420,27.5,2059.9,14,3,1,3,16,1,0,0,0,0,12361,6.52,12797,153,26,15.3,1236.1
0,22,2,0,4,4,9,0,1,2,0,14086,6.49,14025,212,50,-1777,658,21.2,1408.6,21,5,1,4,4,9,0,1,1,1,17358,6.57,16631,246,55,24.6,1735.8
0,19,4,0,7,5,6,1,1,1,0,14706,6.78,19867,228,47,751,-719,22.8,1470.6,18,4,1,5,7,3,1,1,0,0,16947,7.03,15020,194,38,19.4,1694.7
0,16,6,1,3,8,1,0,0,1,0,14595,6.91,17507,230,43,-901,-2109,23.0,1459.5,18,4,0,8,3,8,1,0,1,0,17922,6.9,17411,203,46,20.3,1792.2
1,23,2,1,10,3,12,1,0,1,1,20278,7.74,21853,222,71,2923,2865,22.2,2027.8,14,0,0,3,10,3,0,0,0,0,15231,6.41,15635,224,43,22.4,1523.1
1,26,1,0,7,7,5,2,0,0,1,17277,6.73,17892,236,49,2463,3162,23.6,1727.7,21,2,1,7,7,5,0,1,0,0,13858,6.38,15376,188,59,18.8,1385.8
0,16,1,0,4,4,6,0,0,0,2,14790,6.38,19408,251,49,-1408,-780,25.1,1479.0,23,4,1,4,4,4,1,1,1,1,17329,6.79,19090,230,62,23.0,1732.9
1,16,4,0,13,2,11,1,1,0,0,19389,7.47,19204,249,50,646,340,24.9,1938.9,19,0,1,2,13,8,0,0,0,0,16035,7.36,16686,175,39,17.5,1603.5
1,26,4,0,7,5,6,0,0,0,2,15600,6.91,18964,215,54,-436,42,21.5,1560.0,14,4,1,5,7,5,0,0,0,1,17071,6.75,15861,226,51,22.6,1707.1
1,21,5,1,1,3,8,1,0,0,0,16884,6.96,15723,218,43,609,-201,21.8,1688.4,13,0,0,3,1,6,0,0,1,0,15234,6.77,17450,217,65,21.7,1523.4
1,27,2,0,9,9,9,0,2,0,0,16335,6.91,19187,215,40,867,117,21.5,1633.5,18,1,1,9,9,3,1,0,0,1,16414,6.57,15989,200,57,20.0,1641.4
1,25,3,0,9,7,11,0,0,0,0,15784,7.63,18450,222,62,2093,2518,22.2,1578.4,23,1,1,7,9,2,1,1,0,0,13186,5.6,17192,200,63,20.0,1318.6
0,31,1,0,8,7,8,0,0,0,0,17835,6.96,17979,212,56,-484,-1443,21.2,1783.5,18,0,1,7,8,7,1,0,0,0,17116,6.74,17133,212,66,21.2,1711.6
1,25,0,1,6,8,5,0,1,0,0,17215,7.14,18066,216,63,-716,-749,21.6,1721.5,24,5,0,8,6,6,0,0,0,0,17362,7.14,17133,210,45,21.0,1736.2
1,17,2,0,5,8,2,2,0,0,0,16106,7.29,16042,243,73,925,1670,24.3,1610.6,21,2,1,8,5,7,1,0,0,0,14339,6.83,17365,219,57,21.9,1433.9
1,23,0,1,5,4,4,1,0,0,0,14346,6.36,19092,207,61,-49,504,20.7,1434.6,8,1,0,4,5,8,0,0,0,1,15788,7.13,19939,241,36,24.1,1578.8
0,17,3,0,6,5,5,1,1,0,0,16412,6.29,16523,244,64,-108,28,24.4,1641.2,14,4,1,5,6,5,1,0,0,0,17678,7.21,16922,237,56,23.7,1767.8
1,16,0,0,4,8,7,0,1,1,1,15400,6.51,16666,247,59,-2854,-944,24.7,1540.0,19,3,1,8,4,10,2,1,0,1,17069,6.57,18171,251,45,25.1,1706.9
1,16,2,0,8,1,12,1,1,0,0,21184,7.31,19416,210,83,2026,3405,21.0,2118.4,16,0,1,1,8,1,0,0,0,0,12429,6.87,19215,199,56,19.9,1242.9
0,16,2,1,6,6,1,1,0,0,0,13537,6.61,16157,210,41,-1471,-1430,21.0,1353.7,20,6,0,6,6,11,1,1,0,0,18015,7.72,21000,232,59,23.2,1801.5
1,24,3,1,9,4,10,1,1,0,0,16807,7.33,16296,228,55,1169,687,22.8,1680.7,26,2,0,4,9,8,1,0,1,0,16337,6.62,15944,224,43,22.4,1633.7
0,19,2,0,8,8,3,0,0,0,0,15919,6.45,15166,230,48,-1451,-1588,23.0,1591.9,27,0,1,8,8,4,0,0,1,1,16428,7.66,18013,250,55,25.0,1642.8
1,18,6,0,8,4,7,2,0,0,2,18878,6.95,19328,243,66,3023,1803,24.3,1887.8,21,0,1,4,8,5,1,0,1,0,12996,6.66,17774,197,42,19.7,1299.6
0,11,4,1,2,5,1,0,0,0,0,14482,6.32,14179,207,43,-2829,-607,20.7,1448.2,11,4,0,5,2,7,1,1,0,1,19889,7.45,17462,224,65,22.4,1988.9
0,29,1,0,5,7,5,1,1,0,0,14859,7.08,15245,245,41,-897,-307,24.5,1485.9,24,5,1,7,5,5,1,1,0,1,17174,6.67,17371,231,55,23.1,1717.4
0,20,4,0,5,8,3,0,0,0,0,14936,6.89,16962,235,44,-589,-1844,23.5,1493.6,22,5,1,8,5,9,1,0,0,1,18719,6.9,17192,249,66,24.9,1871.9
1,17,5,1,7,2,10,1,0,0,0,17316,6.5,17476,218,48,-802,442,21.8,1731.6,23,2,0,2,7,0,0,0,0,0,14696,6.64,16892,212,59,21.2,1469.6
0,20,1,0,4,10,1,0,0,0,2,15647,6.79,15378,207,39,-2177,-1259,20.7,1564.7,22,0,1,10,4,8,2,0,1,1,16443,7.28,19254,224,82,22.4,1644.3
0,30,2,0,8,7,7,0,0,0,1,16199,6.56,18785,226,35,-2281,-1681,22.6,1619.9,22,1,1,7,8,9,0,0,1,1,17163,6.3,16529,217,61,21.7,1716.3
0,19,1,0,1,9,0,0,0,0,0,12821,5.85,11459,169,63,-2741,-1927,16.9,1282.1,26,0,1,9,1,9,2,0,1,1,20511,7.27,22210,212,65,21.2,2051.1
1,7,1,0,8,4,9,0,1,0,1,18167,6.92,17187,239,48,2463,2343,23.9,1816.7,19,1,1,4,8,4,0,1,0,1,15214,7.05,14184,207,59,20.7,1521.4
1,32,1,0,6,8,5,2,2,0,2,16162,6.71,17048,184,62,-690,-1171,18.4,1616.2,20,1,1,8,6,6,0,0,1,0,16428,7.25,18741,250,74,25.0,1642.8
0,8,3,0,3,11,4,0,0,0,0,14752,6.77,16108,220,56,-3559,-455,22.0,1475.2,18,3,1,11,3,11,1,1,0,0,18110,6.94,23592,237,48,23.7,1811.0
1,21,3,1,10,4,7,1,1,0,1,17051,7.11,17136,225,63,1802,2332,22.5,1705.1,17,1,0,4,10,3,0,1,0,1,13953,6.22,13814,197,58,19.7,1395.3
0,12,1,1,1,13,2,0,0,0,0,16085,6.94,16256,184,38,-2125,-1994,18.4,1608.5,15,2,0,13,1,9,2,1,0,1,18393,7.48,19358,203,51,20.3,1839.3
0,18,1,1,6,7,9,1,1,0,1,17703,7.51,17997,235,71,1993,2374,23.5,1770.3,22,2,0,7,6,6,1,1,0,0,14524,6.97,17904,218,63,21.8,1452.4
0,20,1,0,5,9,9,1,0,0,0,16569,6.5,18385,215,60,-2161,-3140,21.5,1656.9,21,4,1,9,5,8,0,1,1,0,17192,7.24,19396,238,63,23.8,1719.2
1,13,3,1,6,1,7,1,1,0,1,18270,7.21,20699,202,73,2492,1223,20.2,1827.0,19,3,0,1,6,0,0,0,1,0,13597,6.55,15431,217,46,21.7,1359.7
1,21,4,1,9,7,7,1,0,0,0,16645,7.4,18130,192,68,2208,174,19.2,1664.5,12,0,0,7,9,8,0,0,0,1,15274,6.23,15743,220,69,22.0,1527.4
0,24,0,0,1,7,2,0,1,0,0,13256,6.63,16151,204,54,-1399,-1509,20.4,1325.6,17,2,1,7,1,6,1,0,1,1,19879,6.92,17550,269,59,26.9,1987.9
0,14,3,1,7,10,0,0,0,1,1,15334,7.0,16675,171,56,-2218,-899,17.1,1533.4,16,4,0,10,7,5,1,0,0,1,18383,6.87,19482,182,60,18.2,1838.3
1,14,3,1,6,0,3,1,1,0,1,16147,7.39,18524,217,68,2698,696,21.7,1614.7,4,2,0,0,6,6,1,0,0,2,16592,7.33,15827,223,52,22.3,1659.2
1,19,2,0,9,5,4,0,1,0,0,14934,6.24,17092,233,47,-846,-838,23.3,1493.4,17,1,1,5,9,9,1,0,0,0,16323,6.37,16361,206,52,20.6,1632.3
0,18,3,1,5,3,5,0,0,0,0,17307,7.02,16985,227,53,-1820,-70,22.7,1730.7,10,6,0,3,5,9,0,1,0,0,17690,6.56,16914,194,67,19.4,1769.0
1,20,4,1,8,3,12,1,1,0,2,18875,7.34,21698,224,49,1520,1798,22.4,1887.5,21,0,0,3,8,4,0,0,0,1,14351,7.08,16154,228,66,22.8,1435.1
0,13,0,1,6,4,7,0,0,0,0,14398,6.85,17651,203,65,141,-1564,20.3,1439.8,23,1,0,4,6,7,1,1,0,1,14934,7.57,16611,222,70,22.2,1493.4
0,23,0,0,7,6,4,1,0,0,0,13366,7.03,18019,230,60,1078,79,23.0,1336.6,31,2,1,6,7,7,0,1,0,0,19232,6.89,18436,198,52,19.8,1923.2
0,25,2,0,8,5,10,0,0,0,0,16377,7.24,19529,219,48,2250,2372,21.9,1637.7,16,2,1,5,8,2,0,0,0,0,15845,6.58,16755,225,38,22.5,1584.5
1,16,3,0,7,3,6,1,1,0,1,20172,7.72,17618,194,37,2320,2483,19.4,2017.2,19,0,1,3,7,7,1,1,0,0,15883,6.72,16845,230,44,23.0,1588.3
0,15,4,1,5,6,5,1,0,0,1,16417,6.99,17013,205,55,268,528,20.5,1641.7,24,3,0,6,5,7,1,1,1,1,17377,7.25,16574,216,71,21.6,1737.7
0,20,2,0,11,7,6,0,0,0,1,15225,6.66,15668,225,52,-1252,-1841,22.5,1522.5,18,3,1,7,11,6,1,1,0,0,16841,6.71,17811,222,36,22.2,1684.1
0,12,4,0,0,10,8,0,0,0,0,14996,6.31,15191,172,40,-3989,-1072,17.2,1499.6,28,4,1,10,0,15,0,0,0,1,18876,6.89,20574,258,72,25.8,1887.6
0,19,0,0,1,11,5,0,0,0,0,14176,6.54,14811,227,52,-2495,-3284,22.7,1417.6,25,3,1,11,1,11,0,0,0,2,18027,7.13,19403,257,61,25.7,1802.7
1,28,1,1,9,4,3,1,0,1,0,15734,7.41,17496,209,67,1005,320,20.9,1573.4,25,0,0,4,9,2,0,0,0,0,15934,6.68,18474,222,44,22.2,1593.4
0,19,1,1,8,7,8,1,0,0,0,16583,6.49,17012,259,66,336,-796,25.9,1658.3,15,2,0,7,8,8,1,0,0,0,15757,6.92,17925,202,63,20.2,1575.7
1,14,1,1,4,6,9,1,0,0,1,16715,7.44,16805,212,70,1109,1418,21.2,1671.5,17,5,0,6,4,8,1,0,0,0,17619,6.57,17911,215,56,21.5,1761.9
1,24,4,1,4,0,10,1,0,0,0,16335,7.22,19950,258,62,3466,1616,25.8,1633.5,15,2,0,0,4,5,1,0,0,0,16610,7.3,13617,187,43,18.7,1661.0
0,17,0,1,6,9,1,0,0,0,1,14441,5.84,18982,206,65,-958,-1703,20.6,1444.1,21,3,0,9,6,7,1,0,0,2,19432,6.63,17460,265,65,26.5,1943.2
0,19,1,1,3,6,6,0,0,0,1,14881,7.29,15229,187,49,705,-629,18.7,1488.1,12,0,0,6,3,10,1,1,1,1,16293,7.29,17899,232,67,23.2,1629.3
0,23,4,0,5,5,6,1,1,0,1,17143,7.22,18766,227,59,701,-541,22.7,1714.3,23,2,1,5,5,7,1,0,0,1,15412,6.99,18482,199,69,19.9,1541.2
0,22,1,0,5,11,9,0,1,0,0,15322,6.59,16475,184,56,-1429,-2543,18.4,1532.2,23,2,1,11,5,6,1,1,1,0,16995,7.1,21412,244,67,24.4,1699.5
1,23,4,1,7,6,10,1,1,1,0,19749,7.32,17871,207,71,2734,2146,20.7,1974.9,25,2,0,6,7,1,0,0,0,1,15103,6.09,14562,220,55,22.0,1510.3
0,22,6,1,10,2,12,1,0,1,1,16296,7.45,17692,247,50,998,1307,24.7,1629.6,10,3,0,2,10,6,1,1,0,1,16724,6.64,17439,192,42,19.2,1672.4
1,31,2,1,7,7,5,1,1,0,0,17268,7.38,18050,231,65,-1107,205,23.1,1726.8,25,1,0,7,7,8,2,0,1,0,17115,6.75,18106,244,54,24.4,1711.5
0,30,5,0,8,4,9,2,0,0,1,18258,7.3,19911,228,72,4778,2554,22.8,1825.8,15,2,1,4,8,3,0,0,0,0,14238,6.94,14784,192,39,19.2,1423.8
0,21,5,1,1,10,2,0,0,1,0,15256,7.0,15996,199,32,-3108,-1811,19.9,1525.6,23,3,0,10,1,11,1,0,0,1,19115,7.6,21255,223,61,22.3,1911.5
0,21,3,0,9,4,8,0,1,0,1,13843,6.83,16421,213,57,-67,-617,21.3,1384.3,20,2,1,4,9,6,0,1,0,1,14776,7.34,17746,216,53,21.6,1477.6
1,16,2,0,6,3,10,2,0,0,0,18460,7.41,15613,212,55,784,141,21.2,1846.0,26,4,1,3,6,10,2,0,0,2,14949,6.84,15461,208,53,20.8,1494.9
0,24,3,0,5,9,5,1,0,0,1,16289,6.11,16437,197,69,-1662,368,19.7,1628.9,23,3,1,9,5,9,1,0,0,1,20062,7.5,17611,216,58,21.6,2006.2
0,21,4,0,7,6,7,1,0,0,1,17118,7.51,19260,220,61,-61,1257,22.0,1711.8,20,0,1,6,7,7,0,0,0,0,14786,6.22,18632,170,54,17.0,1478.6
0,15,1,0,0,8,5,0,0,0,0,16861,6.01,14521,201,45,-2831,-1657,20.1,1686.1,20,3,1,8,0,10,1,0,0,2,18799,7.48,17247,259,57,25.9,1879.9
1,20,2,0,9,7,4,0,1,0,1,16871,6.79,19321,222,54,-494,112,22.2,1687.1,21,2,1,7,9,6,0,0,0,0,16065,6.16,15794,231,55,23.1,1606.5
1,17,5,1,11,7,7,1,1,0,0,19659,7.52,19103,237,71,2165,2005,23.7,1965.9,13,2,0,7,11,6,1,0,0,1,15586,6.65,15157,215,48,21.5,1558.6
1,26,2,1,11,9,6,1,0,0,1,17720,7.0,19627,247,60,1875,-464,24.7,1772.0,32,3,0,9,11,1,1,0,0,2,16872,7.39,15463,238,55,23.8,1687.2
0,20,3,0,0,13,2,1,0,0,0,13671,6.68,15710,224,45,-3072,-4035,22.4,1367.1,17,3,1,13,0,8,1,0,0,1,15849,6.53,19987,252,73,25.2,1584.9
1,19,2,1,0,8,2,0,0,0,1,17061,6.24,18624,223,56,-2434,-368,22.3,1706.1,16,1,0,8,0,10,1,1,0,1,16852,6.91,18123,235,50,23.5,1685.2
1,21,5,1,9,2,5,1,1,0,1,17708,6.75,19770,238,59,756,2553,23.8,1770.8,15,0,0,2,9,4,1,1,0,0,15971,6.67,18420,220,74,22.0,1597.1
0,17,1,0,5,5,2,0,0,0,0,16182,6.8,15147,211,68,497,-1263,21.1,1618.2,19,4,1,5,5,7,1,0,1,1,16322,6.28,18296,208,69,20.8,1632.2
0,4,0,0,0,12,2,0,0,0,0,13730,5.68,13262,168,37,-4213,-4316,16.8,1373.0,15,3,1,12,0,12,1,1,1,1,20059,7.52,18590,259,76,25.9,2005.9
1,15,4,0,9,2,5,2,1,1,2,17791,7.61,16871,232,53,1574,2063,23.2,1779.1,14,1,1,2,9,3,0,0,0,0,11509,6.53,15135,203,42,20.3,1150.9
1,17,0,0,5,5,9,1,1,0,0,15367,6.91,19355,227,53,-822,-190,22.7,1536.7,17,6,1,5,5,8,0,2,0,0,17034,6.95,17541,248,59,24.8,1703.4
0,14,2,1,1,5,5,1,0,0,0,15788,6.3,16133,198,50,-2377,-891,19.8,1578.8,22,0,0,5,1,7,0,1,1,0,16464,6.76,18525,225,69,22.5,1646.4
1,23,5,1,8,5,10,1,1,0,1,18254,7.13,19265,201,63,2219,2056,20.1,1825.4,13,3,0,5,8,6,1,1,0,0,13986,6.36,14141,219,45,21.9,1398.6
1,23,0,0,6,11,2,1,0,0,1,15648,6.73,14340,236,53,-2469,-653,23.6,1564.8,28,5,1,11,6,9,2,0,0,1,17214,7.28,18210,267,47,26.7,1721.4
0,18,2,1,5,13,9,0,1,1,0,15496,6.9,14432,209,54,-2026,-1845,20.9,1549.6,17,2,0,13,5,5,0,1,0,0,16339,6.37,18283,229,55,22.9,1633.9
1,28,4,1,7,6,12,1,0,0,0,16398,6.95,17365,247,51,564,304,24.7,1639.8,19,1,0,6,7,6,1,0,0,0,16662,6.49,17479,186,65,18.6,1666.2
1,20,3,0,11,2,10,1,0,0,0,18028,7.08,19646,239,51,4723,2295,23.9,1802.8,13,0,1,2,11,5,0,0,0,0,12490,7.28,13618,195,33,19.5,1249.0
1,23,1,1,6,2,10,0,1,0,2,20023,7.23,18499,259,46,2416,1780,25.9,2002.3,26,2,0,2,6,0,1,1,0,0,14226,6.54,15018,222,54,22.2,1422.6
1,20,2,1,7,8,7,1,0,0,0,17201,7.72,17723,233,64,1352,-263,23.3,1720.1,14,1,0,8,7,3,0,0,0,1,16352,7.23,18224,218,49,21.8,1635.2
1,26,1,1,8,8,9,1,0,0,1,17254,7.13,18281,247,34,-361,566,24.7,1725.4,19,3,0,8,8,3,1,1,0,0,16216,6.79,17412,186,52,18.6,1621.6
0,22,2,1,7,4,10,1,0,0,0,15930,6.76,19049,243,63,1170,-553,24.3,1593.0,14,0,0,4,7,8,0,0,1,1,15752,6.52,18225,162,48,16.2,1575.2
0,18,1,0,1,11,0,2,0,0,0,15683,6.94,15460,202,52,-3845,-2874,20.2,1568.3,25,6,1,11,1,9,1,1,1,1,17447,7.11,19319,246,68,24.6,1744.7
1,13,2,0,6,5,5,0,0,0,1,16588,7.88,19421,228,65,1358,3104,22.8,1658.8,21,0,1,5,6,8,0,0,0,0,14663,6.54,14409,214,65,21.4,1466.3
1,14,2,1,4,6,6,0,0,0,0,14860,6.9,17525,246,55,-1973,-1364,24.6,1486.0,19,4,0,6,4,7,0,1,0,0,17740,6.89,17342,232,72,23.2,1774.0
1,26,5,1,9,5,9,0,1,0,1,17643,6.96,19921,218,56,749,-1137,21.8,1764.3,20,3,0,5,9,9,0,1,0,0,15481,7.17,17721,229,61,22.9,1548.1
0,9,2,0,9,10,6,0,0,0,1,15325,6.32,19280,226,41,-1066,1695,22.6,1532.5,22,5,1,10,9,6,0,1,1,0,14770,7.14,18077,213,45,21.3,1477.0
1,28,4,0,10,6,3,1,1,1,1,17197,6.99,17658,236,52,2146,866,23.6,1719.7,21,1,1,6,10,1,0,0,0,1,15402,7.43,18043,223,51,22.3,1540.2
1,23,4,0,3,5,8,1,1,0,1,16804,6.5,16088,235,69,-72,-1063,23.5,1680.4,22,5,1,5,3,2,0,0,0,0,15251,6.5,16739,222,53,22.2,1525.1
0,10,0,0,0,15,4,0,0,0,1,12442,6.23,13114,179,41,-5799,-4115,17.9,1244.2,28,4,1,15,0,11,1,1,1,1,23484,8.07,21681,268,78,26.8,2348.4
0,16,3,0,8,7,1,1,0,0,1,16928,6.21,18306,243,45,-120,567,24.3,1692.8,12,0,1,7,8,5,1,0,1,0,15551,7.29,17549,224,43,22.4,1555.1
1,31,2,1,10,4,10,1,0,0,0,17777,7.26,18002,229,50,1273,526,22.9,1777.7,16,3,0,4,10,4,1,0,1,0,17064,6.52,16405,197,56,19.7,1706.4
0,28,0,1,5,3,11,0,0,0,0,18251,6.39,17795,191,78,1044,-245,19.1,1825.1,23,3,0,3,5,5,1,0,0,1,17563,6.62,18112,196,50,19.6,1756.3
0,19,2,0,6,4,8,1,0,0,0,16685,6.9,17496,220,43,-926,-1038,22.0,1668.5,19,4,1,4,6,5,1,1,0,0,16695,6.81,16513,227,34,22.7,1669.5
1,24,1,1,7,0,9,1,1,1,0,20636,7.86,19093,247,65,2770,3016,24.7,2063.6,13,4,0,0,7,4,0,0,0,0,13391,6.55,16290,178,41,17.8,1339.1
1,17,3,0,7,4,9,1,1,1,0,16652,6.65,16995,217,59,942,505,21.7,1665.2,19,3,1,4,7,1,2,0,0,0,14120,7.13,17044,197,60,19.7,1412.0
1,22,0,0,6,5,7,2,1,1,0,17134,6.78,16778,226,68,2087,1097,22.6,1713.4,11,0,1,5,6,2,0,0,0,1,16424,7.52,17297,210,57,21.0,1642.4
1,19,3,0,9,6,9,1,0,0,1,20685,7.29,20075,235,71,2723,2844,23.5,2068.5,22,0,1,6,9,11,1,0,1,1,12691,5.58,14195,211,39,21.1,1269.1
1,20,0,0,4,7,7,1,1,1,1,16148,6.8,17768,246,63,1024,140,24.6,1614.8,25,3,1,7,4,7,0,0,1,0,16014,7.45,19319,202,39,20.2,1601.4
0,27,3,1,0,8,4,0,0,0,0,14565,7.09,17030,218,51,-482,241,21.8,1456.5,18,3,0,8,0,4,1,1,1,0,18641,7.32,18082,220,75,22.0,1864.1
0,15,0,0,7,7,0,0,0,1,0,12693,6.19,14313,223,46,-5527,-3844,22.3,1269.3,26,5,1,7,7,11,1,0,0,1,18555,7.69,22057,273,78,27.3,1855.5
1,14,1,0,5,8,4,0,0,0,0,17808,7.12,15970,196,83,359,-99,19.6,1780.8,17,0,1,8,5,4,1,1,0,1,17754,7.03,18116,248,62,24.8,1775.4
1,15,4,1,12,1,12,1,0,0,1,18211,7.26,17949,216,95,1463,892,21.6,1821.1,15,4,0,1,12,6,0,1,0,1,12336,6.52,15122,223,55,22.3,1233.6
1,20,1,0,9,9,4,0,0,0,0,17041,6.83,15027,229,59,-1159,169,22.9,1704.1,29,3,1,9,9,6,1,0,0,0,17580,6.37,19502,222,42,22.2,1758.0
1,18,3,0,4,6,3,1,0,1,0,17314,7.15,18886,243,56,1172,3224,24.3,1731.4,18,0,1,6,4,7,0,0,0,0,16138,7.01,16396,205,35,20.5,1613.8
0,22,2,0,7,6,15,0,1,0,1,15705,7.06,19969,241,56,1036,1961,24.1,1570.5,18,3,1,6,7,3,1,0,1,0,17446,6.77,15908,237,37,23.7,1744.6
1,14,3,1,6,5,7,1,1,0,1,17152,7.09,19484,229,71,1944,2939,22.9,1715.2,9,0,0,5,6,3,0,0,0,0,14595,6.89,14199,202,42,20.2,1459.5
1,23,3,0,5,9,5,0,1,1,0,15728,7.24,18229,200,44,-451,163,20.0,1572.8,26,2,1,9,5,10,1,0,1,0,15686,6.84,18741,197,45,19.7,1568.6
0,16,3,1,3,5,6,1,1,1,1,18403,6.57,16525,219,65,1233,-292,21.9,1840.3,12,3,0,5,3,7,1,0,1,0,15397,6.33,16987,205,65,20.5,1539.7
0,21,2,1,4,5,7,0,0,0,1,17035,7.59,15628,180,60,1701,179,18.0,1703.5,13,1,0,5,4,7,1,0,1,0,16720,7.32,15278,206,84,20.6,1672.0
1,21,5,1,7,0,7,1,1,0,1,19083,6.83,18955,256,49,1471,1185,25.6,1908.3,8,1,0,0,7,4,1,0,1,0,13942,6.93,17226,161,45,16.1,1394.2
0,25,0,0,1,9,6,0,1,0,0,11737,6.83,18585,188,49,-3361,-3716,18.8,1173.7,21,2,1,9,1,14,1,0,1,1,18927,7.12,20800,192,58,19.2,1892.7
0,20,1,0,5,5,5,0,0,0,0,15421,7.47,14637,197,47,-106,-562,19.7,1542.1,29,5,1,5,5,8,2,1,0,0,18101,6.36,19023,242,67,24.2,1810.1
1,31,2,1,6,2,5,1,0,1,0,16921,7.72,20049,233,71,2731,772,23.3,1692.1,16,0,0,2,6,5,0,0,0,0,14384,6.7,16413,221,60,22.1,1438.4
1,26,4,1,10,1,2,2,1,1,2,18959,6.57,19891,265,62,2211,3304,26.5,1895.9,15,1,0,1,10,1,0,0,0,0,14389,5.83,15003,175,23,17.5,1438.9
0,28,0,1,9,1,9,0,1,0,0,18871,6.98,18535,235,42,1969,498,23.5,1887.1,19,1,0,1,9,4,1,0,1,0,17244,6.46,16302,235,71,23.5,1724.4
0,18,3,1,6,9,4,0,1,1,2,17300,6.84,17389,211,49,-387,-430,21.1,1730.0,21,0,0,9,6,10,0,0,0,0,17448,6.73,17418,212,54,21.2,1744.8
0,23,2,1,8,5,8,0,0,0,0,17003,7.66,17734,241,61,149,1978,24.1,1700.3,19,1,0,5,8,2,1,0,1,1,17937,6.72,17140,207,47,20.7,1793.7
1,28,2,1,9,7,5,1,0,0,0,16144,6.64,18137,239,40,1965,910,23.9,1614.4,12,0,0,7,9,4,0,0,0,0,15424,6.95,17329,204,45,20.4,1542.4
0,24,3,1,2,9,6,1,1,0,0,16508,6.8,18013,248,59,-901,-1381,24.8,1650.8,35,2,0,9,2,10,1,1,0,0,15922,7.28,18447,228,53,22.8,1592.2
0,23,1,1,9,6,7,0,0,0,1,17147,6.65,19078,246,49,-104,1213,24.6,1714.7,24,1,0,6,9,8,1,0,0,0,16084,6.95,19147,210,57,21.0,1608.4
1,21,6,0,6,5,11,1,1,0,2,18408,7.27,17050,228,70,730,3440,22.8,1840.8,21,3,1,5,6,2,1,0,0,0,12598,6.98,14337,205,53,20.5,1259.8
1,23,3,1,14,2,10,2,0,1,2,18508,7.18,20045,244,85,3324,1425,24.4,1850.8,18,1,0,2,14,5,1,0,0,1,13679,6.33,14414,220,48,22.0,1367.9
1,27,3,0,9,7,5,1,1,0,1,18416,7.15,18053,233,71,1721,585,23.3,1841.6,25,3,1,7,9,6,0,0,1,0,15676,6.5,12797,190,40,19.0,1567.6
1,27,4,1,7,5,12,0,1,1,0,16287,6.78,15913,183,54,323,774,18.3,1628.7,25,4,0,5,7,6,0,0,0,0,19121,7.31,16942,226,54,22.6,1912.1
0,17,2,1,7,6,7,1,0,0,1,14901,6.38,19040,159,65,-413,232,15.9,1490.1,18,2,0,6,7,8,2,0,1,0,18148,7.03,19126,197,67,19.7,1814.8
1,17,4,1,7,4,5,1,1,0,0,18880,7.38,17748,229,64,-179,-488,22.9,1888.0,19,1,0,4,7,6,1,1,0,0,13774,6.5,15434,244,46,24.4,1377.4
1,15,0,1,4,11,6,1,1,0,2,16700,6.17,17520,234,55,831,-712,23.4,1670.0,26,0,0,11,4,6,1,0,0,0,15724,6.91,18789,219,53,21.9,1572.4
1,25,1,1,4,4,7,1,0,0,1,18216,7.0,19310,278,87,645,981,27.8,1821.6,23,1,0,4,4,5,0,0,1,0,16054,6.5,15878,220,45,22.0,1605.4
1,13,2,0,8,11,5,0,0,0,0,16001,6.53,17254,205,58,-5048,-987,20.5,1600.1,26,2,1,11,8,7,0,1,0,0,15403,7.37,19705,243,71,24.3,1540.3
1,27,4,1,9,0,10,0,0,0,0,19255,7.46,20898,230,58,1723,1682,23.0,1925.5,20,0,0,0,9,5,1,0,0,1,16843,6.24,16396,229,56,22.9,1684.3
0,20,3,0,1,9,4,0,0,0,1,17646,7.37,14610,230,51,-1456,-1291,23.0,1764.6,18,3,1,9,1,12,0,1,0,1,19017,7.2,19348,219,57,21.9,1901.7
0,16,3,1,6,7,7,0,1,0,0,16841,6.15,18975,194,58,337,-3166,19.4,1684.1,19,2,0,7,6,3,1,1,0,0,19273,7.02,19400,238,55,23.8,1927.3
0,28,4,1,7,4,8,0,1,0,1,15070,6.71,16880,259,60,1031,179,25.9,1507.0,26,1,0,4,7,4,2,0,0,1,15665,7.25,18518,247,78,24.7,1566.5
1,17,4,1,10,0,12,1,1,1,1,18095,7.32,18924,226,67,3901,3290,22.6,1809.5,17,0,0,0,10,1,0,0,1,0,12767,6.09,16831,230,48,23.0,1276.7
0,27,0,1,3,8,1,0,1,0,0,15568,6.53,17644,224,56,-1492,-1781,22.4,1556.8,23,0,0,8,3,3,1,0,1,0,15198,6.37,20580,191,47,19.1,1519.8
0,20,4,1,6,7,0,0,0,0,1,13829,6.98,16089,214,49,-37,-288,21.4,1382.9,32,3,0,7,6,2,0,0,0,0,16651,7.48,16152,256,63,25.6,1665.1
0,9,0,0,7,5,3,0,0,0,0,14258,6.75,17768,187,55,-228,-912,18.7,1425.8,24,2,1,5,7,9,0,0,1,2,16708,7.25,16250,217,43,21.7,1670.8
1,31,3,1,10,4,9,1,0,0,0,20391,7.06,18660,232,84,2923,1993,23.2,2039.1,18,3,0,4,10,0,0,0,0,0,13506,7.22,14578,212,37,21.2,1350.6
0,19,1,0,0,12,0,0,0,0,1,13571,5.84,13993,166,43,-4819,-4339,16.6,1357.1,33,4,1,12,0,10,2,1,0,2,19052,7.95,23355,236,73,23.6,1905.2
0,16,2,0,2,9,1,0,0,0,0,16076,5.93,18354,198,51,-1636,-4110,19.8,1607.6,27,4,1,9,2,4,0,0,0,1,17358,7.27,17829,229,56,22.9,1735.8
1,21,2,1,13,2,12,2,1,1,2,19540,7.8,21701,275,85,4419,4754,27.5,1954.0,16,0,0,2,13,0,0,0,0,1,11229,6.28,14435,192,37,19.2,1122.9
1,13,0,0,6,8,5,0,0,0,1,16252,6.82,18147,190,68,868,1990,19.0,1625.2,11,2,1,8,6,6,0,0,0,0,15800,7.28,14604,194,61,19.4,1580.0
0,30,0,0,1,3,0,1,0,1,0,14603,7.28,16479,166,46,-1383,-754,16.6,1460.3,26,2,1,3,1,8,1,0,0,0,20624,7.27,17970,299,66,29.9,2062.4
1,15,3,1,8,6,3,0,1,1,0,17633,7.32,14436,218,43,-87,-678,21.8,1763.3,24,4,0,6,8,8,0,0,1,1,16128,7.04,19349,232,45,23.2,1612.8
1,14,0,1,4,2,5,1,0,0,1,16392,6.81,17297,195,41,198,363,19.5,1639.2,25,2,0,2,4,8,2,0,0,1,15645,6.79,18934,237,41,23.7,1564.5
1,23,1,1,4,10,7,1,1,0,2,18605,7.06,16982,245,68,753,2477,24.5,1860.5,18,3,0,10,4,1,0,0,0,0,17963,7.11,17759,196,29,19.6,1796.3
1,15,4,0,13,2,12,1,0,0,2,21054,7.05,19508,242,94,4162,2121,24.2,2105.4,14,0,1,2,13,4,0,0,1,0,15975,6.83,13895,228,38,22.8,1597.5
1,16,1,1,3,7,8,0,0,0,0,16668,6.94,16506,243,56,1164,875,24.3,1666.8,19,2,0,7,3,3,0,0,0,0,14928,6.64,18273,215,27,21.5,1492.8
0,24,1,0,4,6,0,1,1,0,0,14375,6.6,17139,178,26,-2105,-977,17.8,1437.5,17,0,1,6,4,7,0,1,0,0,15940,6.7,16743,215,37,21.5,1594.0
1,24,3,1,5,3,11,0,1,0,1,19787,7.07,15932,233,73,1582,997,23.3,1978.7,17,3,0,3,5,3,1,0,0,0,15717,6.65,15428,195,51,19.5,1571.7
0,17,2,0,3,10,4,0,1,0,0,16139,7.01,16482,265,54,-1402,800,26.5,1613.9,25,2,1,10,3,7,1,0,0,0,18067,6.92,18880,288,62,28.8,1806.7
0,18,0,0,9,9,4,1,0,1,1,13961,7.32,17857,221,47,-253,-1744,22.1,1396.1,20,4,1,9,9,6,1,1,0,2,17668,6.64,17535,234,64,23.4,1766.8
0,14,1,1,2,14,3,0,1,0,1,13117,6.22,16447,211,32,-3763,-2438,21.1,1311.7,21,0,0,14,2,9,2,1,1,1,15989,7.06,21161,242,84,24.2,1598.9
0,17,2,0,3,8,1,0,0,0,0,15576,5.95,15348,221,59,-3330,-1856,22.1,1557.6,32,2,1,8,3,8,2,1,0,2,18113,7.07,18299,247,49,24.7,1811.3
0,14,0,0,6,7,6,0,0,0,1,15002,6.56,17628,199,51,-2422,1588,19.9,1500.2,20,1,1,7,6,7,1,1,0,0,20307,6.89,19325,212,53,21.2,2030.7
0,15,2,0,2,10,0,1,0,0,0,13582,6.63,15837,197,59,-366,-2477,19.7,1358.2,19,6,1,10,2,8,1,1,0,0,18968,7.44,19615,241,58,24.1,1896.8
1,18,1,1,9,7,10,0,1,0,1,15549,7.16,17942,199,57,2050,-326,19.9,1554.9,15,1,0,7,9,9,2,0,1,0,15628,6.76,16898,159,54,15.9,1562.8
0,14,2,0,4,10,4,0,0,0,0,15700,6.98,14738,210,67,-1567,-1960,21.0,1570.0,21,2,1,10,4,11,0,0,1,1,15760,7.43,18732,240,68,24.0,1576.0
0,19,2,0,1,10,1,0,1,1,1,12792,5.6,13138,234,39,-6131,-5315,23.4,1279.2,22,2,1,10,1,13,2,2,1,0,19427,8.34,20286,244,83,24.4,1942.7
1,22,1,0,2,6,5,0,0,0,0,17028,6.74,17484,220,42,-3548,-887,22.0,1702.8,24,3,1,6,2,5,1,1,0,1,19807,7.33,18482,238,61,23.8,1980.7
0,14,3,0,6,8,4,0,0,1,0,12811,7.44,17736,183,58,-1554,-405,18.3,1281.1,14,2,1,8,6,4,1,0,0,1,17590,7.5,20403,229,51,22.9,1759.0
0,13,3,0,5,4,8,1,1,0,1,15776,6.87,19000,200,53,-3102,-1977,20.0,1577.6,12,3,1,4,5,9,1,1,0,2,16490,7.38,19617,229,72,22.9,1649.0
1,22,4,1,12,1,7,1,1,1,2,17634,6.88,20604,252,53,1473,2159,25.2,1763.4,14,0,0,1,12,4,0,1,0,0,13822,6.8,14905,235,41,23.5,1382.2
0,30,2,1,3,7,2,0,0,0,1,13914,6.2,15396,218,43,-1839,-603,21.8,1391.4,22,6,0,7,3,5,0,0,0,1,16831,7.95,18258,274,35,27.4,1683.1
1,17,4,0,12,2,8,0,0,0,1,17541,7.05,16004,227,61,1861,3057,22.7,1754.1,24,3,1,2,12,9,0,0,0,0,15920,6.9,16031,223,40,22.3,1592.0
0,19,3,0,7,7,3,1,0,0,0,16916,7.44,18171,205,69,234,52,20.5,1691.6,22,0,1,7,7,2,0,0,0,1,16736,7.06,16779,195,56,19.5,1673.6
0,20,0,0,6,6,4,0,0,0,0,17682,6.85,18289,197,50,208,-414,19.7,1768.2,20,3,1,6,6,6,0,0,0,1,16777,6.79,18618,243,62,24.3,1677.7
0,18,0,0,4,6,5,1,0,1,1,17458,6.42,16456,182,61,-427,-938,18.2,1745.8,10,4,1,6,4,6,1,1,0,0,18959,7.24,19750,233,73,23.3,1895.9
0,18,2,1,6,4,8,0,1,1,1,15203,6.47,19485,249,53,-524,-413,24.9,1520.3,26,3,0,4,6,10,0,0,0,0,17246,6.48,16987,210,56,21.0,1724.6
0,24,1,1,3,10,4,1,0,0,0,15737,7.42,16781,216,65,-2718,-437,21.6,1573.7,17,1,0,10,3,5,2,0,1,1,19981,6.88,19633,258,48,25.8,1998.1
1,23,3,1,8,6,4,0,2,1,0,16130,6.21,18988,243,76,-1036,556,24.3,1613.0,17,3,0,6,8,3,1,0,0,0,16537,7.15,20640,188,58,18.8,1653.7
0,24,1,1,5,7,5,1,0,0,1,14604,6.7,17583,221,56,-1810,-1421,22.1,1460.4,10,0,0,7,5,3,1,0,0,1,17660,7.28,18221,214,60,21.4,1766.0
0,21,5,1,8,8,2,1,0,0,0,16603,6.26,16540,213,44,-1054,305,21.3,1660.3,23,2,0,8,8,8,2,0,1,1,16242,7.21,19058,212,59,21.2,1624.2
1,26,2,1,7,2,8,1,1,0,1,19113,7.09,20334,229,55,751,1805,22.9,1911.3,31,1,0,2,7,6,0,0,1,1,15601,6.1,15084,213,56,21.3,1560.1
1,29,2,1,7,4,5,1,0,0,0,17529,6.97,20830,217,69,-1116,57,21.7,1752.9,18,0,0,4,7,5,0,0,0,0,16318,6.48,17784,219,47,21.9,1631.8
0,26,1,1,4,2,3,0,0,0,0,16504,7.09,16845,190,43,-552,-1178,19.0,1650.4,17,4,0,2,4,5,0,1,0,1,20004,7.33,17645,254,56,25.4,2000.4
1,32,1,0,10,4,4,0,1,1,0,16246,6.41,18528,208,39,-256,1284,20.8,1624.6,19,4,1,4,10,6,0,0,0,0,17607,6.8,18108,234,33,23.4,1760.7
0,26,2,0,3,5,1,1,1,0,0,16802,6.87,18006,186,67,-203,-1231,18.6,1680.2,26,1,1,5,3,8,0,0,0,0,17954,7.34,18293,217,56,21.7,1795.4
0,15,2,1,4,9,7,1,1,1,0,15493,6.09,16078,186,42,-1528,-1155,18.6,1549.3,26,3,0,9,4,8,0,1,0,2,17350,6.86,18796,234,63,23.4,1735.0
0,24,2,0,7,5,8,0,0,0,0,16316,6.31,16589,221,42,-969,21,22.1,1631.6,18,1,1,5,7,6,0,1,1,1,16993,6.5,17335,249,62,24.9,1699.3
0,22,4,0,2,9,2,0,0,1,0,16540,6.63,18121,204,44,494,-27,20.4,1654.0,27,1,1,9,2,6,1,0,0,0,16441,6.56,19013,201,45,20.1,1644.1
0,28,1,0,10,8,6,1,1,0,0,14471,6.82,18243,207,48,-2335,-1266,20.7,1447.1,29,4,1,8,10,9,1,0,1,1,18203,7.52,19315,231,51,23.1,1820.3
0,12,1,0,0,10,3,0,0,0,0,15479,6.75,15469,225,33,-4862,-2372,22.5,1547.9,29,5,1,10,0,9,0,1,1,0,17539,7.72,22049,252,71,25.2,1753.9
0,22,3,1,5,7,2,1,0,0,0,17533,6.99,16521,230,42,585,-760,23.0,1753.3,17,3,0,7,5,9,2,0,0,2,15623,6.5,20203,235,50,23.5,1562.3
1,18,2,1,11,6,5,0,1,1,1,18001,7.02,19651,232,61,1516,719,23.2,1800.1,22,1,0,6,11,8,0,0,0,0,14386,6.64,16557,220,52,22.0,1438.6
0,21,2,0,4,10,4,1,0,0,0,15707,6.83,15457,186,46,-3081,-311,18.6,1570.7,20,3,1,10,4,5,1,1,1,1,18074,7.06,19825,235,73,23.5,1807.4
1,24,1,0,12,0,13,1,1,0,1,19758,7.38,21335,228,75,3031,3297,22.8,1975.8,15,1,1,0,12,0,0,0,1,0,13552,6.01,13394,197,36,19.7,1355.2
1,24,1,1,7,8,9,1,0,1,1,17255,6.8,19201,217,67,3272,1636,21.7,1725.5,15,2,0,8,7,4,0,0,1,1,17057,7.03,18738,212,55,21.2,1705.7
1,16,3,1,9,1,7,0,0,0,0,18751,6.92,19361,220,57,1625,3046,22.0,1875.1,10,3,0,1,9,5,1,0,0,1,15889,7.22,15112,189,48,18.9,1588.9
1,26,2,1,10,4,9,1,0,1,1,16551,7.01,19970,188,59,285,193,18.8,1655.1,16,2,0,4,10,6,0,0,1,0,16743,6.64,16031,214,53,21.4,1674.3
0,25,2,0,9,1,9,1,1,0,1,17930,7.09,20412,273,75,4239,3278,27.3,1793.0,9,0,1,1,9,2,0,0,0,0,12020,6.9,15510,180,31,18.0,1202.0
0,19,2,0,0,11,3,1,1,0,0,14280,7.28,16522,215,63,138,-773,21.5,1428.0,17,2,1,11,0,10,1,0,1,0,18319,6.96,18934,215,79,21.5,1831.9
0,25,1,1,0,9,3,0,0,0,0,12446,6.03,13523,201,16,-5935,-3232,20.1,1244.6,24,5,0,9,0,14,1,1,1,2,20594,7.73,20770,230,76,23.0,2059.4
0,17,1,1,5,9,5,1,0,0,1,14798,6.11,16750,207,38,-460,-1043,20.7,1479.8,18,2,0,9,5,6,1,1,0,1,17864,7.41,18991,235,75,23.5,1786.4
0,23,2,0,8,0,8,0,0,0,0,15869,7.28,17744,232,61,1869,2727,23.2,1586.9,13,3,1,0,8,8,1,1,0,1,15813,7.44,16805,219,52,21.9,1581.3
0,21,2,1,6,7,4,1,0,1,0,15845,7.19,17413,220,57,-827,-3,22.0,1584.5,13,2,0,7,6,1,1,0,0,1,17886,7.0,16823,215,56,21.5,1788.6
0,22,1,0,5,5,5,1,1,0,0,16763,7.0,18823,244,54,263,2174,24.4,1676.3,20,1,1,5,5,0,0,0,0,0,16659,6.96,15556,254,51,25.4,1665.9
1,34,2,0,8,2,11,1,1,0,1,17996,7.24,18414,250,59,1043,2524,25.0,1799.6,21,2,1,2,8,2,0,0,0,1,13772,6.9,18710,206,38,20.6,1377.2
1,21,3,1,11,4,6,0,1,0,0,17312,6.91,19056,219,50,344,2225,21.9,1731.2,18,2,0,4,11,6,1,0,0,1,16029,7.17,18924,185,41,18.5,1602.9
1,19,2,0,8,4,7,1,0,1,0,18826,6.99,19795,201,75,2210,3172,20.1,1882.6,17,2,1,4,8,3,1,0,0,1,14482,6.34,16261,210,43,21.0,1448.2
0,27,1,0,5,7,1,0,1,0,0,15513,6.6,18321,185,39,-1497,-1075,18.5,1551.3,16,0,1,7,5,7,1,0,1,0,18196,7.47,18436,246,55,24.6,1819.6
0,16,0,0,1,5,4,1,0,0,0,13648,6.63,16907,197,48,-2679,-402,19.7,1364.8,17,1,1,5,1,8,1,1,1,1,16834,7.21,20437,247,58,24.7,1683.4
1,15,1,1,9,1,7,2,0,0,1,19982,7.21,20088,241,64,2881,4093,24.1,1998.2,19,1,0,1,9,0,0,0,0,0,13537,6.71,16203,229,23,22.9,1353.7
1,16,2,1,4,8,7,0,1,0,0,16509,6.27,18718,197,65,-1882,1577,19.7,1650.9,13,3,0,8,4,7,1,0,0,0,18426,6.25,17328,222,66,22.2,1842.6
0,13,5,0,7,6,2,0,0,0,0,15928,6.36,17542,207,59,-1933,-1962,20.7,1592.8,20,1,1,6,7,8,1,0,1,0,17916,6.86,17758,243,60,24.3,1791.6
0,10,3,0,1,6,4,0,1,0,1,16079,6.8,17821,232,52,800,-1337,23.2,1607.9,18,5,1,6,1,6,1,0,1,1,17644,7.41,19370,240,48,24.0,1764.4
0,17,0,0,5,8,9,2,1,0,0,15860,6.34,15044,229,49,-768,-987,22.9,1586.0,16,0,1,8,5,14,1,1,0,1,17399,6.81,20540,252,57,25.2,1739.9
1,18,3,1,5,9,5,0,1,0,0,17666,6.4,15374,204,41,-324,-186,20.4,1766.6,19,2,0,9,5,5,1,1,0,0,15253,7.87,20497,220,74,22.0,1525.3
0,23,0,1,4,10,3,0,0,0,0,14539,6.82,14874,204,60,-3149,-2577,20.4,1453.9,30,1,0,10,4,6,1,0,0,1,19466,7.11,20517,222,66,22.2,1946.6
0,20,1,0,0,10,5,0,1,0,0,15580,5.92,17528,226,29,-3710,-3038,22.6,1558.0,24,2,1,10,0,12,1,1,0,1,19672,7.02,20289,228,49,22.8,1967.2
1,23,1,0,1,9,4,0,0,0,1,16258,6.47,14381,246,44,-1226,4,24.6,1625.8,32,0,1,9,1,5,1,0,0,0,18224,6.99,18083,243,68,24.3,1822.4
0,14,5,0,5,7,2,1,0,0,1,15781,6.95,18245,219,61,-1005,-1139,21.9,1578.1,20,3,1,7,5,8,1,0,1,0,18395,7.25,16844,239,51,23.9,1839.5
1,27,1,1,6,3,7,0,0,0,0,17679,6.89,18841,250,52,3383,684,25.0,1767.9,20,1,0,3,6,2,0,0,1,0,15136,6.96,15212,191,54,19.1,1513.6
0,28,3,1,5,7,9,0,0,0,1,15103,6.92,18009,241,63,1051,419,24.1,1510.3,8,0,0,7,5,6,2,0,0,0,15377,6.82,17580,242,46,24.2,1537.7
0,23,1,1,6,4,9,0,0,0,0,17589,6.02,18196,219,70,366,502,21.9,1758.9,16,3,0,4,6,1,2,0,0,0,17192,6.62,18656,222,45,22.2,1719.2
1,21,3,1,2,7,3,0,1,0,0,16315,7.04,13921,199,63,-947,-205,19.9,1631.5,17,0,0,7,2,6,0,0,0,0,15392,7.75,19358,215,52,21.5,1539.2
0,13,2,1,3,3,5,1,0,0,0,13011,7.19,16600,236,48,1329,-536,23.6,1301.1,17,2,0,3,3,8,0,0,0,1,15883,6.64,19628,222,50,22.2,1588.3
1,26,4,1,7,9,8,1,0,0,1,16959,6.97,18599,251,54,-237,-466,25.1,1695.9,24,0,0,9,7,7,0,0,0,0,16416,7.23,16017,179,54,17.9,1641.6
1,30,3,0,3,9,14,0,0,0,0,17628,6.67,19540,216,49,2906,2138,21.6,1762.8,19,2,1,9,3,4,0,0,0,0,15882,6.43,15407,211,48,21.1,1588.2
0,21,1,1,5,6,5,0,0,0,1,16353,7.4,18502,205,56,290,-104,20.5,1635.3,13,1,0,6,5,5,1,0,1,1,15387,6.84,17828,235,55,23.5,1538.7
1,19,7,0,7,5,12,1,0,0,1,18547,7.95,19032,223,78,3372,2033,22.3,1854.7,12,1,1,5,7,2,1,0,0,0,15656,6.3,17455,208,40,20.8,1565.6
0,19,3,0,6,8,7,1,1,0,0,16039,7.48,19296,184,56,336,-1121,18.4,1603.9,20,1,1,8,6,6,1,0,1,1,16605,6.43,16167,182,52,18.2,1660.5
1,19,2,1,13,5,10,1,0,0,2,17831,7.39,18463,196,60,2896,1135,19.6,1783.1,18,0,0,5,13,2,0,0,0,0,15120,6.74,15614,175,43,17.5,1512.0
0,17,2,0,3,10,8,0,1,0,0,17906,6.82,17331,184,54,-590,-840,18.4,1790.6,26,4,1,10,3,9,1,1,1,1,17048,7.0,18757,206,43,20.6,1704.8
0,20,2,1,3,7,3,0,0,0,0,11970,6.3,15941,194,43,-2467,-3146,19.4,1197.0,16,2,0,7,3,14,1,0,0,1,18922,7.82,18976,245,71,24.5,1892.2
1,22,3,1,7,5,6,0,1,1,1,17497,7.42,17165,212,63,947,145,21.2,1749.7,23,1,0,5,7,8,0,0,0,1,16067,6.87,17717,228,41,22.8,1606.7
1,26,3,1,9,0,7,1,0,1,0,17119,7.02,19044,216,44,1623,-431,21.6,1711.9,22,3,0,0,9,5,1,0,0,0,15653,7.26,19027,184,54,18.4,1565.3
1,23,4,1,7,3,8,0,1,1,1,16700,5.99,17981,222,60,133,1191,22.2,1670.0,14,1,0,3,7,7,1,0,0,1,17738,7.04,17132,216,49,21.6,1773.8
1,17,4,0,10,1,10,0,1,0,0,18662,7.0,17804,252,65,403,-303,25.2,1866.2,17,2,1,1,10,7,1,0,0,0,14625,7.16,16837,205,52,20.5,1462.5
1,17,1,0,7,3,9,0,0,0,1,16098,6.74,17631,220,63,205,-1979,22.0,1609.8,26,2,1,3,7,6,1,1,0,1,17184,7.56,18775,209,63,20.9,1718.4
0,16,5,0,6,7,7,1,1,0,0,15140,6.46,17272,208,65,-2053,-867,20.8,1514.0,9,3,1,7,6,5,0,1,0,2,17736,6.84,16543,272,57,27.2,1773.6
0,20,5,0,4,6,6,0,0,1,2,17434,7.32,18370,237,51,1253,505,23.7,1743.4,21,0,1,6,4,10,0,0,0,0,16207,6.2,16953,194,55,19.4,1620.7
1,30,3,0,7,4,5,1,0,0,0,15765,6.76,18035,209,49,1141,1132,20.9,1576.5,23,2,1,4,7,6,1,0,1,2,16430,6.79,14977,238,56,23.8,1643.0
1,29,2,0,4,6,3,0,0,0,1,17229,6.83,17399,212,48,-2957,831,21.2,1722.9,21,1,1,6,4,10,0,0,0,2,15398,6.43,18355,187,68,18.7,1539.8
1,26,3,0,7,2,9,1,0,0,0,18708,6.31,19218,216,70,530,1987,21.6,1870.8,18,1,1,2,7,7,0,0,0,0,16486,6.6,15952,195,51,19.5,1648.6
0,19,1,0,3,8,7,1,1,0,1,14484,6.31,15338,172,36,-417,-2555,17.2,1448.4,14,2,1,8,3,7,0,0,0,1,17376,6.65,17361,194,59,19.4,1737.6
1,12,1,1,5,6,3,1,0,0,0,15106,6.64,18048,207,54,-84,-748,20.7,1510.6,12,3,0,6,5,8,1,0,0,0,17363,7.3,18313,183,61,18.3,1736.3
1,24,0,1,11,0,9,1,0,1,1,18861,6.59,18745,238,68,3168,267,23.8,1886.1,16,2,0,0,11,1,0,0,0,1,14645,6.9,14184,218,47,21.8,1464.5
1,18,5,1,10,6,9,1,0,0,0,18779,6.77,20047,221,55,1366,1663,22.1,1877.9,24,1,0,6,10,0,0,0,0,0,15450,7.24,16809,215,50,21.5,1545.0
0,27,4,1,7,5,4,1,1,0,0,14919,7.06,17827,238,61,-999,1247,23.8,1491.9,19,2,0,5,7,5,1,1,0,2,17301,7.09,16921,239,76,23.9,1730.1
1,13,0,0,7,3,6,1,0,0,0,15919,6.81,18605,224,44,-45,349,22.4,1591.9,21,2,1,3,7,12,1,0,0,2,15253,7.65,17414,219,76,21.9,1525.3
1,22,3,0,6,7,9,1,0,1,0,17388,7.43,19255,233,70,-299,1510,23.3,1738.8,13,4,1,7,6,5,0,0,0,0,17468,6.67,16924,198,70,19.8,1746.8
0,10,1,0,0,8,1,0,0,0,0,11984,6.32,14451,160,45,-5243,-3906,16.0,1198.4,24,3,1,8,0,14,2,1,1,1,20868,7.64,18428,253,76,25.3,2086.8
0,18,1,1,3,11,2,1,1,1,0,14812,6.22,19372,232,47,-177,-2264,23.2,1481.2,15,1,0,11,3,7,1,0,1,1,18456,7.14,21085,224,76,22.4,1845.6
0,23,3,1,4,4,6,1,0,0,0,16817,7.35,17444,228,42,-485,82,22.8,1681.7,26,2,0,4,4,12,1,0,0,1,18550,7.44,16703,268,54,26.8,1855.0
0,24,0,1,4,7,6,1,1,0,1,14107,7.04,14524,248,53,-606,-463,24.8,1410.7,16,0,0,7,4,2,2,0,1,0,18513,6.71,17478,223,51,22.3,1851.3
1,20,2,0,7,3,13,1,1,0,0,17860,7.05,17424,246,63,-1208,2590,24.6,1786.0,17,3,1,3,7,6,0,1,0,0,14620,6.33,16314,202,78,20.2,1462.0
1,26,3,1,12,4,12,1,0,0,1,17280,7.53,20929,195,57,1271,1777,19.5,1728.0,17,3,0,4,12,8,1,0,0,0,14400,6.36,15548,241,50,24.1,1440.0
0,16,2,0,5,6,13,1,0,0,2,18379,6.48,20002,193,34,-923,1065,19.3,1837.9,19,3,1,6,5,6,1,1,0,1,16504,6.63,19831,233,75,23.3,1650.4
0,19,0,0,2,6,1,0,0,0,1,17248,6.71,18973,186,41,-1868,-1385,18.6,1724.8,21,4,1,6,2,12,2,0,0,0,18055,7.38,19596,252,76,25.2,1805.5
1,26,3,1,9,2,10,0,1,0,1,18642,6.71,19942,227,82,353,437,22.7,1864.2,20,2,0,2,9,7,1,1,0,1,16077,6.63,18292,218,33,21.8,1607.7
0,21,3,1,1,6,9,0,0,0,0,15120,7.07,17240,236,57,-2245,-2049,23.6,1512.0,19,2,0,6,1,6,0,0,1,1,17766,7.01,17418,241,58,24.1,1776.6
0,17,3,0,8,7,6,0,0,0,1,15021,6.44,17137,213,51,-78,1124,21.3,1502.1,26,0,1,7,8,0,1,0,1,0,17777,6.66,18296,194,70,19.4,1777.7
0,18,2,1,2,8,4,0,0,0,1,15806,6.87,19775,222,79,-96,-1534,22.2,1580.6,26,1,0,8,2,3,1,1,0,0,16893,6.44,16077,219,56,21.9,1689.3
1,30,7,1,12,0,12,1,1,1,1,20652,7.84,21272,228,78,5672,3315,22.8,2065.2,6,1,0,0,12,1,0,0,0,0,14200,6.13,10886,213,59,21.3,1420.0
0,10,0,0,0,9,1,0,0,0,0,14345,6.23,14291,179,60,-4359,-3497,17.9,1434.5,23,3,1,9,0,7,1,0,0,1,18092,8.28,21208,261,73,26.1,1809.2
0,15,3,0,6,6,2,1,0,0,1,15748,7.25,18313,224,57,-573,-173,22.4,1574.8,24,2,1,6,6,7,0,0,1,2,18076,6.5,17793,199,45,19.9,1807.6
0,23,2,0,11,6,2,0,0,0,1,13571,6.68,16007,238,64,-264,220,23.8,1357.1,17,0,1,6,11,5,0,0,1,2,17098,6.97,17544,196,48,19.6,1709.8
0,16,5,1,2,8,1,0,1,0,0,15585,6.29,15455,221,53,-1417,-343,22.1,1558.5,29,3,0,8,2,10,0,0,0,0,17767,7.23,16379,193,55,19.3,1776.7
1,15,3,1,6,3,8,1,0,0,1,15900,7.21,16977,217,53,1889,1079,21.7,1590.0,15,0,0,3,6,4,0,0,0,0,16055,6.57,14167,207,58,20.7,1605.5
0,28,3,0,8,3,9,1,0,1,1,17966,7.06,18846,215,59,2258,1911,21.5,1796.6,9,1,1,3,8,3,0,1,1,0,16814,6.6,18272,189,38,18.9,1681.4
1,14,3,1,9,5,3,1,1,1,0,16413,7.3,18689,206,56,274,211,20.6,1641.3,16,3,0,5,9,5,1,0,1,0,16865,7.03,18371,233,52,23.3,1686.5
0,18,0,0,6,1,7,1,0,0,0,14891,6.53,17731,220,53,-1309,-853,22.0,1489.1,19,4,1,1,6,6,1,0,1,0,17762,6.94,18679,193,57,19.3,1776.2
1,17,1,0,6,5,7,1,1,1,2,18480,7.2,15703,251,48,-1160,476,25.1,1848.0,19,0,1,5,6,9,0,0,0,0,17750,6.66,15361,223,58,22.3,1775.0
0,18,2,1,6,8,7,1,0,1,1,16455,6.89,17803,215,52,-723,1488,21.5,1645.5,12,4,0,8,6,10,1,0,0,1,14791,7.07,16541,230,50,23.0,1479.1
0,15,3,1,4,9,8,0,0,1,0,17239,7.22,16701,221,51,-930,1033,22.1,1723.9,14,2,0,9,4,6,2,1,0,1,17262,6.91,18510,201,64,20.1,1726.2
0,23,2,1,6,9,6,1,1,1,0,17509,6.57,15863,238,49,-951,376,23.8,1750.9,17,3,0,9,6,4,0,1,0,1,15024,6.73,15025,223,74,22.3,1502.4
1,21,2,1,6,6,10,0,1,0,0,15939,6.84,16407,234,71,-692,310,23.4,1593.9,14,1,0,6,6,11,0,0,0,0,16236,6.97,17816,218,57,21.8,1623.6
1,26,4,1,11,2,9,1,0,0,0,17871,7.11,19929,242,63,2108,-1557,24.2,1787.1,27,1,0,2,11,6,0,0,0,0,14926,6.97,16199,201,49,20.1,1492.6
0,14,0,1,5,8,0,0,0,0,1,13053,7.0,16382,205,35,-2746,-2405,20.5,1305.3,23,3,0,8,5,7,1,1,0,0,16325,6.99,18753,236,73,23.6,1632.5
0,29,0,0,1,7,8,1,0,0,0,14892,6.81,17468,215,35,-2206,-1820,21.5,1489.2,31,3,1,7,1,6,1,0,0,0,16911,6.44,17325,201,80,20.1,1691.1
0,7,0,0,2,7,0,0,0,0,1,13187,5.95,18060,203,41,-2138,-3025,20.3,1318.7,28,1,1,7,2,10,1,1,0,2,19393,7.38,19503,252,46,25.2,1939.3
1,14,4,1,9,2,8,0,0,0,1,17599,6.82,18894,201,51,911,571,20.1,1759.9,22,3,0,2,9,6,0,1,0,0,16045,6.52,17674,205,30,20.5,1604.5
0,29,2,1,4,4,13,0,0,0,0,16672,6.92,19508,203,54,723,1137,20.3,1667.2,15,2,0,4,4,8,1,0,0,1,16761,7.11,15058,250,54,25.0,1676.1
1,23,4,1,5,2,8,0,1,0,0,16260,6.77,17771,218,78,2174,-184,21.8,1626.0,21,2,0,2,5,9,0,0,0,1,15337,6.4,18739,224,51,22.4,1533.7
0,19,1,0,2,11,1,0,0,0,1,15609,7.13,15544,189,39,-3936,-2397,18.9,1560.9,32,3,1,11,2,7,2,0,0,0,17574,7.36,19359,241,51,24.1,1757.4
1,26,4,1,11,3,10,1,1,1,2,19606,7.1,20319,227,56,3430,3741,22.7,1960.6,20,2,0,3,11,0,0,0,0,0,14449,6.59,13502,189,51,18.9,1444.9
1,22,2,1,7,7,6,0,0,0,0,15512,6.33,16909,253,55,-355,1563,25.3,1551.2,22,2,0,7,7,5,1,0,1,1,16217,6.95,18543,220,54,22.0,1621.7
1,22,3,0,7,6,7,0,0,0,0,19800,6.75,18308,228,48,99,611,22.8,1980.0,24,5,1,6,7,4,0,0,1,0,16073,7.18,16765,238,54,23.8,1607.3
1,17,3,0,13,5,6,1,0,0,1,16342,7.32,16975,254,41,433,-593,25.4,1634.2,10,0,1,5,13,7,1,1,0,1,15284,6.92,14415,237,55,23.7,1528.4
0,22,2,0,2,7,1,0,1,0,0,13611,6.54,17667,163,46,-1923,-964,16.3,1361.1,18,2,1,7,2,6,0,0,0,1,16794,8.0,16925,254,51,25.4,1679.4
0,22,4,0,6,11,2,1,2,0,0,17492,7.31,16093,248,36,146,430,24.8,1749.2,29,0,1,11,6,10,1,0,1,2,16433,7.03,18028,232,49,23.2,1643.3
1,28,0,1,4,4,4,0,1,1,0,17845,6.45,17847,200,47,-458,492,20.0,1784.5,27,0,0,4,4,7,0,1,1,0,17166,6.75,16455,252,50,25.2,1716.6
1,35,3,1,16,0,15,2,0,1,1,21876,7.52,21612,286,76,5556,5737,28.6,2187.6,12,0,0,0,16,0,0,0,0,0,11418,6.09,13717,171,51,17.1,1141.8
0,22,2,1,10,6,4,0,0,0,0,18659,7.88,19716,212,43,-44,807,21.2,1865.9,9,2,0,6,10,6,0,0,0,1,13785,7.36,17629,196,41,19.6,1378.5
1,17,3,0,11,4,10,1,1,0,0,20425,7.5,20700,217,75,4100,2979,21.7,2042.5,8,0,1,4,11,8,0,0,0,1,15223,6.38,15164,214,39,21.4,1522.3
1,31,2,0,5,3,12,1,1,0,3,17218,6.94,18649,246,60,2055,2584,24.6,1721.8,20,0,1,3,5,5,1,0,0,0,15002,6.38,14782,181,57,18.1,1500.2
0,16,1,0,8,8,8,1,1,1,0,16854,6.41,15451,197,74,-459,271,19.7,1685.4,17,0,1,8,8,4,1,0,0,0,14933,6.26,16507,217,74,21.7,1493.3
0,20,4,1,2,9,8,0,0,0,1,15974,6.33,17158,204,50,-1735,-1429,20.4,1597.4,17,2,0,9,2,7,0,0,0,0,17628,7.7,18190,252,60,25.2,1762.8
1,21,2,0,9,2,7,0,1,0,1,16394,7.16,20686,202,60,912,1774,20.2,1639.4,22,2,1,2,9,3,1,0,0,0,15226,6.45,15845,236,31,23.6,1522.6
0,15,5,0,0,8,5,0,0,0,0,13568,6.92,14505,250,47,-2851,-2569,25.0,1356.8,21,2,1,8,0,10,2,2,0,0,19624,7.59,18223,247,66,24.7,1962.4
1,27,4,1,10,3,12,1,0,1,2,20895,6.91,20248,221,71,3288,1637,22.1,2089.5,9,1,0,3,10,4,0,0,1,0,14658,6.76,16208,185,73,18.5,1465.8
0,22,2,1,6,6,9,1,1,0,2,15386,6.55,18442,236,71,337,1370,23.6,1538.6,20,4,0,6,6,3,0,0,0,1,15293,6.39,17324,249,68,24.9,1529.3
0,17,2,1,0,15,3,0,0,0,0,13403,6.19,15646,194,29,-4298,-3740,19.4,1340.3,28,3,0,15,0,10,1,1,1,1,21440,7.69,20287,249,76,24.9,2144.0
1,15,2,1,7,9,2,1,0,0,1,16100,7.43,16451,228,54,834,-108,22.8,1610.0,13,1,0,9,7,9,0,1,0,0,15683,7.12,17214,239,52,23.9,1568.3
1,20,4,0,7,1,9,1,1,1,1,17976,7.46,19538,219,59,686,728,21.9,1797.6,12,3,1,1,7,6,1,0,0,1,16717,6.27,18180,212,67,21.2,1671.7
0,16,0,1,5,6,7,0,0,1,1,14686,6.21,16871,224,66,-455,818,22.4,1468.6,15,2,0,6,5,4,0,1,0,0,18720,6.57,17004,229,62,22.9,1872.0
1,20,0,0,9,2,7,1,1,0,0,18106,7.03,17253,270,62,1456,1606,27.0,1810.6,20,2,1,2,9,3,0,0,0,0,15428,6.32,17189,199,51,19.9,1542.8
0,18,2,1,8,11,3,1,1,0,0,13286,6.84,15544,208,42,-1033,-210,20.8,1328.6,26,2,0,11,8,10,1,0,1,1,19317,6.76,18530,218,58,21.8,1931.7
0,27,3,1,4,7,5,1,0,1,0,14282,6.55,15862,193,48,-1565,-1606,19.3,1428.2,17,2,0,7,4,10,1,0,1,1,18276,6.37,20926,252,71,25.2,1827.6
1,19,2,0,2,7,3,1,1,0,0,16258,6.48,18201,201,40,-409,-760,20.1,1625.8,17,0,1,7,2,8,0,1,0,1,17612,7.02,16500,202,32,20.2,1761.2
1,9,3,0,3,4,5,1,0,1,2,16833,7.24,17898,225,71,-1179,257,22.5,1683.3,12,3,1,4,3,6,2,0,0,0,15715,7.07,17449,218,50,21.8,1571.5
1,26,3,0,5,2,8,1,0,1,0,17478,7.05,16662,208,47,-263,-1089,20.8,1747.8,22,4,1,2,5,7,0,0,0,0,19652,7.14,19879,219,40,21.9,1965.2
1,25,0,0,11,1,11,1,0,0,1,17183,7.7,18764,224,51,2192,2632,22.4,1718.3,14,4,1,1,11,2,0,0,0,0,12612,6.93,16880,203,70,20.3,1261.2
0,18,2,0,4,7,6,0,1,0,0,16419,6.75,14809,210,58,-120,-1646,21.0,1641.9,23,1,1,7,4,6,1,1,0,1,16386,7.22,15381,234,57,23.4,1638.6
0,18,4,1,8,7,5,1,1,0,0,18649,6.82,15574,208,63,545,707,20.8,1864.9,18,3,0,7,8,0,0,0,0,1,18450,6.72,17827,213,52,21.3,1845.0
1,15,2,0,6,7,3,1,0,0,0,15721,7.07,16127,220,75,109,-260,22.0,1572.1,20,0,1,7,6,5,1,0,0,1,15298,5.94,17426,212,60,21.2,1529.8
0,27,0,0,5,6,1,0,0,1,0,12339,6.23,13713,183,48,-2977,-2805,18.3,1233.9,13,1,1,6,5,9,1,1,0,0,18935,8.1,19478,203,61,20.3,1893.5
0,18,1,0,4,10,7,0,0,0,0,14266,6.87,17902,226,53,-4079,-2052,22.6,1426.6,22,0,1,10,4,7,1,0,0,1,20246,7.07,18567,236,48,23.6,2024.6
0,11,3,0,4,8,7,0,1,0,1,17916,7.5,18110,194,60,-192,720,19.4,1791.6,21,2,1,8,4,8,1,0,0,0,16821,6.31,16217,197,67,19.7,1682.1
1,26,6,1,11,3,10,1,0,1,2,20790,7.03,21158,231,63,3034,1464,23.1,2079.0,6,2,0,3,11,6,0,0,0,0,15926,6.51,15848,217,47,21.7,1592.6
1,27,0,1,4,4,8,0,0,0,0,16456,6.76,18696,263,57,-1168,105,26.3,1645.6,25,4,0,4,4,5,0,0,0,0,14302,6.57,17190,224,42,22.4,1430.2
0,17,2,0,3,10,4,0,0,0,0,14276,7.03,14562,187,56,-2987,-2965,18.7,1427.6,28,3,1,10,3,12,1,2,1,0,20362,7.56,20251,248,75,24.8,2036.2
0,9,0,0,0,13,0,0,0,0,0,13033,6.41,13040,171,29,-5778,-5352,17.1,1303.3,31,3,1,13,0,10,1,1,0,0,21271,7.81,22759,245,78,24.5,2127.1
1,17,3,0,8,7,6,2,1,0,1,18737,7.09,16051,224,61,-607,511,22.4,1873.7,18,3,1,7,8,6,0,0,1,0,15135,7.14,16676,211,69,21.1,1513.5
0,15,3,0,7,10,7,1,0,1,1,17259,6.35,16574,235,33,-772,460,23.5,1725.9,24,3,1,10,7,6,0,0,0,1,18153,6.77,18380,193,58,19.3,1815.3
1,30,2,1,9,5,9,1,1,0,0,19810,7.09,18015,202,69,2767,2300,20.2,1981.0,27,1,0,5,9,4,1,0,0,0,14856,6.56,17975,220,42,22.0,1485.6
0,18,3,0,7,8,7,1,0,0,0,16229,6.58,13993,217,57,-2109,-1239,21.7,1622.9,15,2,1,8,7,8,0,0,0,0,18033,6.9,18477,212,49,21.2,1803.3
1,12,4,0,7,5,9,1,0,0,1,16950,6.79,18754,193,73,79,126,19.3,1695.0,25,3,1,5,7,4,0,0,0,0,15273,6.8,17132,183,55,18.3,1527.3
1,24,2,1,8,4,6,1,1,0,1,18008,7.17,18286,263,63,1044,103,26.3,1800.8,19,1,0,4,8,0,1,0,0,0,15874,7.51,14165,207,62,20.7,1587.4
1,20,0,1,8,7,0,0,0,1,1,16156,6.14,18457,205,43,16,652,20.5,1615.6,11,0,0,7,8,6,0,0,0,1,14768,7.13,17965,236,59,23.6,1476.8
1,17,4,0,9,6,6,0,0,0,0,16729,6.83,18428,157,55,579,-382,15.7,1672.9,22,1,1,6,9,6,2,1,0,0,17329,6.83,19088,200,67,20.0,1732.9
0,15,3,0,6,10,3,1,0,0,0,14838,7.0,19980,252,83,957,-1126,25.2,1483.8,23,5,1,10,6,3,1,0,0,2,16572,6.42,17303,197,44,19.7,1657.2
1,16,3,0,6,3,8,1,1,0,1,16558,6.87,19706,246,45,1394,1195,24.6,1655.8,23,3,1,3,6,4,1,1,0,1,13893,6.42,15844,234,66,23.4,1389.3
0,25,1,0,5,9,10,1,1,0,1,16912,7.32,17897,205,56,1234,186,20.5,1691.2,23,3,1,9,5,5,0,0,0,0,15697,6.81,14455,239,64,23.9,1569.7
1,23,4,1,9,0,5,1,1,1,0,18924,6.86,18635,209,44,976,1009,20.9,1892.4,22,5,0,0,9,6,0,1,0,0,12267,6.36,18585,188,57,18.8,1226.7
1,21,5,0,5,6,7,0,1,0,1,16993,6.96,16212,192,66,69,-802,19.2,1699.3,22,3,1,6,5,8,0,0,0,1,17027,6.77,19346,213,52,21.3,1702.7
0,19,1,1,0,8,6,0,0,0,0,11815,7.04,17370,184,45,-1528,-1681,18.4,1181.5,17,3,0,8,0,13,1,0,0,1,19628,7.19,17769,224,75,22.4,1962.8
1,26,3,1,13,2,11,0,0,0,0,20732,7.61,18799,253,75,1612,2507,25.3,2073.2,15,1,0,2,13,9,0,0,0,0,15314,6.06,15509,227,31,22.7,1531.4
0,16,0,1,6,7,6,0,0,1,1,15835,6.28,16676,228,37,-573,-1705,22.8,1583.5,25,2,0,7,6,9,1,0,1,1,17742,6.85,18312,269,62,26.9,1774.2
0,18,1,0,7,10,0,0,0,0,0,13900,7.38,16886,167,49,807,-430,16.7,1390.0,20,2,1,10,7,2,0,1,0,1,17187,7.52,17492,245,59,24.5,1718.7
0,26,0,1,9,6,6,1,0,0,1,15606,6.85,17451,214,34,423,218,21.4,1560.6,19,4,0,6,9,5,1,0,1,0,15743,7.06,17642,208,55,20.8,1574.3
1,27,2,1,7,4,6,0,0,0,0,14669,7.23,15428,226,48,1450,-1146,22.6,1466.9,12,3,0,4,7,3,0,1,0,0,15796,7.0,19769,220,48,22.0,1579.6
0,13,1,0,6,5,8,0,0,0,1,16376,6.88,16963,191,59,-667,-1722,19.1,1637.6,23,7,1,5,6,12,1,0,0,1,17555,6.46,14933,197,47,19.7,1755.5
0,19,3,1,8,5,8,0,0,0,1,16022,7.32,17166,237,44,-391,-1954,23.7,1602.2,24,2,0,5,8,6,1,0,0,2,17419,7.03,17620,214,38,21.4,1741.9
0,24,1,1,3,8,5,0,0,0,1,15858,7.21,18945,177,68,-81,-1439,17.7,1585.8,22,2,0,8,3,6,0,1,0,1,18416,6.87,17956,235,61,23.5,1841.6
1,30,2,0,6,8,2,0,0,0,1,19468,6.84,19171,209,48,429,48,20.9,1946.8,21,1,1,8,6,9,0,0,0,0,14121,6.98,18140,232,41,23.2,1412.1
0,24,0,0,1,9,0,0,0,0,0,13892,6.2,13359,207,37,-4784,-4349,20.7,1389.2,24,2,1,9,1,10,2,1,0,2,19165,7.27,21330,279,81,27.9,1916.5
1,20,3,1,12,0,13,2,1,1,1,20364,7.56,21330,238,56,3492,3133,23.8,2036.4,21,0,0,0,12,2,1,0,0,1,12732,6.67,17682,211,52,21.1,1273.2
1,26,0,1,4,4,6,0,1,0,0,16026,6.73,16398,197,72,-25,-917,19.7,1602.6,31,3,0,4,4,5,1,0,0,0,17447,7.51,17061,243,45,24.3,1744.7
1,21,3,0,6,4,4,2,1,1,1,17374,7.38,17604,234,38,1391,-483,23.4,1737.4,17,2,1,4,6,5,1,0,0,0,14719,6.47,16142,194,51,19.4,1471.9
0,22,1,0,2,11,0,0,0,0,0,14493,7.07,15809,179,50,-715,-3222,17.9,1449.3,28,0,1,11,2,12,1,1,0,3,20550,7.45,17703,255,57,25.5,2055.0
0,23,2,1,6,7,6,0,0,0,1,17005,6.93,17661,232,50,-13,-266,23.2,1700.5,17,4,0,7,6,4,1,1,1,0,15706,6.72,18056,229,50,22.9,1570.6
0,12,0,1,4,9,5,1,0,0,0,16710,6.61,15123,186,67,-1259,-275,18.6,1671.0,19,4,0,9,4,12,1,0,0,1,16617,7.07,17557,210,64,21.0,1661.7
1,26,4,0,6,4,13,1,0,1,2,18718,7.58,20081,261,59,2735,41,26.1,1871.8,11,1,1,4,6,4,1,0,0,0,13712,5.95,15623,190,42,19.0,1371.2
0,24,1,1,2,6,5,0,0,0,1,14663,7.19,16388,233,49,140,-1193,23.3,1466.3,25,2,0,6,2,6,1,0,1,0,17763,6.84,18336,257,62,25.7,1776.3
1,21,3,0,8,2,8,1,1,1,1,19217,6.98,17690,271,54,1265,2036,27.1,1921.7,18,0,1,2,8,3,1,0,0,0,14125,6.92,15241,202,29,20.2,1412.5
1,17,0,1,5,6,5,0,1,1,0,15751,6.44,15213,201,52,-2321,-1192,20.1,1575.1,14,2,0,6,5,10,1,1,0,1,16987,7.41,18105,258,56,25.8,1698.7
0,11,0,0,5,9,7,0,1,0,2,13707,6.42,17366,219,59,-1257,-964,21.9,1370.7,26,1,1,9,5,8,0,0,0,0,16435,7.59,18099,200,52,20.0,1643.5
1,23,1,0,4,8,10,0,1,0,0,19145,6.52,18299,191,53,-16,1873,19.1,1914.5,14,0,1,8,4,5,1,0,0,2,16128,6.83,19334,194,54,19.4,1612.8
1,24,5,1,11,3,11,1,0,0,0,18756,7.29,17275,264,53,1699,1590,26.4,1875.6,21,3,0,3,11,7,0,0,0,0,17182,6.69,13876,224,57,22.4,1718.2
0,12,2,0,3,12,7,0,0,0,0,13981,6.76,13606,193,40,-3484,-954,19.3,1398.1,25,5,1,12,3,10,1,1,0,0,17740,6.94,21018,273,47,27.3,1774.0
0,16,2,1,4,9,5,0,1,0,0,12447,6.1,14538,233,52,-2059,-2521,23.3,1244.7,11,1,0,9,4,12,0,0,0,1,17332,7.38,19587,254,62,25.4,1733.2
0,17,0,0,3,10,0,0,0,0,0,14764,6.69,15537,218,50,-3527,-2465,21.8,1476.4,24,2,1,10,3,14,2,1,1,1,19230,7.39,18332,264,72,26.4,1923.0
0,15,0,0,7,5,2,1,0,0,0,13323,6.94,16708,203,67,-3455,-1984,20.3,1332.3,20,3,1,5,7,9,1,0,0,2,19501,7.36,18494,217,66,21.7,1950.1
1,18,2,1,2,11,6,1,1,0,0,17537,7.3,16630,210,46,-1497,726,21.0,1753.7,13,4,0,11,2,8,0,0,0,0,16731,6.46,18369,217,46,21.7,1673.1
0,8,2,0,2,9,2,0,0,0,1,11566,6.36,13504,199,46,-3080,-3041,19.9,1156.6,26,3,1,9,2,7,1,0,0,2,17891,6.95,18310,271,69,27.1,1789.1
0,25,2,0,4,7,5,1,0,0,0,16492,7.28,16395,211,54,-2015,-1099,21.1,1649.2,21,3,1,7,4,9,0,1,0,0,19267,6.9,19294,219,55,21.9,1926.7
0,16,4,0,4,10,0,0,0,0,0,15517,6.47,12579,196,50,-3457,-3606,19.6,1551.7,25,4,1,10,4,11,0,0,0,1,17308,7.43,20949,235,64,23.5,1730.8
0,12,0,1,3,12,8,1,0,0,0,15382,6.53,16447,186,55,-2074,-324,18.6,1538.2,18,3,0,12,3,8,1,1,0,0,16471,7.22,19595,208,66,20.8,1647.1
1,10,3,0,7,6,12,1,0,1,0,18345,6.93,20108,238,49,1613,2104,23.8,1834.5,21,1,1,6,7,2,0,0,0,0,14949,5.79,15242,174,47,17.4,1494.9
1,26,0,1,7,4,6,0,0,0,0,17447,6.95,15163,232,41,342,-107,23.2,1744.7,16,0,0,4,7,6,1,0,0,1,12926,7.36,17361,228,55,22.8,1292.6
0,23,2,0,7,7,6,0,0,1,1,14659,6.58,15621,192,60,-501,222,19.2,1465.9,26,1,1,7,7,9,0,0,1,0,16653,6.35,14889,221,48,22.1,1665.3
0,19,4,1,6,11,7,0,0,0,0,14444,6.55,15208,238,40,-1695,-1858,23.8,1444.4,24,3,0,11,6,11,1,1,1,1,17574,7.04,19497,221,48,22.1,1757.4
0,21,0,0,2,10,6,0,0,0,0,14705,6.29,14672,158,37,-3505,-1652,15.8,1470.5,19,4,1,10,2,7,1,1,1,1,20658,7.44,21159,231,67,23.1,2065.8
0,22,3,0,2,9,0,0,1,0,0,15955,5.98,15998,214,45,-2621,-2603,21.4,1595.5,26,1,1,9,2,9,2,0,1,2,19132,7.18,17896,206,56,20.6,1913.2
1,21,4,1,4,1,8,0,0,0,1,17504,7.05,19518,207,37,-651,-2394,20.7,1750.4,20,3,0,1,4,3,1,1,0,0,14740,7.19,18646,201,49,20.1,1474.0
0,20,1,0,7,7,9,0,0,0,0,16513,7.25,18749,209,57,-74,1938,20.9,1651.3,22,1,1,7,7,3,0,1,1,0,13433,7.35,15605,206,53,20.6,1343.3
0,20,3,1,14,2,8,1,0,0,0,18704,7.0,17296,224,57,1011,2581,22.4,1870.4,12,0,0,2,14,5,0,0,1,0,14368,6.47,16972,178,34,17.8,1436.8
1,23,5,1,8,0,5,1,0,0,0,18243,7.23,14253,213,54,873,1203,21.3,1824.3,8,2,0,0,8,4,0,0,1,0,17614,6.44,15791,240,59,24.0,1761.4
0,26,2,0,6,4,2,0,0,0,0,13020,6.87,18041,232,38,-1513,-1103,23.2,1302.0,22,2,1,4,6,4,1,1,0,2,16881,7.41,19217,261,65,26.1,1688.1
1,20,3,1,6,4,0,0,1,0,1,14694,6.44,17043,179,71,1183,-1168,17.9,1469.4,16,2,0,4,6,3,2,0,1,1,17437,6.76,18833,240,48,24.0,1743.7
1,27,0,1,6,8,4,1,0,0,0,17179,6.94,18283,196,66,-355,-794,19.6,1717.9,24,0,0,8,6,12,1,0,0,1,17896,6.98,15622,265,53,26.5,1789.6
0,21,3,0,7,9,1,0,0,0,0,16230,6.95,17401,218,70,-471,-588,21.8,1623.0,24,2,1,9,7,3,0,0,0,1,15861,7.03,17830,198,48,19.8,1586.1
1,26,4,0,12,2,9,0,0,1,2,20723,7.31,19811,221,56,3933,3354,22.1,2072.3,11,4,1,2,12,1,0,0,0,0,15043,6.21,14136,226,39,22.6,1504.3
0,29,0,1,3,14,3,1,0,0,0,16391,5.84,14411,195,49,-3149,-3395,19.5,1639.1,32,4,0,14,3,11,1,0,0,2,18509,7.03,19851,239,59,23.9,1850.9
0,28,0,0,6,6,3,0,1,0,0,17716,7.95,17763,226,76,-48,776,22.6,1771.6,22,0,1,6,6,7,0,0,1,2,16985,6.9,17469,198,49,19.8,1698.5
1,31,4,1,8,3,12,1,1,1,1,17608,7.04,20248,211,64,1507,2054,21.1,1760.8,15,2,0,3,8,4,0,0,0,0,15036,6.44,11605,154,41,15.4,1503.6
0,13,1,1,4,5,8,0,0,0,0,13955,6.35,16849,179,49,-2835,-1355,17.9,1395.5,28,2,0,5,4,11,1,1,0,1,18293,7.15,20550,252,66,25.2,1829.3
0,30,3,0,5,6,5,0,0,0,1,15492,6.83,17241,183,50,-2081,-668,18.3,1549.2,25,2,1,6,5,11,1,0,0,0,17038,7.43,19833,190,55,19.0,1703.8
0,19,2,0,10,3,6,0,0,0,0,16472,6.63,16730,189,51,-1044,-1863,18.9,1647.2,20,4,1,3,10,8,0,1,0,2,20010,6.88,17507,250,42,25.0,2001.0
0,18,2,0,8,4,2,0,1,0,0,17660,6.56,18230,231,73,-851,-295,23.1,1766.0,14,5,1,4,8,3,0,1,0,2,17184,6.46,16056,207,59,20.7,1718.4
0,6,1,0,1,11,3,0,0,0,0,12229,6.9,14442,195,30,-1935,-2314,19.5,1222.9,17,2,1,11,1,9,1,1,0,1,18303,7.22,21250,231,56,23.1,1830.3
0,23,3,1,5,1,4,0,0,0,1,17506,6.52,19489,209,56,1217,1594,20.9,1750.6,18,2,0,1,5,7,0,0,0,0,15587,6.48,16599,162,52,16.2,1558.7
0,16,4,1,7,1,3,1,0,0,0,18567,6.75,16971,197,68,2770,160,19.7,1856.7,22,2,0,1,7,5,1,0,0,0,15696,7.06,16803,231,60,23.1,1569.6
1,23,3,1,5,1,4,1,1,0,1,18766,6.79,19121,212,52,1358,2494,21.2,1876.6,8,4,0,1,5,5,1,1,0,1,14762,7.27,16817,210,60,21.0,1476.2
0,12,1,0,3,10,4,0,0,0,1,16828,6.81,17548,199,56,-50,-1487,19.9,1682.8,22,2,1,10,3,11,1,1,1,0,18701,7.04,19514,227,62,22.7,1870.1
1,29,4,0,4,9,6,1,1,0,1,14584,7.4,17838,181,58,1538,-415,18.1,1458.4,18,1,1,9,4,9,1,1,0,1,18118,6.79,16835,233,37,23.3,1811.8
0,21,3,0,3,8,4,1,0,0,0,13170,6.27,16638,213,61,-2070,-2175,21.3,1317.0,27,2,1,8,3,14,0,0,0,1,16003,7.2,18464,226,54,22.6,1600.3
0,31,2,0,5,9,2,1,0,0,1,16639,6.81,17360,196,50,398,-657,19.6,1663.9,8,2,1,9,5,6,0,1,0,0,15763,7.05,21594,232,78,23.2,1576.3
1,19,3,1,11,0,11,1,1,1,1,21629,6.83,19879,227,64,4546,2622,22.7,2162.9,17,1,0,0,11,3,0,0,1,0,13325,6.24,13327,209,20,20.9,1332.5
0,28,3,1,6,8,4,0,1,0,1,16977,6.61,16785,216,57,-1421,56,21.6,1697.7,15,5,0,8,6,9,0,0,0,1,16262,6.89,16553,207,61,20.7,1626.2
0,9,0,0,1,7,4,1,0,0,1,14832,6.54,16432,214,47,-3092,-904,21.4,1483.2,23,1,1,7,1,9,1,1,0,2,18335,7.07,17140,249,63,24.9,1833.5
0,21,2,1,9,7,6,0,1,0,0,15338,7.03,17711,186,58,-309,-157,18.6,1533.8,33,0,0,7,9,9,0,0,0,1,14427,6.6,17842,237,43,23.7,1442.7
0,14,4,1,4,9,0,0,0,0,0,13780,5.76,16051,185,53,-3023,-1942,18.5,1378.0,31,2,0,9,4,8,2,0,0,1,17698,7.43,18676,207,74,20.7,1769.8
0,15,2,1,2,4,2,0,0,0,0,13731,6.13,16701,189,50,-2113,-1760,18.9,1373.1,23,3,0,4,2,8,0,0,0,0,17649,7.17,19904,218,62,21.8,1764.9
0,15,2,0,2,6,5,0,0,1,0,14750,6.83,17377,174,46,-1756,-2248,17.4,1475.0,13,3,1,6,2,7,1,0,1,1,17939,7.2,17910,232,69,23.2,1793.9
0,15,1,0,2,7,7,0,0,0,2,15136,7.03,16497,231,42,-1246,-3006,23.1,1513.6,17,6,1,7,2,5,1,0,0,2,16610,6.74,18169,258,45,25.8,1661.0
0,16,3,1,5,0,5,1,0,0,2,18544,6.9,17781,242,64,477,878,24.2,1854.4,24,1,0,0,5,3,0,0,0,0,16712,6.06,16371,179,55,17.9,1671.2
1,19,2,0,10,5,5,1,1,0,1,18859,6.85,18188,216,46,1426,410,21.6,1885.9,17,1,1,5,10,4,0,0,0,0,13685,6.56,16894,205,56,20.5,1368.5
1,22,4,0,9,2,6,1,0,0,0,16907,6.78,17930,218,64,-894,-684,21.8,1690.7,13,3,1,2,9,8,1,1,1,2,15214,6.26,14520,195,37,19.5,1521.4
0,24,0,0,2,10,7,0,0,0,0,14352,7.07,14102,234,46,-3031,-3880,23.4,1435.2,22,5,1,10,2,7,1,1,0,1,16154,6.9,18673,244,59,24.4,1615.4
0,20,1,1,8,4,6,1,0,0,1,15055,7.01,16345,192,48,-1146,-431,19.2,1505.5,20,0,0,4,8,8,0,0,1,1,19407,7.26,18025,212,47,21.2,1940.7
1,26,1,1,8,6,3,1,0,0,0,19017,7.51,16909,199,51,-1262,-6,19.9,1901.7,26,3,0,6,8,3,1,0,1,1,15560,6.99,15977,193,52,19.3,1556.0
0,11,4,1,5,9,6,0,0,0,0,14301,7.19,16258,221,53,-1289,-1783,22.1,1430.1,16,4,0,9,5,8,0,0,1,2,17405,7.43,16819,252,68,25.2,1740.5
0,17,2,0,7,6,9,1,1,0,1,16315,6.79,17507,194,51,-1248,-1636,19.4,1631.5,16,3,1,6,7,3,1,0,0,0,16990,6.73,17847,195,52,19.5,1699.0
1,24,1,0,8,5,7,0,1,0,1,15783,6.93,15226,226,54,1596,417,22.6,1578.3,22,2,1,5,8,2,1,1,0,0,15532,6.89,15346,230,61,23.0,1553.2
0,21,0,1,6,10,3,0,0,1,1,13734,6.86,17280,198,57,-1819,95,19.8,1373.4,22,4,0,10,6,7,2,0,1,1,15783,7.58,17091,220,51,22.0,1578.3
1,16,1,1,6,4,9,0,0,0,1,16319,6.93,18805,210,53,865,212,21.0,1631.9,20,3,0,4,6,7,2,0,0,1,17218,6.9,18191,224,67,22.4,1721.8
1,28,4,1,9,1,10,2,1,1,3,18832,7.52,20112,234,68,3442,1784,23.4,1883.2,17,0,0,1,9,5,0,1,0,0,15943,6.66,15885,187,43,18.7,1594.3
0,17,3,0,2,8,5,1,0,0,0,15171,7.02,16255,183,65,274,-127,18.3,1517.1,31,0,1,8,2,5,0,1,0,1,18189,6.99,15591,219,58,21.9,1818.9
1,18,2,1,7,4,11,1,1,0,2,16963,7.58,21406,261,62,2406,2569,26.1,1696.3,13,3,0,4,7,4,0,0,0,0,15815,6.28,14279,183,48,18.3,1581.5
0,24,1,0,11,4,7,1,1,0,1,15829,6.77,16843,231,59,1851,-73,23.1,1582.9,17,0,1,4,11,6,0,1,0,0,15186,6.88,16025,222,28,22.2,1518.6
0,17,4,0,1,7,3,0,0,0,0,14127,6.67,15836,189,26,-2592,-1396,18.9,1412.7,30,3,1,7,1,10,1,0,0,0,20663,6.46,20975,259,57,25.9,2066.3
0,15,5,0,0,11,6,1,0,0,1,14738,6.46,18369,182,54,-2783,-2822,18.2,1473.8,19,3,1,11,0,13,0,0,0,1,17477,7.11,16788,207,57,20.7,1747.7
0,16,3,0,6,5,3,0,0,1,0,17069,7.03,15806,169,32,25,-1042,16.9,1706.9,27,1,1,5,6,7,2,1,0,0,16503,7.28,17679,219,36,21.9,1650.3
0,13,4,0,5,13,1,0,1,0,0,16364,5.98,16089,226,53,-943,-2197,22.6,1636.4,23,3,1,13,5,9,1,0,0,1,18134,7.04,17757,204,64,20.4,1813.4
1,18,5,0,6,4,7,0,0,0,0,16308,7.11,17546,217,50,8,-886,21.7,1630.8,12,0,1,4,6,7,0,1,0,1,18467,7.01,19182,186,45,18.6,1846.7
1,27,6,0,7,2,11,0,0,0,2,15813,6.7,19043,180,56,1314,492,18.0,1581.3,15,2,1,2,7,7,0,0,0,0,13985,6.67,15576,222,61,22.2,1398.5
1,24,2,1,11,4,3,2,1,0,1,16819,7.19,22465,242,52,2197,2308,24.2,1681.9,18,1,0,4,11,2,0,1,1,0,12769,6.9,14813,206,47,20.6,1276.9
1,25,1,1,10,7,8,2,2,1,0,17536,7.03,18284,226,49,727,759,22.6,1753.6,11,2,0,7,10,7,0,0,0,0,17196,6.72,18755,223,50,22.3,1719.6
1,22,5,1,4,5,5,0,0,1,0,18598,6.52,16931,250,30,372,243,25.0,1859.8,21,3,0,5,4,9,1,0,0,0,18010,6.02,17886,247,50,24.7,1801.0
0,13,0,1,3,14,1,0,0,0,0,13312,6.21,15360,244,53,-4647,-3937,24.4,1331.2,20,3,0,14,3,13,1,0,0,1,17438,7.13,22615,253,77,25.3,1743.8
0,12,0,0,9,7,5,1,1,0,1,14518,7.01,15204,227,54,719,-158,22.7,1451.8,15,2,1,7,9,7,0,0,0,1,16933,6.86,18916,212,50,21.2,1693.3
1,15,1,1,5,5,8,0,1,0,0,17351,6.82,19078,252,51,-469,-161,25.2,1735.1,45,4,0,5,5,5,0,0,0,0,17831,7.11,17974,228,47,22.8,1783.1
1,17,2,0,10,6,8,0,0,0,0,18157,7.06,20656,232,34,-1323,753,23.2,1815.7,26,1,1,6,10,6,0,1,0,0,14354,6.22,14917,213,43,21.3,1435.4
1,20,0,1,13,4,8,0,1,1,2,19845,7.77,23278,247,63,1974,1985,24.7,1984.5,21,3,0,4,13,1,0,1,0,0,12705,6.32,13625,213,18,21.3,1270.5
1,27,0,1,6,7,9,0,0,1,1,18164,7.14,19606,216,50,1111,1668,21.6,1816.4,9,2,0,7,6,7,0,0,0,1,15060,6.36,16244,185,53,18.5,1506.0
0,26,1,1,11,5,11,2,0,0,1,16681,7.43,17364,243,37,589,-53,24.3,1668.1,11,1,0,5,11,8,0,0,0,0,16195,6.58,16975,227,43,22.7,1619.5
0,29,0,1,1,5,6,0,0,1,0,14056,6.31,15552,210,53,-3116,-1018,21.0,1405.6,25,1,0,5,1,1,1,1,0,2,18291,6.97,19378,219,50,21.9,1829.1
0,15,3,1,3,4,1,0,1,0,0,16313,7.51,16760,211,46,-708,-1872,21.1,1631.3,8,3,0,4,3,7,0,1,0,1,17228,6.83,17047,224,65,22.4,1722.8
1,28,2,0,7,3,7,0,1,0,1,15283,6.42,16984,230,80,-983,-1703,23.0,1528.3,15,2,1,3,7,6,0,0,1,0,15435,7.08,17923,195,58,19.5,1543.5
1,26,2,1,7,6,1,1,0,0,0,15819,6.44,15779,204,49,-420,-1911,20.4,1581.9,17,3,0,6,7,7,1,0,1,1,15479,7.36,18690,181,60,18.1,1547.9
1,20,3,1,7,5,8,1,1,1,0,16230,7.41,17283,197,54,2132,1592,19.7,1623.0,16,6,0,5,7,10,0,0,0,1,16882,6.49,17473,213,49,21.3,1688.2
1,23,2,1,5,6,5,0,1,0,2,18126,7.23,16952,204,73,1459,119,20.4,1812.6,25,2,0,6,5,9,0,1,0,1,17517,7.19,15492,212,46,21.2,1751.7
0,24,3,0,3,11,5,0,0,0,0,14489,6.78,14345,201,45,-1161,16,20.1,1448.9,29,0,1,11,3,6,0,1,0,1,18188,6.83,20553,217,64,21.7,1818.8
1,22,3,1,8,0,7,1,1,0,1,18043,7.19,19547,231,63,3956,1881,23.1,1804.3,21,1,0,0,8,2,0,0,0,0,14706,6.36,14562,236,61,23.6,1470.6
0,20,2,0,8,6,4,1,1,0,0,17185,6.65,19231,229,69,168,915,22.9,1718.5,13,3,1,6,8,8,0,0,0,0,17056,6.29,18714,197,62,19.7,1705.6
1,13,0,1,1,11,3,0,1,0,1,15506,5.98,15868,195,46,-2901,-1286,19.5,1550.6,18,4,0,11,1,11,1,2,0,1,18330,7.42,18451,232,79,23.2,1833.0
1,8,3,1,4,0,6,1,0,1,1,17350,7.08,19573,232,51,344,-253,23.2,1735.0,26,3,0,0,4,8,1,1,1,0,17232,6.69,17753,243,38,24.3,1723.2
1,21,0,0,3,6,9,1,1,0,1,17008,7.22,19210,234,70,1512,781,23.4,1700.8,23,1,1,6,3,6,0,1,0,0,16757,7.1,17844,212,65,21.2,1675.7
1,18,3,1,7,10,7,0,0,0,1,17926,7.32,19936,249,70,919,354,24.9,1792.6,23,2,0,10,7,6,0,0,0,0,16136,6.27,17857,207,60,20.7,1613.6
0,14,2,1,5,8,2,1,0,0,0,14693,6.75,15484,171,74,-165,-712,17.1,1469.3,15,1,0,8,5,5,1,1,0,2,16768,7.24,18656,224,49,22.4,1676.8
0,24,0,0,5,5,9,1,0,0,1,17356,7.71,17405,237,71,574,733,23.7,1735.6,16,2,1,5,5,5,1,1,0,1,15577,5.99,15794,211,45,21.1,1557.7
1,13,2,0,3,5,10,0,0,0,0,18492,7.13,17165,251,57,2020,1104,25.1,1849.2,26,0,1,5,3,6,2,0,0,1,17193,6.82,19394,174,41,17.4,1719.3
0,21,2,0,5,9,2,0,0,0,1,14813,6.63,15438,210,48,-2239,-1059,21.0,1481.3,27,0,1,9,5,13,1,1,0,0,21267,7.77,19837,242,68,24.2,2126.7
0,20,2,0,1,12,4,0,0,0,0,13622,6.67,14203,192,46,-2347,-1027,19.2,1362.2,27,2,1,12,1,8,0,1,1,1,18800,7.74,20722,238,66,23.8,1880.0
1,20,3,1,6,3,7,1,1,1,2,18989,7.88,20817,250,53,1293,398,25.0,1898.9,20,2,0,3,6,7,0,0,0,0,14382,7.06,16094,203,73,20.3,1438.2
1,22,2,1,12,6,13,1,2,0,1,18394,6.93,20950,264,65,1461,1833,26.4,1839.4,14,0,0,6,12,0,0,0,0,1,15405,6.53,15620,214,49,21.4,1540.5
0,15,3,1,9,6,5,0,0,0,1,14667,6.72,16822,240,70,304,385,24.0,1466.7,22,2,0,6,9,9,0,1,0,0,15578,6.61,17676,180,73,18.0,1557.8
1,27,2,1,12,6,9,2,1,1,0,17566,7.33,19089,192,75,3686,1610,19.2,1756.6,18,0,0,6,12,0,1,0,0,1,15896,6.28,16750,205,44,20.5,1589.6
1,23,1,1,9,6,3,1,1,0,2,16540,7.15,17695,247,54,3650,1605,24.7,1654.0,15,0,0,6,9,2,0,0,1,0,16966,6.71,17582,209,51,20.9,1696.6
1,23,3,0,10,5,11,1,1,1,1,16215,7.34,17335,234,53,577,659,23.4,1621.5,15,1,1,5,10,5,0,0,0,1,14462,7.52,15171,228,60,22.8,1446.2
0,21,3,0,6,8,3,0,1,1,2,14443,6.71,17773,196,59,-1305,-1720,19.6,1444.3,22,3,1,8,6,7,0,0,0,0,17582,7.57,16446,259,67,25.9,1758.2
1,20,4,1,9,2,13,2,0,1,1,19680,7.6,18561,270,58,1123,3004,27.0,1968.0,16,2,0,2,9,1,0,0,0,0,13256,6.41,14560,188,41,18.8,1325.6
1,13,2,0,5,7,5,1,1,1,0,16094,7.45,18475,198,50,2650,274,19.8,1609.4,17,1,1,7,5,2,0,1,0,0,17005,6.71,17446,221,46,22.1,1700.5
0,24,0,1,2,6,5,0,0,0,0,14355,6.76,13265,227,45,-1633,-1249,22.7,1435.5,20,3,0,6,2,2,0,1,0,2,20269,6.56,17586,223,53,22.3,2026.9
0,22,4,1,4,8,3,1,0,0,1,16450,7.33,18885,224,49,-838,-2737,22.4,1645.0,18,3,0,8,4,8,0,2,0,1,17903,6.61,16407,215,58,21.5,1790.3
0,18,0,1,4,5,4,0,0,0,1,16710,6.95,17940,217,69,1870,463,21.7,1671.0,21,1,0,5,4,7,1,1,0,0,15770,7.08,16835,195,57,19.5,1577.0
0,19,2,0,1,7,2,0,1,0,0,15183,6.71,16457,208,45,-4155,-1955,20.8,1518.3,25,4,1,7,1,13,1,1,1,3,20077,7.22,19349,267,62,26.7,2007.7
1,28,6,1,7,5,7,0,0,0,1,17636,7.05,18798,267,55,856,439,26.7,1763.6,20,0,0,5,7,4,0,1,0,0,15321,6.95,15521,195,49,19.5,1532.1
1,24,2,1,7,5,3,0,0,1,0,19630,6.29,16677,208,62,-876,-2229,20.8,1963.0,13,0,0,5,7,9,0,0,0,2,19009,7.18,19661,242,54,24.2,1900.9
1,18,3,0,3,4,3,1,1,0,1,16830,6.89,16946,222,51,-103,582,22.2,1683.0,14,4,1,4,3,8,2,1,1,0,14908,6.71,19358,235,42,23.5,1490.8
0,12,2,1,5,9,6,0,0,0,0,14762,7.36,15415,210,43,-1851,-1519,21.0,1476.2,16,5,0,9,5,8,1,1,1,1,16159,7.02,20494,259,62,25.9,1615.9
0,13,2,0,3,7,1,0,0,0,0,16425,6.33,14542,195,51,378,-479,19.5,1642.5,13,3,1,7,3,13,0,1,0,1,17708,7.4,17253,251,65,25.1,1770.8
0,17,5,1,3,8,4,0,0,0,0,15050,7.14,18893,213,48,-964,-1774,21.3,1505.0,29,0,0,8,3,9,1,1,0,1,16963,7.38,20508,256,75,25.6,1696.3
1,27,1,0,8,4,2,0,0,0,0,16674,6.24,19037,194,57,-834,314,19.4,1667.4,21,1,1,4,8,5,1,1,1,0,16154,7.08,18459,263,49,26.3,1615.4
1,20,1,1,8,4,12,1,2,1,2,18764,7.46,21610,237,88,5347,2174,23.7,1876.4,12,3,0,4,8,3,0,0,0,1,14246,6.67,15383,227,45,22.7,1424.6
1,20,2,1,8,1,12,1,0,1,2,19885,7.67,18871,248,52,576,4056,24.8,1988.5,14,0,0,1,8,1,0,0,0,0,15777,7.01,16416,219,43,21.9,1577.7
1,18,5,1,7,7,8,0,1,1,0,18505,6.45,18911,225,54,-728,343,22.5,1850.5,11,3,0,7,7,0,1,1,0,0,16790,7.13,16984,238,42,23.8,1679.0
0,17,1,0,7,9,5,0,0,1,1,15747,6.63,16589,191,62,845,-1390,19.1,1574.7,10,2,1,9,7,3,1,0,0,0,17453,7.71,17583,230,61,23.0,1745.3
1,22,3,0,7,1,6,1,1,0,1,18535,7.57,20167,226,69,192,726,22.6,1853.5,20,2,1,1,7,0,2,1,0,0,15085,5.92,14934,198,48,19.8,1508.5
1,16,4,1,11,3,8,1,0,2,0,19151,6.99,18818,247,82,1687,2705,24.7,1915.1,30,2,0,3,11,3,1,1,0,0,15302,6.66,16238,187,42,18.7,1530.2
1,24,3,1,3,7,4,1,0,0,0,16592,6.62,15876,196,60,-545,-117,19.6,1659.2,25,2,0,7,3,7,1,0,0,1,17691,7.16,19123,209,51,20.9,1769.1
0,19,3,1,7,7,7,1,0,0,0,14733,6.78,16227,230,51,-1586,-48,23.0,1473.3,20,3,0,7,7,5,0,0,1,0,16228,6.8,18188,230,57,23.0,1622.8
0,29,3,0,2,8,3,0,0,0,0,14453,6.0,14912,184,43,-2790,-4053,18.4,1445.3,19,3,1,8,2,7,1,0,0,3,19833,7.1,16308,262,60,26.2,1983.3
1,16,3,0,10,1,3,0,1,1,0,16822,7.27,17576,261,54,2358,632,26.1,1682.2,16,2,1,1,10,2,1,0,0,0,15226,6.43,15828,217,35,21.7,1522.6
1,32,2,1,15,1,12,2,1,0,2,18778,7.89,18176,243,67,3853,4238,24.3,1877.8,5,0,0,1,15,0,0,0,0,0,14381,6.47,14845,162,37,16.2,1438.1
0,27,2,1,6,5,7,1,0,0,1,16726,6.99,17013,240,62,2817,-158,24.0,1672.6,19,2,0,5,6,5,1,0,0,1,16079,7.27,18970,209,63,20.9,1607.9
0,14,0,0,1,10,0,0,0,0,1,12782,6.81,15193,206,42,-3299,-2687,20.6,1278.2,22,2,1,10,1,9,1,1,1,1,19479,7.81,19150,219,90,21.9,1947.9
1,19,6,0,6,7,5,1,0,1,1,17367,6.96,17848,262,57,1578,1249,26.2,1736.7,11,2,1,7,6,5,1,1,0,0,16428,6.6,17338,219,60,21.9,1642.8
0,14,1,1,3,4,4,0,0,0,0,16259,6.77,15173,231,56,-1193,-2234,23.1,1625.9,13,2,0,4,3,7,1,1,0,1,16359,7.07,21227,230,58,23.0,1635.9
0,14,2,0,3,7,5,1,1,1,0,15937,7.08,20682,218,60,-1922,-1415,21.8,1593.7,23,4,1,7,3,12,1,1,0,0,18161,7.57,17134,230,68,23.0,1816.1
1,21,0,0,7,3,4,0,0,0,0,16815,7.12,17755,223,67,1955,681,22.3,1681.5,11,0,1,3,7,6,0,0,0,2,15263,6.51,15685,202,30,20.2,1526.3
1,21,2,1,5,5,7,0,1,0,0,17072,6.6,19494,201,67,807,-103,20.1,1707.2,29,0,0,5,5,9,0,0,1,0,17885,5.9,18802,204,46,20.4,1788.5
1,11,1,1,3,6,5,2,1,1,0,16076,6.52,14261,189,55,-1457,-875,18.9,1607.6,13,1,0,6,3,8,0,1,0,0,16379,6.16,19066,263,56,26.3,1637.9
1,30,3,0,0,5,7,0,0,0,2,16279,6.77,13035,196,41,-1291,-802,19.6,1627.9,25,4,1,5,0,6,0,1,1,1,18271,7.17,18333,196,56,19.6,1827.1
1,19,3,1,9,7,6,1,0,0,1,15531,7.23,19569,194,51,-175,281,19.4,1553.1,10,2,0,7,9,7,0,1,0,1,16791,6.81,17567,214,60,21.4,1679.1
0,20,4,1,9,13,0,0,0,0,1,15596,6.74,17325,203,49,-1271,-1344,20.3,1559.6,23,2,0,13,9,7,0,0,0,0,17888,7.54,17770,247,62,24.7,1788.8
0,15,3,0,5,8,4,1,0,0,1,14968,6.97,17236,193,50,-1864,-2103,19.3,1496.8,19,4,1,8,5,7,1,0,0,0,19572,6.63,16507,230,80,23.0,1957.2
1,18,2,1,3,5,1,0,1,0,1,17934,7.47,17829,231,64,-1185,688,23.1,1793.4,19,2,0,5,3,4,0,0,0,1,17909,6.88,17915,191,54,19.1,1790.9
1,19,1,1,4,4,5,1,0,0,1,16038,7.39,15893,241,60,286,371,24.1,1603.8,20,2,0,4,4,8,2,0,0,0,16400,7.13,18043,202,64,20.2,1640.0
1,20,1,1,2,8,2,0,0,0,0,16579,6.7,17608,193,44,-436,-316,19.3,1657.9,16,4,0,8,2,9,1,0,0,0,15334,7.32,16710,201,53,20.1,1533.4
0,17,2,1,4,7,4,0,0,0,0,13924,6.44,17084,168,54,-2899,-2805,16.8,1392.4,27,4,0,7,4,8,1,0,0,0,16675,7.53,17758,251,56,25.1,1667.5
1,26,3,1,11,7,5,0,0,0,0,16659,7.62,16510,219,65,1364,1227,21.9,1665.9,20,3,0,7,11,2,0,0,0,0,15030,6.87,14536,177,34,17.7,1503.0
0,16,1,0,0,8,3,1,0,0,0,13157,6.31,13393,193,43,-4581,-4627,19.3,1315.7,20,4,1,8,0,14,3,1,1,1,19571,7.94,21162,239,72,23.9,1957.1
0,23,1,1,7,7,2,1,0,0,0,15183,6.8,17707,174,75,-384,-1753,17.4,1518.3,14,2,0,7,7,7,0,0,0,0,19137,6.91,17133,255,53,25.5,1913.7
0,19,4,0,6,9,0,0,1,0,0,16828,6.68,15295,255,76,-1918,26,25.5,1682.8,20,3,1,9,6,7,1,0,1,1,19016,7.45,19530,237,37,23.7,1901.6
1,21,0,0,5,7,5,0,0,0,0,15742,6.64,19010,229,62,-1533,410,22.9,1574.2,21,1,1,7,5,2,0,0,0,0,14747,6.96,16413,183,52,18.3,1474.7
1,20,1,1,9,6,4,0,1,0,0,17174,6.71,17128,222,57,1269,2982,22.2,1717.4,14,2,0,6,9,4,0,0,0,0,15148,6.59,15967,205,43,20.5,1514.8
1,27,1,1,11,4,12,1,0,0,1,18390,7.03,16178,209,70,1573,3450,20.9,1839.0,18,0,0,4,11,4,1,0,0,0,13741,6.67,13959,185,36,18.5,1374.1
1,20,1,1,2,10,3,0,1,0,1,15494,6.56,17068,228,27,-923,-1256,22.8,1549.4,25,5,0,10,2,6,0,0,0,1,16719,7.14,17013,176,59,17.6,1671.9
1,20,4,0,9,3,10,0,0,0,0,15632,7.26,19641,216,45,1616,669,21.6,1563.2,21,1,1,3,9,4,0,1,0,1,18512,6.48,15731,208,35,20.8,1851.2
1,19,2,1,6,4,6,1,0,0,1,15185,6.83,19592,190,69,1166,-623,19.0,1518.5,17,1,0,4,6,5,1,0,1,0,15929,6.32,16437,232,46,23.2,1592.9
0,16,1,0,2,9,3,1,0,1,2,14690,6.48,17581,190,39,-6333,-4067,19.0,1469.0,30,3,1,9,2,7,1,0,0,1,17629,7.23,19508,213,57,21.3,1762.9
1,24,4,1,11,5,8,1,0,1,2,20663,7.23,17932,252,61,4834,2953,25.2,2066.3,12,0,0,5,11,4,0,0,0,1,15865,5.72,17437,176,41,17.6,1586.5
0,17,1,0,4,10,9,0,0,0,0,12985,6.43,15614,209,57,-3269,-2330,20.9,1298.5,12,3,1,10,4,12,2,1,0,1,15892,7.2,17547,259,58,25.9,1589.2
0,18,3,0,9,7,4,0,1,0,1,14261,7.11,19564,249,60,-577,909,24.9,1426.1,9,0,1,7,9,4,0,1,0,1,16787,6.9,18460,243,44,24.3,1678.7
0,25,3,1,5,5,0,1,1,0,1,17542,6.04,18873,214,58,-109,-552,21.4,1754.2,17,3,0,5,5,0,2,0,0,2,15883,6.89,18033,201,69,20.1,1588.3
0,25,0,0,8,7,7,1,0,0,0,17571,7.44,17433,211,61,-1260,2904,21.1,1757.1,16,2,1,7,8,4,1,0,0,1,14703,7.3,17557,203,48,20.3,1470.3
0,28,1,1,2,4,2,1,0,0,1,16800,6.72,18984,210,61,-357,358,21.0,1680.0,19,0,0,4,2,7,1,1,0,0,16702,6.79,18659,235,49,23.5,1670.2
1,19,3,0,7,3,8,1,1,0,2,18132,6.76,19443,217,76,2501,212,21.7,1813.2,15,0,1,3,7,3,1,0,0,0,14797,6.35,17716,202,41,20.2,1479.7
0,20,3,1,2,9,3,0,0,0,0,15144,6.11,17071,208,32,-3394,-3499,20.8,1514.4,20,3,0,9,2,14,0,1,0,0,19809,7.72,19856,246,60,24.6,1980.9
1,10,4,0,8,5,5,0,0,1,1,18748,6.91,15741,203,60,568,-516,20.3,1874.8,14,0,1,5,8,6,1,1,0,0,17506,7.36,15828,229,61,22.9,1750.6
0,23,5,0,5,7,4,0,1,1,0,14947,5.74,16268,196,65,-710,-1014,19.6,1494.7,24,0,1,7,5,4,1,0,0,1,14261,7.16,20811,219,63,21.9,1426.1
0,11,2,0,4,9,6,1,1,0,0,16949,7.17,15706,213,30,-937,499,21.3,1694.9,20,3,1,9,4,8,1,1,0,0,18846,7.62,16549,217,79,21.7,1884.6
1,16,2,0,10,6,6,2,1,0,2,19303,6.72,17981,231,64,-772,777,23.1,1930.3,24,1,1,6,10,9,0,1,1,0,12802,5.83,16975,236,47,23.6,1280.2
1,24,2,1,7,6,8,0,1,0,0,18135,7.62,18454,212,61,2292,1395,21.2,1813.5,19,0,0,6,7,2,0,0,0,1,13949,6.34,17112,198,40,19.8,1394.9
0,16,2,0,4,2,4,0,1,0,1,15769,7.02,18767,213,40,320,-1835,21.3,1576.9,17,2,1,2,4,7,0,0,1,0,17388,7.51,19220,207,47,20.7,1738.8
1,18,2,1,4,8,12,0,1,1,0,16892,7.06,17610,252,57,824,602,25.2,1689.2,16,2,0,8,4,8,0,0,0,1,14868,7.0,16533,213,32,21.3,1486.8
0,18,3,0,6,4,9,0,0,0,0,14979,7.18,17255,268,74,1256,752,26.8,1497.9,20,4,1,4,6,6,0,0,0,1,16720,7.37,18817,220,54,22.0,1672.0
0,22,2,1,2,11,1,1,0,0,0,11581,6.45,17363,230,31,-907,-1850,23.0,1158.1,15,3,0,11,2,8,1,1,0,0,19157,7.2,15752,210,60,21.0,1915.7
0,15,0,1,5,6,5,1,0,0,0,17507,6.73,15515,212,61,1393,-1568,21.2,1750.7,21,1,0,6,5,6,0,1,0,0,18815,6.95,16832,173,51,17.3,1881.5
1,19,3,1,6,7,3,0,0,0,0,15533,7.46,16917,211,43,-847,-608,21.1,1553.3,23,3,0,7,6,9,0,0,0,0,16232,7.23,15725,230,37,23.0,1623.2
0,17,0,0,2,5,1,0,1,0,0,15330,6.95,16841,227,72,-466,-571,22.7,1533.0,9,2,1,5,2,10,1,2,0,0,16463,7.04,18275,202,73,20.2,1646.3
1,25,2,1,5,2,0,2,0,0,0,15911,7.3,17495,233,86,1574,952,23.3,1591.1,14,1,0,2,5,11,1,0,0,1,16987,6.44,17843,170,66,17.0,1698.7
0,25,4,0,3,7,6,0,0,1,0,16640,6.95,17171,222,48,-125,1423,22.2,1664.0,22,0,1,7,3,9,1,1,0,0,17416,6.62,16389,218,45,21.8,1741.6
0,8,2,1,1,4,2,0,0,0,0,15584,6.19,15819,168,45,-4572,-2424,16.8,1558.4,25,1,0,4,1,10,1,1,1,1,20113,7.13,20197,239,66,23.9,2011.3
0,22,1,0,0,7,6,0,0,0,0,13416,6.43,14216,207,53,-3547,-1384,20.7,1341.6,22,3,1,7,0,7,2,1,0,0,19442,7.01,21439,232,69,23.2,1944.2
1,18,5,1,12,7,9,0,1,0,2,19360,6.59,18375,229,71,1697,-83,22.9,1936.0,19,4,0,7,12,6,0,0,0,1,17076,6.71,18113,198,57,19.8,1707.6
0,20,1,1,8,7,6,1,0,0,1,15098,6.17,15827,201,56,-750,-1521,20.1,1509.8,21,4,0,7,8,10,1,0,0,0,16477,7.11,19419,226,82,22.6,1647.7
1,16,0,0,10,3,8,1,0,0,1,17056,6.99,18213,238,42,1017,692,23.8,1705.6,25,1,1,3,10,7,1,0,0,0,17898,6.76,17088,217,35,21.7,1789.8
1,23,3,1,5,8,10,1,1,1,0,18804,6.83,19424,245,51,1962,22,24.5,1880.4,11,1,0,8,5,4,1,1,1,0,15975,7.09,14785,214,35,21.4,1597.5
0,30,0,0,3,13,5,1,0,0,0,15771,6.74,16430,182,49,-1740,-1919,18.2,1577.1,27,7,1,13,3,4,0,0,1,2,18873,7.02,18949,215,59,21.5,1887.3
0,18,0,1,0,9,7,0,0,0,0,15600,6.33,15310,213,41,-3035,-2886,21.3,1560.0,24,1,0,9,0,11,2,0,0,2,19090,7.48,20385,238,69,23.8,1909.0
1,21,4,1,14,5,6,1,0,1,1,21920,6.69,22781,265,66,3771,2838,26.5,2192.0,23,1,0,5,14,5,0,0,0,0,13153,6.82,14727,193,58,19.3,1315.3
1,20,1,0,9,9,5,1,0,0,1,18036,7.23,18679,234,44,-87,876,23.4,1803.6,22,4,1,9,9,6,1,1,1,0,17610,6.5,18510,224,52,22.4,1761.0
0,12,3,0,3,7,4,0,1,1,0,16100,7.02,15735,229,42,-941,-2498,22.9,1610.0,23,1,1,7,3,11,1,0,0,0,18332,7.15,18795,205,46,20.5,1833.2
0,25,0,0,5,7,3,0,0,0,0,16252,6.85,17270,195,37,-2004,-24,19.5,1625.2,21,3,1,7,5,7,2,0,0,0,16099,6.81,18730,235,57,23.5,1609.9
0,21,3,1,2,7,5,1,0,0,1,14803,6.63,16374,206,58,286,-1386,20.6,1480.3,20,2,0,7,2,6,0,0,0,1,17717,6.88,19296,256,63,25.6,1771.7
0,12,0,0,3,5,8,0,0,1,0,15069,7.01,16726,212,56,-2581,-1899,21.2,1506.9,30,5,1,5,3,7,2,1,0,1,20413,7.66,18926,263,56,26.3,2041.3
1,17,4,1,8,5,10,0,1,0,0,20405,7.08,19115,236,60,1260,113,23.6,2040.5,11,1,0,5,8,2,0,0,0,1,17274,6.83,20317,191,42,19.1,1727.4
0,19,1,1,6,7,8,0,0,0,0,14942,6.74,16754,188,33,-1259,-1701,18.8,1494.2,17,3,0,7,6,7,2,0,0,2,17663,7.17,18731,231,43,23.1,1766.3
1,27,5,1,11,4,8,2,1,1,0,18932,7.35,19524,239,64,1842,2300,23.9,1893.2,22,3,0,4,11,6,0,0,0,0,13135,6.29,17780,204,59,20.4,1313.5
1,13,1,0,5,7,5,1,0,0,1,15261,6.36,15381,219,52,-1744,-1659,21.9,1526.1,23,2,1,7,5,7,1,1,1,0,17230,7.01,18292,255,52,25.5,1723.0
0,23,4,1,3,6,5,1,1,0,0,14008,6.64,15211,187,62,-1028,-1270,18.7,1400.8,32,0,0,6,3,4,1,0,0,0,19596,7.46,19697,208,71,20.8,1959.6
0,19,0,0,0,7,6,0,0,1,0,15295,6.76,16143,226,52,-2638,-706,22.6,1529.5,18,0,1,7,0,4,1,0,0,1,18186,7.09,17163,243,70,24.3,1818.6
0,10,0,1,4,9,2,0,1,0,0,14871,6.43,13480,173,29,-4296,-3382,17.3,1487.1,25,4,0,9,4,8,1,1,0,1,19970,7.45,20771,261,66,26.1,1997.0
1,17,2,0,4,5,12,1,0,0,0,16831,7.0,19288,222,55,756,-2022,22.2,1683.1,26,3,1,5,4,10,1,0,0,0,17681,7.06,16769,224,43,22.4,1768.1
1,28,4,0,6,4,7,1,0,0,1,15955,7.28,17935,202,48,-947,991,20.2,1595.5,22,3,1,4,6,5,1,1,0,0,12136,6.43,17180,212,34,21.2,1213.6
1,15,4,0,13,2,6,0,0,0,1,17346,7.66,18986,223,54,764,2138,22.3,1734.6,24,3,1,2,13,5,0,1,0,1,14210,6.84,16173,210,37,21.0,1421.0
0,13,3,0,0,5,0,0,0,0,1,13576,6.32,14975,192,39,-4496,-2798,19.2,1357.6,20,2,1,5,0,9,0,1,0,1,18924,7.13,19232,224,71,22.4,1892.4
1,27,4,1,9,2,10,1,1,0,1,18300,6.52,22013,235,58,1378,2921,23.5,1830.0,20,1,0,2,9,1,0,0,0,0,15174,6.71,15766,215,61,21.5,1517.4
1,23,1,1,9,5,10,1,0,0,0,16613,6.37,17736,194,57,191,1996,19.4,1661.3,10,0,0,5,9,0,2,0,0,0,15218,6.79,15126,161,53,16.1,1521.8
1,19,4,1,11,4,11,0,1,0,0,18868,7.6,20246,245,58,3846,2728,24.5,1886.8,24,0,0,4,11,6,0,1,0,1,15997,6.3,15381,243,47,24.3,1599.7
0,25,2,0,6,9,7,0,0,0,0,17720,6.52,18592,239,62,-1093,787,23.9,1772.0,21,2,1,9,6,8,2,0,1,0,17299,7.54,19301,236,55,23.6,1729.9
1,27,1,1,11,2,5,1,1,1,2,17807,7.04,19870,202,49,2333,560,20.2,1780.7,21,4,0,2,11,8,2,1,0,0,15825,6.89,17704,199,41,19.9,1582.5
0,19,2,0,2,8,7,0,0,0,0,12861,6.89,15109,229,47,-998,-2480,22.9,1286.1,20,3,1,8,2,8,1,2,0,0,18679,7.03,19748,226,66,22.6,1867.9
1,18,2,0,9,6,11,1,1,0,1,17808,7.16,17090,261,53,-832,1060,26.1,1780.8,20,0,1,6,9,7,0,0,0,0,14340,6.54,16268,236,42,23.6,1434.0
0,16,4,0,5,8,3,0,0,0,2,13939,7.48,17060,160,44,-518,-1817,16.0,1393.9,28,5,1,8,5,5,2,0,1,1,18170,6.79,19064,209,65,20.9,1817.0
0,18,0,0,2,10,4,1,0,0,0,12456,6.8,15483,169,54,-3745,-2085,16.9,1245.6,18,5,1,10,2,5,0,1,0,2,17540,7.54,20792,229,54,22.9,1754.0
0,11,1,0,4,13,4,0,0,1,1,15780,6.42,15751,239,56,-1779,-1622,23.9,1578.0,30,4,1,13,4,5,1,0,0,2,19933,7.29,18419,206,63,20.6,1993.3
1,27,1,0,4,5,5,1,1,1,0,13676,6.68,16979,208,58,-231,212,20.8,1367.6,22,1,1,5,4,11,0,0,1,0,15011,7.03,19482,241,56,24.1,1501.1
0,27,4,1,4,7,1,0,1,0,1,15541,7.02,17525,188,60,-2185,-2460,18.8,1554.1,18,2,0,7,4,7,1,1,0,0,17348,7.67,18689,238,69,23.8,1734.8
1,20,1,1,4,3,8,0,0,0,0,18067,6.88,17773,236,75,494,-741,23.6,1806.7,16,4,0,3,4,1,0,0,0,0,17760,6.46,19432,182,55,18.2,1776.0
0,18,3,0,1,9,0,0,0,0,1,16559,6.69,13965,178,52,-3613,-2535,17.8,1655.9,26,1,1,9,1,11,1,0,0,1,20637,7.34,20747,234,73,23.4,2063.7
0,22,0,0,4,13,0,0,0,0,0,11502,7.0,18065,198,44,-2786,-3487,19.8,1150.2,21,3,1,13,4,10,2,1,0,1,20153,7.73,18926,247,55,24.7,2015.3
1,33,3,1,10,4,13,1,1,0,3,17979,6.81,21157,269,73,2050,1245,26.9,1797.9,22,2,0,4,10,2,0,0,0,0,12991,6.05,13560,206,47,20.6,1299.1
1,30,3,0,9,7,9,1,1,0,1,16793,6.77,18152,197,49,1760,1008,19.7,1679.3,19,1,1,7,9,6,0,0,0,0,15607,6.87,17876,203,63,20.3,1560.7
0,9,3,0,0,9,5,0,0,0,0,15626,6.13,18479,210,43,-2127,-1647,21.0,1562.6,30,3,1,9,0,4,1,0,1,0,16731,7.16,19432,247,52,24.7,1673.1
0,18,4,1,7,1,5,0,0,0,1,15308,6.42,15693,196,55,-566,168,19.6,1530.8,22,1,0,1,7,9,2,0,0,1,17176,6.9,17513,201,45,20.1,1717.6
1,25,3,1,8,5,4,0,0,0,1,20591,6.89,17272,254,63,2038,1779,25.4,2059.1,23,4,0,5,8,5,1,0,0,0,16051,6.67,15178,192,41,19.2,1605.1
1,18,1,0,8,5,8,1,0,0,2,15924,6.9,17414,226,45,1299,158,22.6,1592.4,20,1,1,5,8,8,1,0,0,1,17108,6.34,16988,225,49,22.5,1710.8
1,29,5,1,9,6,8,1,0,1,2,16825,6.76,19479,232,40,-28,-236,23.2,1682.5,13,2,0,6,9,9,1,0,0,0,18111,7.08,19170,234,51,23.4,1811.1
0,30,2,1,8,6,10,2,1,0,0,18785,7.24,18076,226,59,3768,566,22.6,1878.5,17,1,0,6,8,1,1,0,0,0,13919,5.94,16293,178,49,17.8,1391.9
1,14,0,0,4,7,4,1,0,0,0,16128,6.62,17695,236,54,-677,-1807,23.6,1612.8,14,0,1,7,4,8,1,0,0,2,16738,7.0,19258,242,50,24.2,1673.8
0,19,0,1,8,7,5,0,0,1,0,16261,7.23,16336,195,71,812,-378,19.5,1626.1,20,2,0,7,8,8,0,0,0,1,16710,6.62,20348,225,52,22.5,1671.0
0,16,0,1,5,4,7,0,0,1,1,14471,7.97,17730,237,54,615,-1124,23.7,1447.1,22,4,0,4,5,4,1,0,0,2,17604,6.96,16728,210,48,21.0,1760.4
0,18,3,0,6,3,2,1,0,0,0,15803,6.78,17428,249,57,1407,-2169,24.9,1580.3,17,3,1,3,6,8,0,1,0,2,14916,7.25,21034,255,60,25.5,1491.6
0,18,5,0,1,6,7,1,0,1,2,14076,6.63,16157,241,53,45,-1900,24.1,1407.6,16,3,1,6,1,7,1,0,0,0,18033,6.47,18714,243,50,24.3,1803.3
1,25,0,1,5,5,6,0,0,0,0,16499,6.63,18257,249,80,1759,719,24.9,1649.9,26,1,0,5,5,2,1,1,0,1,17116,7.05,15679,212,53,21.2,1711.6
1,16,1,1,9,7,7,0,1,0,0,16916,6.34,16386,209,60,750,208,20.9,1691.6,11,1,0,7,9,13,0,0,1,0,16244,7.1,17229,255,57,25.5,1624.4
0,5,2,0,4,6,10,0,0,0,0,14408,6.42,14588,215,39,-2076,-1254,21.5,1440.8,29,3,1,6,4,10,0,2,0,1,18663,6.74,20745,253,67,25.3,1866.3
1,14,5,1,10,8,7,0,1,0,1,17082,7.14,17848,271,65,55,806,27.1,1708.2,22,1,0,8,10,6,1,1,0,1,15551,6.56,17646,200,52,20.0,1555.1
0,13,0,0,6,6,4,1,0,1,0,13770,6.62,14739,234,50,-1144,-2260,23.4,1377.0,13,2,1,6,6,8,1,1,0,1,19169,6.92,18525,233,66,23.3,1916.9
1,16,3,1,8,6,6,1,1,0,1,19392,7.45,15596,238,51,-1539,1042,23.8,1939.2,7,2,0,6,8,7,0,1,0,1,17907,7.25,20185,204,46,20.4,1790.7
1,20,1,0,5,7,0,0,0,0,0,16758,6.99,19328,225,47,-414,317,22.5,1675.8,15,5,1,7,5,5,0,0,0,0,15852,7.06,18086,193,52,19.3,1585.2
1,15,6,0,9,6,8,1,0,0,0,15534,7.41,17705,195,58,658,1521,19.5,1553.4,15,4,1,6,9,4,0,0,0,0,16143,6.51,15030,221,55,22.1,1614.3
0,10,1,0,6,12,0,0,0,1,0,12239,6.22,14541,153,38,-3852,-4930,15.3,1223.9,23,4,1,12,6,10,1,1,1,3,17026,7.62,22737,266,66,26.6,1702.6
1,17,3,1,8,9,10,2,0,0,0,18297,6.58,18310,250,56,2420,2674,25.0,1829.7,16,1,0,9,8,3,0,0,0,2,14452,6.64,16617,251,42,25.1,1445.2
0,13,2,0,2,6,3,1,0,0,2,13213,7.01,15982,203,54,-2188,-884,20.3,1321.3,24,4,1,6,2,8,0,0,0,1,18076,7.48,19003,231,87,23.1,1807.6
1,20,2,0,7,4,7,0,0,1,0,17233,7.51,15807,253,68,3054,1448,25.3,1723.3,13,0,1,4,7,0,0,0,0,1,14787,7.13,17813,193,57,19.3,1478.7
0,16,3,1,6,7,5,2,0,0,0,16862,6.42,18141,209,51,-1886,-288,20.9,1686.2,20,4,0,7,6,6,1,0,0,1,16387,6.74,19545,220,59,22.0,1638.7
0,23,0,1,2,8,3,0,0,1,0,17589,6.2,20151,214,50,800,796,21.4,1758.9,18,0,0,8,2,5,0,1,0,0,15289,7.01,18711,194,64,19.4,1528.9
1,19,0,1,9,3,10,1,0,0,0,19523,6.78,19348,222,62,3641,3454,22.2,1952.3,16,0,0,3,9,1,0,0,0,0,13406,6.8,15855,169,38,16.9,1340.6
0,18,2,1,5,7,3,0,0,0,0,16094,7.18,17307,188,60,120,169,18.8,1609.4,23,1,0,7,5,7,1,1,1,0,15280,6.89,17541,220,64,22.0,1528.0
1,20,4,1,9,0,5,1,1,1,1,20141,7.25,19487,284,64,4003,1593,28.4,2014.1,18,3,0,0,9,5,0,0,0,0,15285,6.92,16652,198,40,19.8,1528.5
0,24,1,0,10,5,6,1,1,0,0,15219,6.87,16980,215,47,-911,-936,21.5,1521.9,23,5,1,5,10,8,0,1,0,1,16735,6.19,16050,215,56,21.5,1673.5
1,20,2,0,8,3,10,1,0,1,1,16261,7.26,17295,229,37,-776,347,22.9,1626.1,22,2,1,3,8,0,0,1,0,1,13905,6.79,18138,212,43,21.2,1390.5
1,25,0,0,4,5,8,1,0,0,0,18613,6.83,18080,250,65,582,1568,25.0,1861.3,13,3,1,5,4,7,1,0,0,1,16497,6.86,19433,248,70,24.8,1649.7
1,16,4,1,16,2,6,0,1,1,2,17565,6.51,16871,258,50,946,575,25.8,1756.5,20,3,0,2,16,8,0,0,0,0,15282,7.17,15948,210,54,21.0,1528.2
1,18,3,0,4,6,4,1,0,0,0,16167,6.52,17749,203,38,-200,-586,20.3,1616.7,18,3,1,6,4,11,0,1,0,0,16214,6.46,19907,234,59,23.4,1621.4
0,15,2,1,0,7,3,1,0,0,1,15256,7.65,15601,205,55,-2530,-3036,20.5,1525.6,24,3,0,7,0,8,1,0,1,1,16434,7.41,19584,214,58,21.4,1643.4
1,13,2,1,2,7,2,2,1,0,0,18972,7.17,13791,204,35,-348,-1261,20.4,1897.2,23,5,0,7,2,7,1,0,0,0,13917,7.4,19119,219,71,21.9,1391.7
0,20,0,0,4,5,4,1,0,1,0,16015,7.05,16221,217,49,470,1009,21.7,1601.5,16,3,1,5,4,8,0,0,0,1,17396,7.61,17881,231,54,23.1,1739.6
0,28,0,1,3,4,6,0,1,0,0,17365,6.59,16783,222,62,-988,-1379,22.2,1736.5,21,2,0,4,3,2,1,0,0,0,19152,7.22,18746,231,51,23.1,1915.2
1,17,2,1,9,5,6,2,1,0,1,15378,7.24,19558,234,64,2365,214,23.4,1537.8,18,2,0,5,9,3,0,0,0,0,14229,6.57,15952,201,59,20.1,1422.9
1,22,3,0,3,1,8,1,0,0,0,18669,7.6,20963,256,59,1508,2345,25.6,1866.9,21,1,1,1,3,5,0,0,1,0,13312,6.72,16723,187,64,18.7,1331.2
0,11,2,0,6,7,1,0,1,0,0,16532,6.8,17284,196,45,-1631,-1627,19.6,1653.2,24,4,1,7,6,7,1,1,0,1,16984,7.08,19333,227,58,22.7,1698.4
0,11,1,0,6,8,7,1,1,0,0,16550,6.72,17106,197,43,-1892,-910,19.7,1655.0,25,2,1,8,6,9,1,1,0,1,17403,7.54,16749,235,56,23.5,1740.3
0,13,2,1,2,3,5,0,0,0,1,15135,6.42,16690,189,42,-2053,-1442,18.9,1513.5,25,2,0,3,2,8,1,1,0,1,16767,6.82,21551,259,53,25.9,1676.7
1,22,5,0,12,7,14,1,1,1,1,20312,7.81,19321,266,63,4050,1765,26.6,2031.2,6,2,1,7,12,1,1,0,0,0,12953,6.3,13673,194,59,19.4,1295.3
1,19,2,1,4,6,10,2,1,0,2,16146,6.99,18649,225,56,567,-610,22.5,1614.6,23,1,0,6,4,9,1,0,1,1,14675,6.63,15260,206,48,20.6,1467.5
0,20,3,1,5,6,5,0,0,0,1,18157,6.95,19610,259,66,-367,1768,25.9,1815.7,20,3,0,6,5,4,1,0,1,1,17129,6.66,18002,203,41,20.3,1712.9
0,9,1,0,4,8,1,0,0,0,0,17017,6.51,14666,209,51,-2619,-2762,20.9,1701.7,35,2,1,8,4,9,0,1,0,0,19054,7.17,18890,242,60,24.2,1905.4
0,17,2,0,6,6,7,1,0,0,1,15741,6.7,16504,241,54,-683,750,24.1,1574.1,23,2,1,6,6,5,0,1,1,1,16323,7.13,17622,223,47,22.3,1632.3
1,24,3,1,6,2,5,0,1,0,1,19212,7.1,17545,248,52,566,638,24.8,1921.2,24,4,0,2,6,8,0,1,0,1,16390,7.28,16285,225,44,22.5,1639.0
0,13,4,0,5,8,6,1,0,1,1,16313,6.22,15245,214,61,-911,1452,21.4,1631.3,25,4,1,8,5,5,1,0,0,2,17355,6.79,17970,234,65,23.4,1735.5
1,20,4,1,11,0,7,1,0,1,1,18521,6.96,20528,236,72,3100,1417,23.6,1852.1,19,4,0,0,11,2,0,0,1,1,15886,6.24,15842,246,62,24.6,1588.6
1,26,4,0,14,0,13,1,2,0,1,16791,7.21,19833,235,69,4238,4564,23.5,1679.1,12,2,1,0,14,1,1,1,0,0,14282,6.07,13622,204,33,20.4,1428.2
0,14,1,1,5,7,6,0,0,0,0,13730,6.92,14145,196,54,-1124,-1911,19.6,1373.0,23,2,0,7,5,4,0,1,0,1,18082,7.57,18508,228,64,22.8,1808.2
0,20,0,0,3,12,3,0,0,1,0,15025,6.78,13119,205,25,-833,-1654,20.5,1502.5,24,5,1,12,3,8,1,1,0,0,18730,7.17,17094,245,73,24.5,1873.0
1,11,2,0,5,6,0,0,0,0,1,16680,7.53,18367,219,43,-2473,-1150,21.9,1668.0,20,0,1,6,5,8,1,0,0,0,18892,6.96,19043,227,55,22.7,1889.2
1,28,5,1,8,3,12,1,1,1,1,18110,7.22,20944,232,50,4973,3295,23.2,1811.0,6,2,0,3,8,3,0,0,1,0,14706,6.22,17351,190,39,19.0,1470.6
1,24,5,0,11,0,7,1,1,0,0,17091,7.42,17795,232,63,1888,1755,23.2,1709.1,13,1,1,0,11,1,1,0,1,0,16230,6.74,17440,198,45,19.8,1623.0
0,20,0,0,8,6,6,0,1,0,0,15732,6.17,18214,200,42,-1683,1664,20.0,1573.2,19,2,1,6,8,6,0,0,0,0,15933,6.86,16196,217,55,21.7,1593.3
0,26,6,1,10,10,6,1,1,0,0,19043,6.9,16038,237,85,359,1358,23.7,1904.3,31,1,0,10,10,3,0,0,0,0,16236,6.2,18433,206,45,20.6,1623.6
0,17,2,0,2,9,5,0,0,1,0,16597,6.48,16350,192,58,-1164,-367,19.2,1659.7,19,5,1,9,2,5,1,1,0,0,18802,7.25,18686,266,41,26.6,1880.2
1,19,4,0,6,0,6,3,1,0,0,17471,6.68,17676,256,63,864,2312,25.6,1747.1,31,0,1,0,6,3,1,0,0,0,15066,6.8,16011,194,59,19.4,1506.6
1,26,0,1,6,7,2,1,1,0,0,15988,6.88,15496,202,47,1633,-519,20.2,1598.8,21,4,0,7,6,3,0,0,1,1,17173,6.71,18162,213,44,21.3,1717.3
0,29,2,1,5,6,6,0,0,0,0,13524,7.44,18333,228,49,-1954,-651,22.8,1352.4,19,2,0,6,5,6,0,0,0,1,17139,6.48,20309,213,53,21.3,1713.9
0,18,4,1,10,7,9,0,1,0,0,16153,7.18,18779,224,61,1398,1448,22.4,1615.3,17,2,0,7,10,0,0,1,0,0,14300,6.92,13989,230,54,23.0,1430.0
0,19,0,1,8,6,5,0,0,0,2,15049,6.35,16803,210,74,-23,948,21.0,1504.9,24,2,0,6,8,4,1,0,0,0,16527,6.81,14761,249,58,24.9,1652.7
0,25,0,0,9,3,5,0,0,0,0,15881,6.14,18119,213,61,633,-494,21.3,1588.1,17,1,1,3,9,8,0,0,0,0,15572,6.72,15844,240,60,24.0,1557.2
1,20,3,0,6,6,3,1,0,0,0,18026,6.97,17687,232,60,805,331,23.2,1802.6,20,2,1,6,6,7,1,0,1,0,17121,6.83,17452,241,65,24.1,1712.1
1,25,2,0,10,3,9,1,0,0,0,17239,6.89,17530,211,57,1206,921,21.1,1723.9,13,2,1,3,10,6,1,0,0,0,15433,6.22,17939,183,78,18.3,1543.3
1,27,5,1,8,0,11,1,1,0,0,17426,6.85,18409,231,45,2159,2169,23.1,1742.6,10,0,0,0,8,0,1,0,0,0,12260,6.93,15181,204,31,20.4,1226.0
0,18,2,1,8,4,7,1,0,1,1,16847,7.27,19313,271,54,1771,802,27.1,1684.7,22,0,0,4,8,6,0,1,0,0,14687,6.68,18991,182,67,18.2,1468.7
1,24,2,1,8,4,5,1,1,0,0,17255,7.56,18699,270,55,1123,2130,27.0,1725.5,9,3,0,4,8,8,0,0,1,1,16406,6.45,16273,210,47,21.0,1640.6
1,20,3,1,5,7,6,1,0,0,0,16003,6.29,16899,229,52,251,-1329,22.9,1600.3,17,0,0,7,5,9,1,1,1,2,14907,6.9,21037,208,70,20.8,1490.7
0,13,3,0,8,10,5,0,0,0,0,15402,7.07,16277,209,50,-1475,-109,20.9,1540.2,24,0,1,10,8,5,0,0,0,0,17253,6.82,19579,203,63,20.3,1725.3
1,16,1,1,4,4,7,1,1,0,1,18004,6.82,19808,247,60,1169,1337,24.7,1800.4,16,4,0,4,4,5,0,0,1,1,17117,6.43,17198,219,47,21.9,1711.7
1,17,4,1,6,2,4,1,1,0,0,15524,6.9,18651,209,48,1951,421,20.9,1552.4,17,3,0,2,6,7,0,0,0,1,15145,7.46,17827,243,56,24.3,1514.5
0,22,1,1,3,7,4,1,1,0,0,16239,6.91,15569,237,55,-3662,-1111,23.7,1623.9,29,6,0,7,3,9,1,1,0,1,19547,7.09,19509,227,78,22.7,1954.7
0,24,2,0,7,7,6,1,0,0,1,15014,6.52,20061,255,69,-1305,274,25.5,1501.4,25,0,1,7,7,11,1,1,0,1,18682,6.72,18069,213,65,21.3,1868.2
0,24,3,1,3,9,7,1,0,0,0,16861,6.84,17372,239,51,331,737,23.9,1686.1,26,3,0,9,3,8,1,0,0,2,16346,7.06,17785,221,69,22.1,1634.6
0,21,3,1,4,7,5,0,0,0,0,14516,6.43,17528,214,53,-1605,-118,21.4,1451.6,17,3,0,7,4,4,0,1,1,1,17789,6.82,22316,229,45,22.9,1778.9
1,25,3,1,8,2,12,1,1,1,1,17361,7.38,20410,219,53,4043,2155,21.9,1736.1,21,2,0,2,8,4,0,0,0,0,14776,6.6,17492,206,44,20.6,1477.6
1,22,1,1,2,4,7,0,1,1,0,18522,7.18,15893,203,46,-1970,1701,20.3,1852.2,19,2,0,4,2,7,0,0,0,0,15352,6.13,17877,185,60,18.5,1535.2
1,25,0,1,12,3,12,1,0,0,1,19367,6.73,18970,253,76,1236,2047,25.3,1936.7,8,2,0,3,12,5,0,0,0,0,14951,6.5,15625,242,49,24.2,1495.1
0,23,2,0,3,10,7,1,0,0,1,18327,6.68,17696,230,65,354,87,23.0,1832.7,16,3,1,10,3,6,1,0,0,0,15446,7.07,17430,169,56,16.9,1544.6
1,13,3,0,3,6,3,1,1,0,0,17881,7.41,14448,241,56,796,-174,24.1,1788.1,31,4,1,6,3,7,0,0,0,0,15698,6.04,16656,231,58,23.1,1569.8
0,14,2,1,6,7,6,1,0,1,1,12839,6.87,16696,219,53,-2033,-3307,21.9,1283.9,19,4,0,7,6,3,1,1,1,0,16480,7.0,16853,249,60,24.9,1648.0
1,15,2,0,5,6,5,0,0,0,1,17180,6.97,15162,261,60,165,125,26.1,1718.0,25,0,1,6,5,5,0,0,0,1,15437,7.15,18778,232,58,23.2,1543.7
0,26,2,0,5,4,5,2,0,0,1,16721,7.25,21095,234,44,1319,-159,23.4,1672.1,22,2,1,4,5,6,1,0,1,1,16659,7.13,16498,219,33,21.9,1665.9
0,26,2,0,2,6,6,1,1,0,0,13320,6.28,16771,187,33,-1539,-2356,18.7,1332.0,16,0,1,6,2,6,1,1,1,1,15585,7.49,20330,255,70,25.5,1558.5
0,8,0,1,7,3,2,0,0,1,0,14868,6.64,15651,203,35,-1149,-138,20.3,1486.8,30,3,0,3,7,6,1,0,0,0,15908,6.87,18894,225,73,22.5,1590.8
1,27,3,0,4,5,1,1,1,0,1,14788,6.5,20069,247,56,-374,291,24.7,1478.8,23,4,1,5,4,9,0,0,1,0,15107,6.69,19446,188,62,18.8,1510.7
1,21,3,0,8,8,6,1,0,0,0,17671,6.47,19548,230,69,377,-1223,23.0,1767.1,18,0,1,8,8,5,0,1,0,0,14856,6.77,15693,204,57,20.4,1485.6
1,26,2,1,5,8,8,1,0,0,0,18375,6.75,18941,232,63,3126,-1019,23.2,1837.5,26,2,0,8,5,4,1,1,1,1,15812,6.88,17067,215,40,21.5,1581.2
0,21,2,1,5,5,7,0,0,1,1,15719,6.73,17309,187,44,-2136,-726,18.7,1571.9,14,2,0,5,5,7,1,0,0,2,15263,6.63,16808,225,55,22.5,1526.3
0,28,0,1,9,5,7,0,1,0,1,14938,7.22,17737,214,38,371,-879,21.4,1493.8,17,2,0,5,9,8,1,0,1,0,14499,6.58,16506,163,38,16.3,1449.9
0,21,2,0,9,7,0,0,1,0,1,16004,7.28,16985,259,63,632,-263,25.9,1600.4,25,5,1,7,9,7,1,0,0,3,17274,6.81,19775,235,60,23.5,1727.4
0,7,0,0,0,11,0,0,0,0,0,10561,6.21,14554,201,38,-5104,-4227,20.1,1056.1,29,3,1,11,0,10,1,1,0,1,21766,7.98,21981,230,87,23.0,2176.6
0,19,4,0,4,10,2,0,0,1,0,18578,6.99,19635,231,51,457,-801,23.1,1857.8,25,3,1,10,4,5,0,0,0,0,15876,7.49,18041,214,74,21.4,1587.6
1,25,2,0,12,5,3,1,0,1,0,19266,7.49,19971,219,64,3942,966,21.9,1926.6,21,1,1,5,12,3,1,0,1,2,14826,6.51,15652,235,55,23.5,1482.6
0,16,2,0,4,10,2,0,0,0,0,15230,6.81,17581,182,38,-2669,-1166,18.2,1523.0,24,3,1,10,4,11,2,1,0,1,19528,7.38,20398,277,53,27.7,1952.8
0,24,1,1,6,6,8,1,0,0,1,14851,6.71,17922,217,51,-72,-2187,21.7,1485.1,15,2,0,6,6,5,1,0,0,0,14877,6.72,16804,234,37,23.4,1487.7
1,23,0,0,9,0,12,2,0,0,1,19904,7.06,18914,247,60,1542,3675,24.7,1990.4,13,2,1,0,9,7,1,0,0,0,16190,6.23,15508,216,57,21.6,1619.0
1,16,1,1,5,11,6,0,1,0,0,15732,6.72,18868,197,56,-2540,-1031,19.7,1573.2,25,1,0,11,5,9,0,0,1,1,16703,7.17,17952,214,63,21.4,1670.3
0,15,2,0,5,7,5,0,1,1,2,16255,7.62,20117,217,48,-2191,-1761,21.7,1625.5,15,0,1,7,5,11,2,0,0,0,18071,7.35,16897,226,52,22.6,1807.1
0,15,2,0,4,10,6,0,0,1,0,15198,6.9,14423,209,43,-2363,-3296,20.9,1519.8,15,3,1,10,4,9,1,1,1,0,18339,6.81,18355,254,65,25.4,1833.9
1,24,3,1,11,1,9,1,1,0,1,16069,7.16,19565,205,58,4367,2473,20.5,1606.9,23,0,0,1,11,3,0,0,0,1,13911,6.56,16400,215,57,21.5,1391.1
1,10,1,1,3,5,6,1,0,0,0,16559,6.89,18935,232,47,-1034,1172,23.2,1655.9,37,2,0,5,3,7,0,1,1,1,17255,7.22,16665,219,69,21.9,1725.5
0,16,2,0,5,7,4,0,0,1,1,16163,7.01,16889,200,51,726,288,20.0,1616.3,18,0,1,7,5,3,1,1,0,1,17247,7.44,15947,200,62,20.0,1724.7
1,13,1,1,8,5,8,1,0,1,1,17604,6.81,19079,258,63,2976,1989,25.8,1760.4,12,2,0,5,8,2,1,0,0,1,13633,7.2,14946,212,56,21.2,1363.3
0,18,0,1,7,8,6,0,0,0,2,16323,6.8,20150,216,64,107,1218,21.6,1632.3,27,0,0,8,7,4,0,0,0,1,16016,6.27,17562,185,72,18.5,1601.6
0,24,1,1,5,6,1,0,0,0,0,14705,6.84,16572,182,60,-719,-2455,18.2,1470.5,20,4,0,6,5,6,2,1,1,0,16775,7.5,20027,238,59,23.8,1677.5
0,13,1,0,5,7,6,0,0,0,0,15171,6.99,16399,185,79,-1168,-1407,18.5,1517.1,21,3,1,7,5,5,0,0,1,1,19094,7.28,16603,236,43,23.6,1909.4
1,25,4,1,6,0,7,1,0,0,0,17744,6.97,18790,195,68,2544,353,19.5,1774.4,8,1,0,0,6,7,1,0,0,0,16458,6.2,19757,222,44,22.2,1645.8
0,33,0,1,8,2,7,1,1,0,1,15213,6.58,17710,188,59,-1399,-833,18.8,1521.3,13,4,0,2,8,8,0,0,1,0,17394,6.87,19592,234,77,23.4,1739.4
0,23,1,0,1,12,0,0,0,0,0,10033,6.5,11246,184,40,-2339,-2485,18.4,1003.3,26,3,1,12,1,12,2,1,1,1,20718,7.98,22439,225,47,22.5,2071.8
1,21,5,1,9,4,8,1,0,0,1,15733,6.54,20307,238,65,-2365,-590,23.8,1573.3,17,2,0,4,9,7,1,0,1,0,16182,6.55,18491,231,61,23.1,1618.2
0,21,1,1,6,5,0,1,0,0,0,14287,6.21,15947,151,62,-2399,-2283,15.1,1428.7,18,4,0,5,6,4,1,0,0,0,16958,7.01,19112,226,41,22.6,1695.8
1,16,3,1,7,0,11,1,0,0,1,18673,8.32,20945,219,68,917,2645,21.9,1867.3,19,2,0,0,7,0,1,1,0,0,13438,6.81,15858,204,37,20.4,1343.8
1,12,3,0,5,6,8,1,0,1,0,18887,6.67,19271,265,56,-1522,-1273,26.5,1888.7,18,0,1,6,5,4,1,0,0,0,15173,6.43,17799,208,46,20.8,1517.3
0,18,2,0,3,9,2,0,0,0,0,14102,6.98,15026,199,55,-1299,-315,19.9,1410.2,21,2,1,9,3,4,1,0,0,1,15512,7.25,20468,236,52,23.6,1551.2
0,21,1,1,5,4,7,0,1,0,0,13769,6.59,14150,222,68,-2759,-406,22.2,1376.9,26,4,0,4,5,10,0,1,0,1,18663,7.36,18964,228,48,22.8,1866.3
0,22,0,0,3,13,6,0,0,0,0,14915,6.64,16419,208,37,-4934,-3365,20.8,1491.5,23,1,1,13,3,10,0,1,0,2,17937,7.88,19793,287,69,28.7,1793.7
0,15,2,1,4,7,2,1,0,0,1,15121,6.95,17477,193,63,-2573,-887,19.3,1512.1,17,3,0,7,4,8,1,1,1,0,20455,7.36,17564,221,69,22.1,2045.5
1,23,0,1,7,4,12,1,0,0,0,19039,6.61,17850,223,68,2271,1728,22.3,1903.9,22,1,0,4,7,6,0,0,0,1,14949,7.16,16735,206,40,20.6,1494.9
1,25,4,1,15,1,6,2,1,1,1,16884,7.43,22373,268,63,4477,3306,26.8,1688.4,16,5,0,1,15,2,0,0,0,0,12442,6.29,12424,200,42,20.0,1244.2
1,21,2,1,7,4,7,1,0,0,1,16721,6.66,17364,259,57,1555,1289,25.9,1672.1,15,3,0,4,7,4,1,0,0,0,15050,6.28,16953,202,54,20.2,1505.0
0,19,2,0,7,4,0,0,0,0,0,17016,6.55,16811,187,58,-35,1371,18.7,1701.6,24,6,1,4,7,5,0,1,0,0,16571,7.4,16733,246,45,24.6,1657.1
0,15,1,1,5,7,7,0,1,1,0,15104,7.27,16880,238,46,-1851,-527,23.8,1510.4,15,2,0,7,5,10,0,1,0,1,16926,7.14,21635,216,75,21.6,1692.6
1,19,4,0,4,9,0,0,1,0,1,16781,6.38,14791,171,63,-2945,226,17.1,1678.1,20,3,1,9,4,7,1,0,1,1,16812,7.29,17429,232,60,23.2,1681.2
1,25,3,0,12,1,5,1,1,1,1,18094,7.16,19639,264,75,4749,3142,26.4,1809.4,14,2,1,1,12,6,0,0,0,1,14053,6.62,14413,200,46,20.0,1405.3
1,17,1,1,9,7,6,0,0,0,1,18480,7.08,17845,240,40,-339,-1101,24.0,1848.0,29,2,0,7,9,2,1,1,1,1,16924,7.07,16923,229,41,22.9,1692.4
1,28,3,1,11,4,13,1,2,1,1,18963,8.44,21789,252,75,4332,2740,25.2,1896.3,23,4,0,4,11,2,0,0,0,0,14703,6.52,14146,182,37,18.2,1470.3
1,28,2,1,8,2,8,1,2,1,2,18939,7.1,19548,234,65,2216,2648,23.4,1893.9,15,1,0,2,8,2,0,0,1,0,14989,6.37,18745,201,47,20.1,1498.9
0,20,5,1,5,11,3,0,0,0,1,12964,6.19,14893,230,49,-3145,-1889,23.0,1296.4,30,3,0,11,5,7,1,0,0,2,21814,6.62,19582,220,60,22.0,2181.4
1,13,0,1,6,7,9,1,0,1,1,15113,6.67,15321,203,58,-709,-65,20.3,1511.3,21,3,0,7,6,5,1,0,1,1,17239,6.75,17111,243,81,24.3,1723.9
0,19,3,0,5,11,2,1,1,1,1,17660,6.98,16564,218,53,-1140,-1959,21.8,1766.0,25,2,1,11,5,5,1,0,0,1,17809,6.73,16984,237,54,23.7,1780.9
1,15,3,1,8,3,3,1,1,1,1,15557,7.24,16322,206,59,-1138,720,20.6,1555.7,18,2,0,3,8,7,1,1,0,1,17341,7.12,17159,208,69,20.8,1734.1
0,20,4,0,7,9,9,1,0,0,0,16365,6.44,16227,248,49,-653,2373,24.8,1636.5,27,6,1,9,7,4,0,1,0,0,16480,6.81,18134,238,32,23.8,1648.0
1,21,4,1,18,0,13,1,1,0,2,22325,8.27,20295,256,88,3628,3656,25.6,2232.5,23,2,0,0,18,0,1,0,1,1,11355,5.95,13273,165,28,16.5,1135.5
0,24,1,1,4,13,7,0,0,1,2,13960,6.83,16494,221,55,-1487,-540,22.1,1396.0,21,5,0,13,4,8,0,0,0,2,19649,6.85,18712,241,61,24.1,1964.9
1,24,4,0,9,6,3,0,1,0,1,17843,6.68,18356,177,45,-271,-89,17.7,1784.3,23,3,1,6,9,7,2,0,0,0,15009,7.1,15434,200,45,20.0,1500.9
1,27,3,0,8,7,3,0,1,1,0,16989,6.97,18104,218,66,1195,388,21.8,1698.9,29,0,1,7,8,1,1,0,0,1,15569,6.88,16582,237,42,23.7,1556.9
0,25,3,1,7,6,2,1,1,0,0,14575,7.06,19019,203,38,-801,1370,20.3,1457.5,27,1,0,6,7,1,0,0,0,1,15547,7.03,16262,223,53,22.3,1554.7
1,19,4,1,5,7,8,1,0,0,0,17752,6.93,18980,203,40,150,1537,20.3,1775.2,19,0,0,7,5,4,1,0,0,0,14944,6.85,15901,229,50,22.9,1494.4
0,16,2,1,3,10,7,0,0,0,0,18019,6.59,15031,223,64,-347,-593,22.3,1801.9,16,3,0,10,3,9,1,1,1,0,17852,6.77,21341,256,60,25.6,1785.2
1,29,1,0,7,5,9,0,0,0,1,18120,7.65,19669,201,70,-223,942,20.1,1812.0,27,2,1,5,7,5,2,0,0,0,16727,7.16,17451,228,72,22.8,1672.7
1,20,1,0,5,7,8,0,0,1,0,17620,7.21,15351,226,56,1093,-6,22.6,1762.0,15,0,1,7,5,3,1,0,1,1,14030,6.8,15919,228,51,22.8,1403.0
1,14,3,1,5,0,10,1,0,0,0,16278,6.82,19142,267,62,1475,1168,26.7,1627.8,17,1,0,0,5,6,1,0,0,1,15678,6.73,16998,215,43,21.5,1567.8
1,26,1,0,7,3,6,0,1,1,1,17625,6.92,18565,225,62,1830,14,22.5,1762.5,19,2,1,3,7,3,0,1,1,0,15774,6.7,17495,206,44,20.6,1577.4
1,24,2,0,12,3,4,0,0,1,0,19504,7.86,18865,209,62,2026,1628,20.9,1950.4,13,1,1,3,12,5,0,1,0,0,13508,6.35,17455,242,29,24.2,1350.8
1,29,1,1,8,5,4,1,0,0,1,16320,7.26,18277,254,52,2838,1524,25.4,1632.0,28,2,0,5,8,3,0,0,0,0,14267,6.74,15713,195,62,19.5,1426.7
0,21,3,0,6,8,3,0,0,0,2,13788,6.54,18043,211,42,940,216,21.1,1378.8,19,1,1,8,6,3,1,0,0,1,16314,6.69,18532,174,58,17.4,1631.4
0,18,0,0,1,8,0,0,0,0,0,12945,6.53,15428,202,57,-1760,-2250,20.2,1294.5,19,1,1,8,1,12,2,1,0,1,17846,7.15,19165,242,56,24.2,1784.6
1,26,0,1,8,6,1,1,0,1,1,14759,6.74,17620,185,48,-3154,-1474,18.5,1475.9,28,2,0,6,8,11,0,0,1,1,17430,7.37,19042,203,59,20.3,1743.0
1,12,0,1,8,8,3,0,1,0,1,15753,6.49,14453,246,37,340,-768,24.6,1575.3,20,3,0,8,8,7,0,1,0,2,16602,6.81,21446,242,50,24.2,1660.2
1,18,1,1,9,8,8,0,0,1,0,16277,7.54,17315,247,54,859,56,24.7,1627.7,16,2,0,8,9,8,0,1,0,0,17029,7.13,17692,228,57,22.8,1702.9
0,15,1,0,2,9,6,0,0,0,0,15731,6.34,17409,230,50,297,-1030,23.0,1573.1,19,5,1,9,2,7,0,0,1,1,19063,6.83,16639,238,50,23.8,1906.3
0,7,2,0,5,8,8,0,0,0,1,13974,7.24,16241,238,75,-785,716,23.8,1397.4,23,2,1,8,5,5,1,1,0,1,17235,6.85,17664,254,62,25.4,1723.5
1,22,1,0,1,14,1,1,0,0,1,15031,6.19,14575,216,43,-1657,-3171,21.6,1503.1,27,3,1,14,1,7,1,1,1,0,19717,7.33,17883,203,70,20.3,1971.7
0,14,2,1,4,10,4,0,0,1,0,13748,6.59,15316,181,48,-4160,-3363,18.1,1374.8,34,3,0,10,4,10,1,0,0,1,19233,7.18,20707,209,69,20.9,1923.3
1,24,3,1,6,7,9,0,1,0,1,15475,7.28,17834,197,56,-2349,-1062,19.7,1547.5,27,4,0,7,6,8,0,0,1,0,15897,7.24,17655,201,57,20.1,1589.7
0,19,2,0,4,13,2,0,0,0,0,14412,6.48,16107,202,47,-1872,-1847,20.2,1441.2,24,2,1,13,4,12,1,1,0,0,18354,7.09,19875,263,70,26.3,1835.4
0,21,0,0,2,12,3,0,0,0,0,14342,6.36,15839,210,44,-961,409,21.0,1434.2,28,4,1,12,2,6,1,0,0,1,17087,7.06,18555,230,54,23.0,1708.7
0,17,0,0,3,8,9,1,0,0,1,17646,6.85,17798,214,55,-1242,-574,21.4,1764.6,26,3,1,8,3,8,0,0,1,1,18255,7.55,18159,212,52,21.2,1825.5
0,14,2,1,2,7,2,0,0,0,0,14021,6.71,15234,163,40,-3033,-1947,16.3,1402.1,23,0,0,7,2,6,1,0,0,0,19343,7.57,16985,214,55,21.4,1934.3
1,21,3,1,8,5,10,1,1,0,0,16875,7.47,17562,231,65,-15,385,23.1,1687.5,16,2,0,5,8,6,1,0,0,2,14413,6.63,19190,176,47,17.6,1441.3
1,26,4,0,7,6,4,0,1,1,0,19382,6.67,19619,201,60,963,1446,20.1,1938.2,17,3,1,6,7,2,0,0,0,0,15127,6.91,16680,210,42,21.0,1512.7
0,19,0,1,5,12,9,0,1,0,0,14865,6.44,15489,231,44,-1455,-1714,23.1,1486.5,22,2,0,12,5,9,1,1,0,0,16423,7.19,19034,214,65,21.4,1642.3
0,16,1,1,3,13,8,1,0,0,0,17026,7.51,17069,189,62,-406,-1078,18.9,1702.6,23,6,0,13,3,8,1,1,0,2,16185,7.06,20174,218,62,21.8,1618.5
0,15,2,0,7,3,5,1,0,0,1,16643,7.11,16584,246,62,592,423,24.6,1664.3,22,3,1,3,7,1,1,1,0,1,13990,6.24,16029,192,31,19.2,1399.0
0,20,2,0,7,9,4,0,1,0,1,18025,6.87,17780,215,47,-2373,-363,21.5,1802.5,9,3,1,9,7,9,1,0,0,0,18081,7.22,20766,251,67,25.1,1808.1
0,16,2,1,5,6,1,1,0,0,0,14814,6.96,16874,193,61,-644,-1658,19.3,1481.4,22,3,0,6,5,2,0,1,0,0,19926,7.31,18625,208,64,20.8,1992.6
1,22,3,0,10,3,7,1,0,1,0,16784,7.24,20776,244,64,2274,1976,24.4,1678.4,24,3,1,3,10,2,0,1,0,0,16377,6.52,18811,206,51,20.6,1637.7
1,21,2,1,9,2,4,0,0,0,1,19082,7.56,20519,259,69,2655,1294,25.9,1908.2,23,2,0,2,9,5,1,0,0,1,17392,6.65,17704,193,36,19.3,1739.2
1,19,4,0,6,8,3,0,0,0,0,20018,7.28,18410,234,52,1395,281,23.4,2001.8,12,1,1,8,6,4,1,0,0,0,13622,7.33,13906,187,55,18.7,1362.2
1,23,5,1,12,4,5,0,0,0,2,18471,7.15,17033,210,59,1415,2087,21.0,1847.1,21,1,0,4,12,2,1,0,0,2,15305,7.24,15832,174,55,17.4,1530.5
0,19,0,0,2,11,5,0,0,0,0,13344,5.88,14339,187,50,-4372,-3969,18.7,1334.4,26,2,1,11,2,7,1,0,1,1,20628,7.58,19027,193,66,19.3,2062.8
1,33,3,0,9,3,4,1,1,1,1,16745,7.6,18519,228,61,4090,3088,22.8,1674.5,17,1,1,3,9,0,0,0,0,1,14588,6.4,16096,216,61,21.6,1458.8
1,25,3,0,8,6,10,0,0,0,0,17374,7.66,20561,209,53,946,1522,20.9,1737.4,20,1,1,6,8,3,0,0,0,0,15078,7.05,17939,235,62,23.5,1507.8
1,30,3,1,10,5,10,0,1,1,0,19996,7.58,19392,197,72,1638,3116,19.7,1999.6,22,1,0,5,10,1,1,1,1,0,15872,5.87,16413,211,51,21.1,1587.2
1,17,2,0,4,4,10,0,0,1,1,17866,6.22,18980,263,70,-205,181,26.3,1786.6,11,5,1,4,4,6,1,0,0,1,16663,6.6,14939,227,48,22.7,1666.3
1,12,2,0,6,2,7,1,0,0,0,16180,7.35,19632,206,57,-1242,562,20.6,1618.0,22,1,1,2,6,2,1,0,0,2,15884,6.11,18155,209,49,20.9,1588.4
0,19,0,0,10,4,10,1,0,1,0,15611,7.07,17983,182,39,-906,-1143,18.2,1561.1,21,2,1,4,10,4,0,0,0,0,16170,6.9,18589,213,43,21.3,1617.0
1,25,2,1,10,2,3,0,1,0,2,17387,7.01,18397,199,69,2083,885,19.9,1738.7,23,0,0,2,10,7,1,1,0,1,16509,6.71,16594,203,49,20.3,1650.9
0,23,0,0,5,7,9,1,1,0,0,14877,6.36,18427,200,33,381,-550,20.0,1487.7,19,5,1,7,5,11,1,0,0,1,17960,7.14,19820,243,72,24.3,1796.0
1,28,3,1,10,2,15,2,0,1,1,18056,6.85,16191,166,62,-176,921,16.6,1805.6,17,1,0,2,10,1,0,0,0,1,14530,6.58,17471,215,47,21.5,1453.0
0,4,0,0,2,12,2,0,0,1,0,15580,6.66,13946,216,60,-3661,-3054,21.6,1558.0,22,1,1,12,2,11,2,1,0,0,19848,7.14,22345,231,77,23.1,1984.8
0,25,2,0,6,8,5,1,1,0,0,16308,6.61,17076,225,45,-1470,479,22.5,1630.8,16,2,1,8,6,10,1,0,0,0,18794,6.7,18357,232,54,23.2,1879.4
1,26,4,0,9,0,8,2,0,1,2,19541,8.13,21490,249,74,3528,2956,24.9,1954.1,14,0,1,0,9,0,0,0,0,0,12896,6.44,16056,213,58,21.3,1289.6
0,11,2,0,4,6,5,0,0,0,0,14335,6.18,16794,187,38,-696,-165,18.7,1433.5,22,4,1,6,4,6,0,0,0,2,16877,7.23,18517,187,61,18.7,1687.7
1,23,1,0,4,2,6,1,1,0,0,16715,6.81,17402,233,50,-1725,197,23.3,1671.5,22,0,1,2,4,7,1,0,1,0,15300,7.06,17310,194,56,19.4,1530.0
0,19,1,0,8,5,0,0,0,0,2,14154,6.11,14011,203,59,-881,-2600,20.3,1415.4,14,4,1,5,8,8,1,1,0,0,19413,7.04,19964,209,66,20.9,1941.3
0,23,4,0,6,4,8,1,1,1,0,17915,6.41,19494,251,57,281,89,25.1,1791.5,12,2,1,4,6,6,0,0,0,1,15801,7.22,15747,267,64,26.7,1580.1
0,24,1,0,7,6,7,1,0,0,0,16417,6.32,18801,168,26,-1137,-1487,16.8,1641.7,24,3,1,6,7,9,1,0,0,0,17763,7.08,18475,223,63,22.3,1776.3
1,22,2,0,5,11,3,1,1,0,1,14563,6.23,15525,199,50,-2,731,19.9,1456.3,18,1,1,11,5,11,1,1,0,1,18549,7.28,18752,245,53,24.5,1854.9
1,14,2,0,7,6,7,1,1,0,1,16640,7.31,16175,208,43,1270,1008,20.8,1664.0,21,3,1,6,7,4,2,0,0,2,14373,6.88,16850,203,23,20.3,1437.3
0,18,3,0,5,7,7,1,0,0,2,15306,6.44,17665,186,49,-1069,467,18.6,1530.6,17,2,1,7,5,10,1,0,0,0,17318,6.32,19306,221,49,22.1,1731.8
1,13,3,1,5,7,5,0,0,0,1,16845,6.71,19808,240,53,1259,1662,24.0,1684.5,28,0,0,7,5,0,0,0,0,0,13712,6.18,15175,199,48,19.9,1371.2
1,25,1,1,9,2,10,0,0,1,0,16984,7.09,14197,254,34,1880,1100,25.4,1698.4,22,0,0,2,9,3,1,0,0,0,14240,6.63,17391,233,56,23.3,1424.0
1,29,3,0,8,3,9,1,1,0,1,18898,7.09,19552,248,54,2211,843,24.8,1889.8,24,2,1,3,8,0,0,1,0,0,14157,6.66,16876,218,40,21.8,1415.7
1,14,2,0,5,8,12,1,0,0,1,17498,6.85,17330,222,45,913,1658,22.2,1749.8,19,4,1,8,5,13,1,0,0,0,17483,6.9,17253,209,65,20.9,1748.3
1,23,6,1,11,0,12,1,0,0,2,21898,7.57,20961,264,76,7229,4980,26.4,2189.8,13,0,0,0,11,3,0,0,0,0,8807,6.42,14612,183,29,18.3,880.7
1,18,2,0,13,5,7,2,0,0,1,18788,7.29,16932,244,54,1426,1379,24.4,1878.8,23,1,1,5,13,1,0,0,0,0,15398,6.25,13867,224,40,22.4,1539.8
1,18,0,1,7,6,7,1,1,0,0,19093,7.2,18296,206,60,1013,2191,20.6,1909.3,15,1,0,6,7,3,0,0,0,1,17042,6.73,18670,224,53,22.4,1704.2
0,20,2,0,4,9,5,0,0,1,0,14996,6.32,15553,213,56,-1857,-17,21.3,1499.6,23,3,1,9,4,4,1,1,0,0,16715,6.96,17619,271,57,27.1,1671.5
1,18,5,0,8,10,10,0,0,0,1,17177,7.45,16991,216,69,-25,-356,21.6,1717.7,24,3,1,10,8,6,1,0,0,0,15357,6.77,18207,196,64,19.6,1535.7
1,26,5,1,7,4,13,1,1,0,1,15742,7.25,22019,202,66,2310,1193,20.2,1574.2,10,2,0,4,7,3,0,1,0,0,14531,6.39,14726,162,42,16.2,1453.1
1,29,1,0,12,3,8,2,1,0,0,17235,7.73,22107,285,70,3112,1828,28.5,1723.5,15,0,1,3,12,0,1,0,0,1,13564,6.89,17275,166,60,16.6,1356.4
1,28,2,1,9,0,8,1,0,0,0,19360,7.3,20818,245,62,1658,2218,24.5,1936.0,17,0,0,0,9,4,1,1,0,0,12779,6.1,15274,169,46,16.9,1277.9
1,16,2,1,5,5,6,1,0,1,1,17656,7.39,17462,209,51,748,919,20.9,1765.6,23,0,0,5,5,2,0,0,1,1,15822,7.05,14350,188,45,18.8,1582.2
0,24,1,0,2,8,1,1,0,1,0,14726,6.06,15126,196,53,-629,-1749,19.6,1472.6,17,2,1,8,2,7,1,0,0,0,17399,7.12,16950,209,50,20.9,1739.9
1,28,3,1,5,5,0,0,0,0,0,16997,6.62,17992,236,59,3091,-1263,23.6,1699.7,17,0,0,5,5,6,0,1,0,0,16669,7.0,19613,207,42,20.7,1666.9
1,25,1,1,3,8,8,0,0,0,0,12247,6.38,17317,210,48,-1731,-2688,21.0,1224.7,24,3,0,8,3,6,0,0,0,0,19856,6.81,18682,269,59,26.9,1985.6
0,16,0,1,1,10,1,0,0,0,0,13256,6.08,13921,199,45,-3360,-2982,19.9,1325.6,29,1,0,10,1,4,1,1,1,1,19117,7.62,20806,240,60,24.0,1911.7
0,17,4,0,5,3,5,0,0,0,0,16783,7.05,16887,253,54,1208,766,25.3,1678.3,25,2,1,3,5,6,1,0,0,1,15714,6.84,15344,247,33,24.7,1571.4
1,16,1,0,8,5,14,0,0,0,1,18805,7.02,18419,220,52,2725,1132,22.0,1880.5,24,4,1,5,8,4,0,0,0,1,15360,6.98,16586,218,38,21.8,1536.0
1,16,1,0,8,2,6,1,0,0,0,18037,6.77,18286,246,60,1118,1972,24.6,1803.7,22,4,1,2,8,11,0,0,0,0,13240,7.09,16333,219,40,21.9,1324.0
1,21,1,0,10,1,7,1,0,0,1,16994,7.21,17052,247,49,764,-420,24.7,1699.4,17,3,1,1,10,8,0,0,0,0,16066,6.55,16959,211,74,21.1,1606.6
1,25,3,0,10,4,8,0,1,1,1,17147,7.31,18474,245,71,961,1030,24.5,1714.7,13,1,1,4,10,6,0,0,0,0,16112,7.05,18277,215,26,21.5,1611.2
0,25,2,0,4,9,5,0,0,0,0,14249,5.92,14601,202,51,-1303,-654,20.2,1424.9,18,3,1,9,4,5,1,1,0,1,18373,6.71,18647,230,54,23.0,1837.3
1,17,3,0,7,5,4,0,1,2,2,18129,7.23,17128,193,26,-310,-362,19.3,1812.9,23,2,1,5,7,5,1,0,1,1,16638,6.92,18600,221,57,22.1,1663.8
0,17,0,1,0,10,6,0,0,0,0,14080,6.74,13574,157,58,-2499,-2250,15.7,1408.0,15,4,0,10,0,5,1,0,0,0,17460,7.39,20626,218,66,21.8,1746.0
0,15,0,0,3,10,2,0,0,0,0,15669,5.84,15856,196,57,-3330,-3342,19.6,1566.9,33,2,1,10,3,10,1,1,1,1,19058,7.34,22242,222,72,22.2,1905.8
1,18,2,1,9,2,8,1,0,1,0,17154,6.84,16152,234,58,-264,1507,23.4,1715.4,9,1,0,2,9,1,1,0,0,0,16481,6.6,14582,171,45,17.1,1648.1
0,22,1,1,6,9,3,0,1,0,0,15348,6.48,14304,196,47,-2054,-1197,19.6,1534.8,16,2,0,9,6,11,0,1,0,2,15317,7.4,18845,205,42,20.5,1531.7
1,24,3,1,7,3,7,1,0,0,2,17585,6.78,17589,233,72,333,1945,23.3,1758.5,18,3,0,3,7,5,1,1,0,1,17186,7.29,15996,239,59,23.9,1718.6
1,23,0,1,8,4,11,1,0,0,2,18372,7.71,16897,253,74,2306,1580,25.3,1837.2,15,4,0,4,8,4,0,0,0,1,16240,5.25,14733,211,54,21.1,1624.0
0,21,2,0,4,4,7,1,0,1,1,13942,6.56,16295,191,35,-1727,-982,19.1,1394.2,18,2,1,4,4,6,1,1,0,1,19922,7.38,17053,217,57,21.7,1992.2
1,24,1,1,10,5,6,0,0,0,0,17355,6.24,17574,212,67,355,373,21.2,1735.5,15,2,0,5,10,1,1,0,0,0,14230,6.48,17333,218,55,21.8,1423.0
0,22,1,0,5,9,3,1,0,0,0,14820,6.63,17147,179,63,-1806,946,17.9,1482.0,23,2,1,9,5,8,0,1,0,1,17521,6.87,18888,224,70,22.4,1752.1
0,12,3,0,0,11,5,0,0,0,0,13827,6.22,14561,188,38,-3686,-3845,18.8,1382.7,30,7,1,11,0,3,1,1,0,1,18106,8.0,19806,258,75,25.8,1810.6
0,25,0,0,8,8,7,0,0,0,1,16214,6.68,18137,233,47,390,554,23.3,1621.4,15,1,1,8,8,5,0,0,0,1,16388,6.78,15596,194,37,19.4,1638.8
0,20,2,1,4,8,7,0,0,0,0,13794,6.89,16583,205,59,-844,-2582,20.5,1379.4,20,1,0,8,4,10,2,0,0,0,17433,7.51,18263,192,44,19.2,1743.3
0,17,2,0,7,8,3,0,1,0,0,15434,6.29,20025,212,73,-272,-839,21.2,1543.4,17,3,1,8,7,9,0,0,0,1,19036,6.77,17228,205,60,20.5,1903.6
1,25,2,1,12,4,10,1,1,0,1,20353,8.02,18357,219,81,4356,2552,21.9,2035.3,7,2,0,4,12,4,0,0,0,0,12823,5.88,13362,204,40,20.4,1282.3
0,19,1,0,5,9,5,0,0,0,0,14149,6.47,13433,229,53,-4533,-2760,22.9,1414.9,16,2,1,9,5,11,1,1,0,2,18820,7.55,18166,299,72,29.9,1882.0
0,26,4,0,9,6,5,0,0,0,1,16369,7.01,17984,242,56,1531,-194,24.2,1636.9,15,2,1,6,9,5,1,0,1,0,18393,7.02,17205,213,53,21.3,1839.3
0,13,4,0,6,8,9,1,1,1,0,12578,6.5,14655,187,50,-2472,-2631,18.7,1257.8,25,3,1,8,6,7,0,1,0,0,19370,7.31,18782,220,65,22.0,1937.0
0,28,4,0,10,8,12,1,0,0,1,17277,7.67,18383,233,60,1264,822,23.3,1727.7,11,1,1,8,10,4,0,1,0,1,15736,6.48,15046,203,50,20.3,1573.6
1,21,5,1,8,6,6,1,0,0,1,17287,6.73,19404,233,54,2039,33,23.3,1728.7,25,1,0,6,8,4,0,1,0,1,15196,6.74,15984,204,52,20.4,1519.6
1,18,1,1,5,2,6,0,0,0,0,18532,7.07,18418,264,51,265,3466,26.4,1853.2,23,2,0,2,5,0,1,0,0,0,15685,6.65,16835,193,57,19.3,1568.5
0,15,0,1,1,9,5,0,0,0,0,11435,6.79,17219,226,56,-1464,-1410,22.6,1143.5,19,0,0,9,1,6,1,0,1,0,17937,7.24,17650,242,59,24.2,1793.7
0,13,2,1,2,6,5,1,0,1,2,16985,6.63,15685,234,37,-1849,266,23.4,1698.5,27,2,0,6,2,10,1,1,0,1,17512,7.62,19524,238,49,23.8,1751.2
0,13,4,1,10,6,11,1,0,0,0,18519,7.33,17781,230,69,1867,624,23.0,1851.9,13,5,0,6,10,3,0,0,1,0,14862,6.5,15434,216,36,21.6,1486.2
1,27,0,0,5,4,7,0,1,1,0,18793,7.65,20896,242,61,4536,3209,24.2,1879.3,17,1,1,4,5,0,0,0,0,0,13317,6.89,14937,189,27,18.9,1331.7
0,31,1,0,7,4,5,0,2,0,1,16251,7.28,16053,232,63,455,2063,23.2,1625.1,20,0,1,4,7,5,0,1,0,0,17827,6.83,16499,189,43,18.9,1782.7
1,10,0,0,3,6,5,0,0,0,0,16340,6.64,16612,201,42,-1973,-1359,20.1,1634.0,33,4,1,6,3,8,1,0,0,1,16991,7.5,16986,242,66,24.2,1699.1
1,16,3,0,9,6,8,1,1,1,1,17131,6.89,17443,246,41,1921,1829,24.6,1713.1,21,4,1,6,9,6,0,0,0,1,14916,6.49,16316,233,75,23.3,1491.6
1,29,4,1,11,0,11,0,1,0,1,18090,7.55,19666,243,84,3778,2396,24.3,1809.0,14,2,0,0,11,0,0,0,0,0,12162,6.09,12540,177,33,17.7,1216.2
1,20,1,1,5,4,8,0,0,0,1,17688,6.78,17289,230,66,1061,1580,23.0,1768.8,21,3,0,4,5,13,0,0,0,1,17723,6.69,16688,214,62,21.4,1772.3
1,27,3,0,12,2,12,0,1,0,1,18967,6.9,18921,212,61,2539,2632,21.2,1896.7,17,0,1,2,12,3,0,0,0,1,15373,6.87,15297,206,57,20.6,1537.3
0,18,0,1,4,9,6,0,0,0,0,17172,6.77,17122,192,71,-1480,-1231,19.2,1717.2,27,3,0,9,4,13,1,0,0,0,17631,6.86,17713,241,70,24.1,1763.1
1,17,1,1,5,3,7,1,0,0,0,16909,7.4,17645,207,71,793,1289,20.7,1690.9,16,2,0,3,5,12,0,0,1,2,15501,6.57,17530,201,42,20.1,1550.1
1,20,0,0,6,3,7,2,1,0,0,19412,7.23,17028,235,65,801,408,23.5,1941.2,27,2,1,3,6,4,1,0,1,1,15680,6.48,18030,227,47,22.7,1568.0
0,9,2,1,8,10,7,1,0,1,0,18881,6.53,19591,248,43,1416,1162,24.8,1888.1,11,2,0,10,8,10,1,1,0,0,17511,7.09,17322,191,46,19.1,1751.1
0,13,0,1,4,12,1,0,1,0,1,14921,6.74,18367,186,37,-1232,-989,18.6,1492.1,27,1,0,12,4,6,1,1,0,1,15495,7.29,19318,253,58,25.3,1549.5
0,23,3,1,3,10,1,1,0,0,0,17065,7.02,16781,199,52,-2668,-824,19.9,1706.5,30,4,0,10,3,4,1,1,1,0,16461,7.27,18296,221,49,22.1,1646.1
1,28,2,0,11,4,11,1,1,1,0,16791,7.09,20053,238,71,2092,2141,23.8,1679.1,9,2,1,4,11,3,0,0,0,0,17700,6.07,15939,200,48,20.0,1770.0
0,29,2,1,9,5,13,1,1,0,1,16268,7.26,19000,241,79,2183,340,24.1,1626.8,23,0,0,5,9,2,1,1,0,0,14925,6.86,14873,196,58,19.6,1492.5
1,25,5,1,8,2,6,1,1,0,1,18066,8.52,18214,268,67,1374,2712,26.8,1806.6,16,1,0,2,8,3,0,0,0,0,15983,6.78,17027,215,37,21.5,1598.3
1,12,3,1,8,0,11,2,1,0,2,20843,8.01,20680,253,74,2629,4449,25.3,2084.3,15,1,0,0,8,4,0,0,0,1,15228,6.27,15215,197,39,19.7,1522.8
1,17,2,0,7,4,2,0,0,0,0,17185,6.94,17613,224,68,765,-223,22.4,1718.5,21,1,1,4,7,5,0,0,0,0,15242,6.48,17473,233,54,23.3,1524.2
0,26,1,0,4,6,9,0,1,0,0,16295,7.08,17278,218,37,-582,733,21.8,1629.5,20,0,1,6,4,7,1,1,1,2,16830,6.84,16556,238,60,23.8,1683.0
1,31,1,1,8,3,9,1,2,0,0,19461,7.16,19122,251,57,987,3229,25.1,1946.1,10,4,0,3,8,6,1,0,0,0,13184,6.61,18967,226,35,22.6,1318.4
1,28,2,0,6,5,14,1,0,1,1,16290,6.98,19617,290,64,2993,608,29.0,1629.0,21,0,1,5,6,7,0,1,0,0,15462,6.88,16342,193,59,19.3,1546.2
0,17,2,1,4,12,2,1,0,0,0,14693,7.0,16043,225,55,-1197,-2984,22.5,1469.3,22,1,0,12,4,8,0,1,1,1,16994,7.22,20553,264,83,26.4,1699.4
0,11,0,1,1,8,3,0,0,0,1,15301,6.98,16192,235,38,-3344,-1132,23.5,1530.1,26,3,0,8,1,12,1,0,0,1,17625,7.16,18236,238,66,23.8,1762.5
1,21,0,1,8,3,8,1,0,0,2,17468,7.27,19203,247,65,233,684,24.7,1746.8,21,2,0,3,8,5,0,0,0,1,14916,7.18,16855,191,40,19.1,1491.6
0,20,1,1,4,6,8,0,0,0,1,16263,6.79,19735,219,62,605,289,21.9,1626.3,21,2,0,6,4,8,0,0,1,0,15534,7.04,16763,218,59,21.8,1553.4
1,28,0,0,8,7,8,0,1,0,1,14461,7.55,17136,183,57,655,-683,18.3,1446.1,21,3,1,7,8,5,0,1,0,0,14346,6.41,20023,219,60,21.9,1434.6
1,23,3,0,9,3,11,2,0,0,0,17106,6.8,21607,225,68,2710,1738,22.5,1710.6,15,1,1,3,9,3,1,0,0,1,12895,6.92,13846,219,40,21.9,1289.5
1,22,3,0,8,3,7,0,0,0,1,17260,7.14,19945,231,63,-1007,514,23.1,1726.0,31,2,1,3,8,5,0,0,0,1,17130,7.25,15749,185,43,18.5,1713.0
1,23,2,1,11,4,11,1,0,0,2,16966,6.84,19821,247,68,3383,2431,24.7,1696.6,11,6,0,4,11,0,0,1,1,0,16799,6.7,15669,190,57,19.0,1679.9
0,18,2,0,5,8,8,0,0,0,1,12431,6.47,16023,212,41,-2860,-3093,21.2,1243.1,23,2,1,8,5,9,1,0,0,1,18060,7.31,20064,233,70,23.3,1806.0
1,24,1,0,9,4,9,0,0,0,0,17332,6.88,20087,237,49,2280,-466,23.7,1733.2,24,2,1,4,9,5,0,0,0,0,19057,6.43,18500,221,50,22.1,1905.7
1,18,2,1,5,5,5,1,0,1,1,15581,7.57,18168,179,57,977,1809,17.9,1558.1,21,1,0,5,5,2,0,0,0,0,16505,6.54,15922,242,58,24.2,1650.5
0,12,0,0,1,8,4,0,0,0,1,12748,6.53,12997,200,49,-2665,-3058,20.0,1274.8,16,2,1,8,1,9,1,1,1,1,18463,7.65,20544,235,72,23.5,1846.3
0,26,2,0,3,7,0,0,0,0,0,14767,7.24,14730,207,30,377,-433,20.7,1476.7,15,1,1,7,3,6,0,0,1,0,18336,6.73,15667,216,54,21.6,1833.6
1,10,2,0,6,8,6,1,0,1,0,17111,6.64,15217,188,38,-979,-937,18.8,1711.1,17,5,1,8,6,11,1,0,0,1,16603,7.56,17203,218,41,21.8,1660.3
1,28,0,0,5,6,2,0,1,1,0,17976,6.75,18352,226,48,-1577,56,22.6,1797.6,13,2,1,6,5,7,1,1,0,0,16447,6.84,16472,223,34,22.3,1644.7
1,14,3,1,8,0,11,0,0,0,1,16744,7.47,19520,249,50,3591,3113,24.9,1674.4,14,0,0,0,8,0,1,0,0,1,13470,6.08,16720,217,25,21.7,1347.0
1,21,3,0,9,2,10,2,1,0,1,18742,6.69,22454,228,67,2835,1897,22.8,1874.2,22,3,1,2,9,5,0,0,0,0,12997,6.27,13779,221,39,22.1,1299.7
0,23,2,0,5,6,7,0,0,1,1,16395,6.59,17629,228,26,-1588,-989,22.8,1639.5,23,0,1,6,5,9,0,0,0,0,17811,6.89,18694,204,63,20.4,1781.1
1,21,3,0,9,8,7,1,1,0,0,19082,7.12,18287,195,62,1437,433,19.5,1908.2,29,3,1,8,9,3,2,0,0,1,14417,6.98,16739,180,65,18.0,1441.7
1,15,1,1,5,4,11,1,1,0,1,16231,7.85,18214,209,55,813,-176,20.9,1623.1,14,2,0,4,5,8,0,0,0,0,15603,6.45,16506,218,54,21.8,1560.3
0,23,3,1,6,6,8,1,0,1,1,17509,7.24,17565,242,59,635,1984,24.2,1750.9,13,2,0,6,6,6,0,0,0,0,18204,7.04,15887,239,54,23.9,1820.4
1,21,3,1,3,7,10,1,0,0,1,15978,6.39,17613,239,69,1453,-83,23.9,1597.8,18,3,0,7,3,9,1,0,0,0,16185,7.59,18047,191,47,19.1,1618.5
1,20,1,1,1,5,6,2,0,0,1,18091,6.76,18004,241,65,140,1709,24.1,1809.1,13,2,0,5,1,2,0,0,0,1,16765,7.0,15496,226,63,22.6,1676.5
1,20,1,0,11,0,8,2,1,0,2,18363,6.95,17895,249,53,3995,4805,24.9,1836.3,18,0,1,0,11,6,0,1,0,0,12301,6.95,14853,184,50,18.4,1230.1
1,22,2,0,9,5,5,1,1,0,0,17798,7.35,16936,232,52,2920,6074,23.2,1779.8,24,0,1,5,9,1,1,1,0,1,14733,6.65,16822,195,55,19.5,1473.3
1,15,0,0,4,5,1,0,0,0,0,13276,6.98,15914,193,40,-1085,-3150,19.3,1327.6,22,3,1,5,4,7,1,1,0,1,17833,6.97,18139,214,45,21.4,1783.3
1,34,3,1,11,1,8,1,0,0,0,18620,6.59,18760,225,87,2163,1560,22.5,1862.0,14,0,0,1,11,3,1,0,0,1,18446,6.76,15150,215,40,21.5,1844.6
0,21,4,0,4,5,8,0,1,1,1,18216,7.55,18411,267,43,3236,674,26.7,1821.6,15,0,1,5,4,5,0,0,0,1,14679,6.16,16718,210,53,21.0,1467.9
0,19,4,1,2,5,8,1,0,1,1,17233,6.68,17123,262,54,2227,1743,26.2,1723.3,16,2,0,5,2,5,1,0,0,2,17025,6.59,18001,229,44,22.9,1702.5
1,20,1,1,6,2,7,1,1,0,0,17546,6.89,20719,227,73,1444,1876,22.7,1754.6,24,0,0,2,6,5,0,0,0,1,16636,6.6,17856,210,39,21.0,1663.6
0,29,3,1,2,4,7,0,1,0,1,16147,6.54,18642,258,55,-2055,1998,25.8,1614.7,21,2,0,4,2,8,1,1,0,0,15650,7.04,17291,229,46,22.9,1565.0
1,12,2,0,5,4,10,0,0,0,0,17453,6.77,17594,276,53,4,854,27.6,1745.3,26,1,1,4,5,5,0,1,0,0,15123,6.73,16982,242,56,24.2,1512.3
1,22,0,0,8,11,7,0,0,0,1,15930,6.95,16790,195,70,1824,513,19.5,1593.0,13,0,1,11,8,7,0,0,0,0,16677,6.83,16777,227,54,22.7,1667.7
0,15,0,0,2,13,2,1,0,0,1,14672,6.83,13723,194,25,-3706,-2586,19.4,1467.2,37,2,1,13,2,6,1,1,1,0,18992,7.82,20436,211,71,21.1,1899.2
1,13,1,1,8,4,7,1,0,0,0,17833,6.45,18387,200,60,562,-1427,20.0,1783.3,26,1,0,4,8,5,0,1,0,1,15410,7.14,16612,230,56,23.0,1541.0
0,15,3,1,5,7,8,0,0,1,1,15044,6.32,15465,248,43,-978,-1606,24.8,1504.4,27,4,0,7,5,6,1,0,0,1,18125,6.82,19375,279,68,27.9,1812.5
0,19,0,0,3,10,4,1,1,0,2,14869,6.93,17743,186,50,-2611,-1050,18.6,1486.9,22,6,1,10,3,5,1,0,0,1,20256,7.35,17415,224,45,22.4,2025.6
1,19,4,1,8,1,8,1,1,1,1,16276,7.16,20184,232,75,3638,2695,23.2,1627.6,22,0,0,1,8,3,0,0,0,0,13457,6.32,17172,210,49,21.0,1345.7
1,22,2,0,8,4,6,1,1,0,1,16956,6.8,17916,233,52,1430,97,23.3,1695.6,12,1,1,4,8,9,1,0,1,0,16891,6.63,19405,243,47,24.3,1689.1
1,29,0,1,3,5,5,0,0,0,1,16252,6.99,16497,219,54,632,357,21.9,1625.2,22,0,0,5,3,6,0,0,0,1,16052,6.69,15375,235,56,23.5,1605.2
1,20,1,1,0,5,3,0,0,0,1,16067,6.58,17296,192,62,951,-2272,19.2,1606.7,22,0,0,5,0,3,1,0,0,0,16581,6.9,18199,209,68,20.9,1658.1
1,13,4,0,8,8,9,0,0,0,2,17763,6.66,17547,208,41,-84,1214,20.8,1776.3,16,2,1,8,8,2,0,1,0,1,15252,6.29,18033,227,39,22.7,1525.2
1,18,2,1,9,2,12,0,0,0,2,18310,7.06,18208,219,68,1982,2658,21.9,1831.0,17,1,0,2,9,6,0,0,0,1,16096,6.79,15993,214,60,21.4,1609.6
0,17,3,0,8,8,3,0,1,1,0,16660,6.79,15655,186,44,-2250,-252,18.6,1666.0,19,3,1,8,8,11,2,0,0,1,19126,7.35,17917,252,53,25.2,1912.6
1,18,3,0,8,6,4,0,0,0,1,16526,6.52,17814,233,64,153,1215,23.3,1652.6,11,1,1,6,8,8,1,0,1,0,16564,6.77,16943,222,51,22.2,1656.4
1,22,2,0,9,8,5,1,0,0,1,16485,7.48,17717,242,58,752,625,24.2,1648.5,11,0,1,8,9,5,1,0,0,1,16732,6.48,14587,209,50,20.9,1673.2
0,18,0,0,1,10,6,0,0,0,0,15230,6.37,15102,189,38,-3947,-1067,18.9,1523.0,14,3,1,10,1,9,1,0,0,1,19294,7.26,19927,274,60,27.4,1929.4
0,29,0,1,4,11,8,2,0,0,0,15041,6.83,18831,214,56,281,-69,21.4,1504.1,22,4,0,11,4,4,1,1,0,0,15125,6.53,17864,228,57,22.8,1512.5
0,19,4,0,4,6,3,1,0,0,1,14811,6.6,16140,206,64,214,510,20.6,1481.1,28,2,1,6,4,6,1,0,0,1,18778,6.53,17955,230,53,23.0,1877.8
1,14,2,1,8,6,6,0,0,0,0,16205,6.73,16019,191,50,-5,-1832,19.1,1620.5,28,3,0,6,8,5,1,0,0,1,16762,6.62,16153,227,52,22.7,1676.2
0,25,0,0,6,9,9,1,0,0,1,14415,6.52,19323,214,47,-1241,-41,21.4,1441.5,18,2,1,9,6,8,1,1,1,0,17729,6.66,18945,263,58,26.3,1772.9
1,27,3,0,8,10,6,1,0,1,0,16305,7.34,17386,231,68,511,1076,23.1,1630.5,18,3,1,10,8,12,1,1,0,1,16313,6.83,16266,239,50,23.9,1631.3
1,25,0,1,10,1,12,2,1,1,2,17311,7.44,20980,215,65,3503,3157,21.5,1731.1,11,3,0,1,10,0,0,0,0,0,12356,6.6,15988,212,52,21.2,1235.6
0,18,1,1,3,9,5,1,0,0,1,15380,6.65,16897,200,50,-1498,-1756,20.0,1538.0,21,4,0,9,3,9,0,0,1,1,15773,6.94,17879,194,55,19.4,1577.3
1,24,2,1,9,7,6,1,0,0,0,15122,6.68,17428,253,54,1103,1024,25.3,1512.2,25,2,0,7,9,8,1,1,0,0,16397,6.46,16515,231,76,23.1,1639.7
1,23,7,1,13,0,3,2,1,0,0,19921,7.24,21216,258,76,3615,1443,25.8,1992.1,22,5,0,0,13,0,0,0,1,0,12567,6.32,14307,179,34,17.9,1256.7
0,9,3,1,5,7,4,1,1,0,1,15911,6.94,18367,213,60,-1582,-2710,21.3,1591.1,20,2,0,7,5,8,1,0,1,1,17732,7.08,18449,247,43,24.7,1773.2
1,26,2,0,11,2,8,1,0,0,0,17638,7.23,18379,244,56,3588,2801,24.4,1763.8,21,0,1,2,11,0,1,0,0,1,12746,6.34,12691,206,42,20.6,1274.6
1,24,2,1,7,4,7,1,0,0,1,14924,6.82,14674,216,49,-1767,259,21.6,1492.4,15,4,0,4,7,7,0,0,0,0,15491,6.9,15537,196,51,19.6,1549.1
1,31,4,1,9,2,10,2,0,0,1,18316,7.39,20635,262,75,1669,4859,26.2,1831.6,13,0,0,2,9,3,0,1,0,1,14720,6.29,16602,189,34,18.9,1472.0
1,18,5,0,7,5,8,1,1,0,0,17161,6.89,20189,216,64,1866,1663,21.6,1716.1,21,1,1,5,7,7,1,0,0,0,15949,6.8,16155,213,68,21.3,1594.9
1,22,2,0,5,6,9,1,0,0,1,17838,6.94,17908,213,32,-1015,977,21.3,1783.8,16,4,1,6,5,2,0,0,1,1,14946,7.16,17558,216,61,21.6,1494.6
1,21,2,1,5,6,0,0,1,0,1,14703,7.6,16999,213,57,2144,-670,21.3,1470.3,8,0,0,6,5,5,1,1,1,1,16641,7.35,18469,256,44,25.6,1664.1
0,19,0,1,7,6,5,0,0,0,1,16767,6.81,16734,219,50,-1028,-659,21.9,1676.7,27,2,0,6,7,7,1,1,1,1,15938,6.98,17750,200,62,20.0,1593.8
0,21,3,1,8,11,3,0,0,0,0,16030,7.0,18730,251,66,-956,-833,25.1,1603.0,20,2,0,11,8,3,0,0,0,0,17004,6.44,16364,239,47,23.9,1700.4
1,22,4,1,9,5,5,0,0,1,1,17134,6.87,19394,195,76,1061,2078,19.5,1713.4,23,0,0,5,9,2,0,0,0,1,12766,7.21,16533,238,53,23.8,1276.6
1,21,0,1,8,9,5,1,1,0,1,14954,7.2,16244,218,51,122,1057,21.8,1495.4,12,0,0,9,8,7,1,0,0,0,16860,7.04,16795,196,44,19.6,1686.0
0,23,1,0,4,8,5,1,0,1,0,15645,6.6,15406,196,79,-566,-176,19.6,1564.5,23,2,1,8,4,11,1,0,1,1,15347,6.72,18813,232,56,23.2,1534.7
0,26,0,0,3,10,7,0,0,0,0,14639,6.95,15069,235,36,-1718,-1146,23.5,1463.9,24,2,1,10,3,8,0,1,0,0,15031,6.71,18911,215,56,21.5,1503.1
1,18,3,1,8,2,9,0,0,0,0,17938,6.42,18924,211,59,2020,1411,21.1,1793.8,23,1,0,2,8,2,0,0,0,0,15021,6.69,15161,231,50,23.1,1502.1
1,22,1,0,9,3,6,0,0,0,2,19515,6.93,21096,265,62,520,2783,26.5,1951.5,13,2,1,3,9,5,1,0,1,1,17330,6.33,15530,227,52,22.7,1733.0
0,17,0,1,6,6,4,0,0,0,0,18103,6.54,13560,222,58,46,-1254,22.2,1810.3,14,2,0,6,6,10,1,0,0,0,19768,7.13,18015,228,64,22.8,1976.8
0,16,3,0,6,6,8,0,0,0,0,15467,6.63,15378,242,60,-1852,-1429,24.2,1546.7,21,3,1,6,6,12,1,1,1,1,17590,6.96,16731,214,54,21.4,1759.0
0,13,2,0,9,6,11,1,0,1,0,17303,6.85,19243,224,69,282,-330,22.4,1730.3,17,1,1,6,9,4,0,0,1,1,17018,6.74,15232,189,50,18.9,1701.8
1,23,3,1,5,2,8,2,1,0,2,18904,7.71,18402,228,72,3606,3115,22.8,1890.4,26,1,0,2,5,4,1,0,1,0,15894,6.34,14867,184,57,18.4,1589.4
1,25,3,1,7,0,9,1,1,0,0,20200,7.16,19803,243,65,2596,2285,24.3,2020.0,11,0,0,0,7,1,0,0,0,1,14052,6.92,15293,205,50,20.5,1405.2
0,17,3,0,3,8,1,1,0,1,0,14757,7.01,14922,203,46,-1387,-1587,20.3,1475.7,23,0,1,8,3,7,1,1,0,0,18584,7.0,16813,267,52,26.7,1858.4
0,19,1,1,6,6,8,1,0,0,0,15070,6.51,15743,216,42,247,45,21.6,1507.0,25,1,0,6,6,4,0,0,0,1,18465,6.84,17514,214,70,21.4,1846.5
0,20,1,0,9,10,10,0,0,0,0,14941,6.24,16961,236,47,-1480,-2576,23.6,1494.1,26,7,1,10,9,7,1,1,0,1,17667,6.76,18900,228,56,22.8,1766.7
0,27,1,1,3,3,4,2,0,0,0,14595,7.36,15509,197,52,-1617,-548,19.7,1459.5,13,2,0,3,3,7,0,1,0,1,16920,6.95,17250,224,61,22.4,1692.0
1,21,4,1,8,1,12,1,0,1,1,20774,6.98,19389,250,51,1365,1557,25.0,2077.4,11,0,0,1,8,0,0,0,0,0,15671,5.83,16594,193,44,19.3,1567.1
0,11,1,0,2,7,5,1,0,0,0,15057,6.64,15434,226,54,-2530,-3289,22.6,1505.7,25,3,1,7,2,10,1,1,1,2,18163,7.27,18592,215,72,21.5,1816.3
0,16,1,0,1,11,2,0,1,0,0,15437,6.4,17743,193,38,-3058,-2568,19.3,1543.7,20,5,1,11,1,7,2,0,1,0,18995,8.08,20026,252,69,25.2,1899.5
0,28,2,0,2,7,3,0,0,1,0,14468,6.3,15561,247,56,-930,-932,24.7,1446.8,27,2,1,7,2,11,0,0,0,2,16988,7.34,20101,218,58,21.8,1698.8
0,15,5,0,7,8,13,0,0,0,1,17482,6.49,17082,191,60,-211,657,19.1,1748.2,29,2,1,8,7,6,0,1,0,0,14377,6.57,16262,209,36,20.9,1437.7
1,24,2,1,10,5,9,1,1,0,0,17216,6.77,19137,221,47,224,454,22.1,1721.6,16,4,0,5,10,8,0,0,1,2,17658,6.45,17122,203,38,20.3,1765.8
1,27,2,1,7,6,9,0,0,1,1,14911,6.86,18490,210,48,638,917,21.0,1491.1,15,1,0,6,7,4,0,0,0,0,16433,6.95,16106,246,47,24.6,1643.3
1,11,6,0,7,6,8,1,1,1,0,16712,7.34,18032,196,56,1717,1005,19.6,1671.2,24,3,1,6,7,6,0,0,0,0,14514,6.13,15299,225,43,22.5,1451.4
0,19,3,1,2,7,3,1,0,0,0,14403,6.48,14333,216,39,-4574,-2632,21.6,1440.3,29,0,0,7,2,11,1,0,0,1,19471,8.1,20075,257,69,25.7,1947.1
1,25,4,0,6,3,5,2,0,1,1,21033,7.08,17864,262,77,2147,780,26.2,2103.3,15,1,1,3,6,1,0,1,1,0,13468,6.84,15925,186,48,18.6,1346.8
0,18,1,1,7,8,7,1,0,0,1,17142,7.18,16704,229,55,1485,-2331,22.9,1714.2,16,2,0,8,7,14,1,0,0,0,17490,6.59,19981,214,65,21.4,1749.0
1,18,1,1,11,5,7,1,1,0,2,18301,7.55,18987,248,52,1394,1546,24.8,1830.1,12,4,0,5,11,5,1,0,0,1,12678,6.25,17922,191,63,19.1,1267.8
0,14,0,0,0,6,1,1,0,0,1,16456,6.62,14685,206,54,-1373,-1853,20.6,1645.6,36,3,1,6,0,5,1,1,0,1,18364,7.57,18608,258,73,25.8,1836.4
0,18,3,0,7,8,4,2,1,0,0,15784,6.73,16650,191,70,1446,-892,19.1,1578.4,27,2,1,8,7,6,0,0,0,0,15785,7.43,18120,255,64,25.5,1578.5
1,19,2,1,5,6,12,0,1,0,2,17532,6.95,19698,212,51,528,-368,21.2,1753.2,20,1,0,6,5,3,0,1,0,1,15555,6.71,18127,201,57,20.1,1555.5
1,20,0,1,9,4,8,1,1,0,2,16734,7.28,18748,234,61,2564,-954,23.4,1673.4,18,1,0,4,9,2,0,1,0,0,14785,6.66,13928,201,65,20.1,1478.5
0,15,3,1,2,9,4,0,0,0,0,14279,5.99,16415,193,39,-3312,-2367,19.3,1427.9,25,3,0,9,2,4,2,0,1,1,18723,7.62,18256,253,79,25.3,1872.3
1,26,2,1,3,0,3,1,1,1,0,15721,6.88,17828,236,61,-967,168,23.6,1572.1,16,0,0,0,3,3,1,1,0,0,15971,6.21,17351,181,48,18.1,1597.1
0,12,1,1,6,10,3,0,0,0,0,16050,6.64,15989,163,53,-2624,-1446,16.3,1605.0,11,2,0,10,6,5,2,2,0,1,17568,6.8,19120,217,62,21.7,1756.8
1,12,0,0,7,6,4,1,0,0,0,14759,6.68,19370,282,61,2235,1183,28.2,1475.9,15,1,1,6,7,5,0,1,0,1,14342,6.63,15334,209,42,20.9,1434.2
1,28,3,0,7,3,8,1,1,0,0,16399,6.9,18089,216,61,1050,1803,21.6,1639.9,15,4,1,3,7,5,0,0,1,1,15592,6.73,17020,208,46,20.8,1559.2
1,22,3,1,9,0,6,0,0,0,1,20072,6.96,19361,256,50,2226,546,25.6,2007.2,16,4,0,0,9,0,0,0,0,0,16082,6.49,15297,220,48,22.0,1608.2
0,17,2,1,3,6,7,0,0,0,0,16923,7.19,15121,213,37,-1665,-1223,21.3,1692.3,19,5,0,6,3,2,1,0,0,1,18477,7.62,17553,205,60,20.5,1847.7
0,21,2,1,8,6,3,1,0,0,1,17908,6.7,17115,213,60,1801,1749,21.3,1790.8,20,0,0,6,8,5,0,0,0,0,15240,6.39,17372,229,67,22.9,1524.0
1,24,7,1,5,2,7,1,1,0,1,19025,7.37,17792,233,52,3250,634,23.3,1902.5,13,3,0,2,5,2,0,0,0,0,16117,6.15,16215,200,47,20.0,1611.7
0,14,0,1,0,10,6,1,0,0,0,14571,7.06,13664,205,47,-1282,-3189,20.5,1457.1,27,3,0,10,0,8,1,0,0,2,18843,7.59,20918,196,50,19.6,1884.3
0,24,1,0,5,4,11,1,0,0,1,20174,7.02,19984,280,44,-633,2004,28.0,2017.4,10,4,1,4,5,7,0,0,0,0,16630,6.86,16457,189,62,18.9,1663.0
1,17,4,1,7,5,8,0,1,0,0,18150,7.63,17699,217,55,1479,631,21.7,1815.0,18,1,0,5,7,6,0,0,1,0,14731,6.95,15859,219,69,21.9,1473.1
0,18,0,1,2,4,5,0,1,1,2,16675,6.87,16835,219,49,113,-476,21.9,1667.5,21,0,0,4,2,9,1,1,0,2,18431,6.7,16070,209,67,20.9,1843.1
0,7,0,0,2,8,4,0,0,0,0,14201,6.77,16987,190,23,-1445,-1525,19.0,1420.1,30,1,1,8,2,11,1,1,1,1,18085,7.28,19693,223,58,22.3,1808.5
1,28,4,1,7,6,13,0,1,1,0,17920,6.65,20626,244,52,2665,1822,24.4,1792.0,23,0,0,6,7,8,0,0,1,0,16305,6.87,16489,183,36,18.3,1630.5
0,17,2,0,3,7,3,0,0,0,0,13152,7.05,15684,187,50,-2628,-1332,18.7,1315.2,15,2,1,7,3,9,0,1,0,1,17670,7.63,18517,237,73,23.7,1767.0
0,23,3,0,7,6,6,1,0,0,1,16538,6.75,17030,225,69,-1843,-1244,22.5,1653.8,17,1,1,6,7,10,0,0,1,1,16552,6.89,16912,191,42,19.1,1655.2
1,22,2,1,10,8,3,1,1,1,0,17008,6.86,15760,201,70,1194,-761,20.1,1700.8,23,2,0,8,10,6,0,1,0,0,15471,6.34,18008,217,66,21.7,1547.1
1,24,1,0,9,6,6,1,1,0,0,17846,6.96,16032,231,62,1703,1779,23.1,1784.6,12,2,1,6,9,2,1,0,0,0,16166,6.69,15605,211,53,21.1,1616.6
1,19,1,1,2,8,6,1,0,0,0,17127,6.48,17970,195,54,-1050,-780,19.5,1712.7,28,3,0,8,2,10,0,0,0,0,16965,7.16,17310,215,53,21.5,1696.5
0,21,2,1,6,8,7,1,0,0,0,17197,7.01,16481,216,60,-599,-955,21.6,1719.7,12,0,0,8,6,5,1,1,1,0,18763,7.36,15902,221,67,22.1,1876.3
1,15,3,0,9,7,7,0,0,0,0,18388,6.79,18347,199,45,176,364,19.9,1838.8,27,1,1,7,9,10,1,0,0,0,17944,6.58,15673,209,58,20.9,1794.4
1,16,3,0,6,3,10,0,0,1,2,16545,6.87,19295,275,47,2387,-163,27.5,1654.5,23,3,1,3,6,9,0,0,1,0,16667,6.34,16472,229,45,22.9,1666.7
1,24,2,1,9,3,8,1,1,1,1,20741,7.21,19205,247,60,2283,1960,24.7,2074.1,15,0,0,3,9,4,0,0,0,0,13564,6.59,13716,218,41,21.8,1356.4
0,14,2,0,0,8,0,0,1,0,0,15101,6.19,14375,160,42,-2060,-2166,16.0,1510.1,26,3,1,8,0,11,0,0,1,1,17168,7.35,21250,245,70,24.5,1716.8
1,28,0,0,5,3,9,0,1,0,1,18088,7.5,18536,254,62,1395,598,25.4,1808.8,18,4,1,3,5,7,0,0,0,0,16580,7.03,16998,189,56,18.9,1658.0
0,20,1,0,4,5,3,1,0,0,1,14754,6.67,16516,193,37,-1637,-2345,19.3,1475.4,19,5,1,5,4,9,1,0,0,1,15640,7.21,20349,225,41,22.5,1564.0
1,18,1,1,12,2,5,0,1,0,1,18047,6.88,20166,263,65,1326,2962,26.3,1804.7,21,1,0,2,12,8,0,0,1,0,15842,6.12,15803,164,38,16.4,1584.2
0,17,0,0,6,7,5,1,0,1,0,14311,6.38,15247,196,46,-1747,-1439,19.6,1431.1,21,3,1,7,6,11,1,1,1,1,18218,7.48,20226,214,72,21.4,1821.8
1,19,5,0,5,6,5,1,0,1,0,17193,7.09,15400,182,41,-284,-888,18.2,1719.3,22,1,1,6,5,4,0,0,0,1,16399,6.71,16726,210,67,21.0,1639.9
0,18,0,0,5,5,4,0,1,0,0,15783,6.85,16904,205,62,-459,-1915,20.5,1578.3,16,2,1,5,5,3,1,0,0,0,17067,6.9,19543,219,59,21.9,1706.7
0,21,1,1,7,7,10,0,0,0,0,18439,6.36,19137,222,64,281,-36,22.2,1843.9,8,0,0,7,7,2,0,0,0,1,16202,6.43,18254,238,48,23.8,1620.2
0,21,3,1,8,3,11,1,1,0,0,15592,5.93,19816,193,61,1165,-676,19.3,1559.2,17,3,0,3,8,8,1,0,0,1,17321,6.64,16503,178,57,17.8,1732.1
1,14,2,1,10,6,9,1,0,0,1,17390,7.07,16762,227,71,1386,-198,22.7,1739.0,18,2,0,6,10,4,0,0,1,1,17041,6.68,19409,214,49,21.4,1704.1
1,9,2,0,6,8,7,0,0,1,1,16599,7.38,17546,221,55,-509,682,22.1,1659.9,15,2,1,8,6,5,0,0,0,0,16988,7.08,15309,238,52,23.8,1698.8
0,15,3,0,4,15,7,0,0,0,0,12611,6.29,17433,181,45,-2430,-2206,18.1,1261.1,33,1,1,15,4,12,1,1,0,0,19613,6.02,18571,225,60,22.5,1961.3
1,24,3,0,7,3,8,1,0,1,1,18394,7.3,19328,198,56,2292,296,19.8,1839.4,19,0,1,3,7,6,0,0,1,0,14511,6.53,17309,216,45,21.6,1451.1
0,18,1,0,6,6,5,0,0,0,1,17792,7.51,15414,219,43,-55,-296,21.9,1779.2,20,4,1,6,6,10,2,1,0,2,19682,6.88,17437,224,52,22.4,1968.2
1,29,2,1,8,2,7,1,0,0,1,17246,6.73,20168,258,61,1094,2748,25.8,1724.6,20,3,0,2,8,2,0,0,0,0,15586,6.74,14417,215,59,21.5,1558.6
0,18,2,0,2,5,3,1,0,1,1,15548,6.38,15570,205,48,-1989,980,20.5,1554.8,24,2,1,5,2,7,1,0,1,1,18647,6.89,16469,224,60,22.4,1864.7
0,24,2,0,4,9,5,1,0,0,0,13301,6.38,15848,213,39,-3611,-3105,21.3,1330.1,27,5,1,9,4,11,1,1,0,1,17506,7.35,18301,248,61,24.8,1750.6
1,26,2,0,9,4,2,1,1,0,1,18043,7.02,18022,216,45,-1119,-1894,21.6,1804.3,21,2,1,4,9,9,1,0,1,0,17126,6.4,17912,229,53,22.9,1712.6
1,28,3,0,9,1,7,0,2,0,1,16267,7.34,20167,239,70,1512,1913,23.9,1626.7,20,0,1,1,9,6,0,1,0,0,13820,6.73,16358,227,40,22.7,1382.0
1,14,3,0,7,6,5,1,0,1,1,14323,6.9,17607,249,61,1948,-489,24.9,1432.3,29,0,1,6,7,11,1,0,0,1,14481,7.2,16434,205,38,20.5,1448.1
1,20,2,1,7,4,2,0,1,0,2,17161,7.75,17651,218,60,-491,1164,21.8,1716.1,25,2,0,4,7,7,0,0,0,0,16869,7.0,19698,201,58,20.1,1686.9
0,24,1,0,4,9,3,1,0,0,0,15888,6.97,16355,217,41,-113,-1783,21.7,1588.8,29,0,1,9,4,7,1,0,0,1,16493,7.54,17623,207,62,20.7,1649.3
1,25,4,1,10,4,10,1,1,0,0,19713,7.22,19966,206,74,4133,3261,20.6,1971.3,12,1,0,4,10,2,0,0,0,0,13851,7.06,14728,168,36,16.8,1385.1
0,21,2,0,3,6,7,0,0,0,0,15390,6.58,17955,187,53,-2901,-1268,18.7,1539.0,15,4,1,6,3,9,0,0,0,1,14790,7.83,20961,210,62,21.0,1479.0
1,12,0,0,3,11,3,0,1,1,0,16673,6.59,17006,183,44,-1697,-669,18.3,1667.3,27,1,1,11,3,4,1,0,0,0,17931,7.22,18707,252,68,25.2,1793.1
0,31,1,1,8,6,7,1,1,0,1,17356,7.48,17037,234,60,228,697,23.4,1735.6,24,0,0,6,8,7,1,1,1,0,15332,6.81,19062,226,41,22.6,1533.2
0,12,0,1,3,10,0,0,0,0,0,13473,5.91,15403,182,23,-2797,-1265,18.2,1347.3,22,2,0,10,3,13,1,1,1,1,21209,7.87,16206,254,76,25.4,2120.9
1,13,2,1,11,0,6,1,1,0,1,20628,7.14,18675,249,78,2390,991,24.9,2062.8,19,4,0,0,11,5,0,0,0,0,12188,6.8,15159,208,26,20.8,1218.8
1,19,4,1,7,1,2,0,0,0,1,17877,6.4,19442,209,59,-249,667,20.9,1787.7,12,2,0,1,7,3,1,0,1,1,15113,7.39,17130,201,78,20.1,1511.3
1,10,7,1,5,7,10,1,1,1,0,17315,7.23,19582,217,50,1358,2302,21.7,1731.5,21,1,0,7,5,6,1,0,0,1,16833,6.38,14121,220,60,22.0,1683.3
1,16,0,1,10,8,6,1,0,0,1,17140,7.22,18876,243,67,1070,858,24.3,1714.0,18,2,0,8,10,5,0,1,0,0,17627,7.1,17706,190,57,19.0,1762.7
0,32,2,1,4,10,6,1,0,0,1,14974,6.36,15609,219,41,-27,-1054,21.9,1497.4,26,4,0,10,4,10,0,0,1,2,17900,7.37,20263,234,60,23.4,1790.0
0,16,2,0,2,12,5,0,0,1,0,16740,6.07,16410,200,50,-2875,-2315,20.0,1674.0,20,4,1,12,2,6,1,0,0,0,20129,7.2,18072,223,49,22.3,2012.9
0,13,2,0,5,9,8,0,1,1,0,15088,6.87,15851,221,58,-751,-680,22.1,1508.8,17,1,1,9,5,9,1,0,1,0,17261,6.86,17573,218,57,21.8,1726.1
0,18,2,0,0,9,9,0,0,0,0,15153,6.78,14829,222,55,-1672,-1431,22.2,1515.3,21,0,1,9,0,7,0,0,0,1,17104,7.04,19505,258,51,25.8,1710.4
1,16,2,1,7,6,7,1,1,1,2,17660,6.51,17874,205,54,996,783,20.5,1766.0,16,4,0,6,7,3,1,1,0,0,15519,6.97,16109,223,42,22.3,1551.9
1,26,2,0,9,3,6,1,0,1,0,15406,7.01,19254,216,57,577,1344,21.6,1540.6,22,5,1,3,9,3,0,0,1,0,14696,6.77,16254,244,59,24.4,1469.6
1,19,3,1,8,3,11,0,0,1,1,18198,7.5,19754,251,77,2564,4541,25.1,1819.8,18,0,0,3,8,4,0,0,0,0,15418,6.19,15423,224,46,22.4,1541.8
1,22,3,0,10,7,13,2,1,0,1,17073,7.16,17301,201,60,292,1212,20.1,1707.3,20,1,1,7,10,4,0,0,0,2,16912,6.23,15914,208,38,20.8,1691.2
1,16,3,0,11,6,7,0,0,1,0,16951,6.99,18763,257,67,2361,2717,25.7,1695.1,16,2,1,6,11,6,0,0,0,0,14863,6.56,15640,203,47,20.3,1486.3
0,32,2,0,7,6,3,0,0,0,0,15617,6.58,19118,215,44,-797,-125,21.5,1561.7,28,3,1,6,7,4,1,1,0,1,17582,6.86,17964,235,59,23.5,1758.2
0,22,1,0,1,3,0,0,0,0,1,16570,5.91,16035,216,54,-373,-941,21.6,1657.0,22,1,1,3,1,4,0,0,1,0,18880,7.23,17703,209,53,20.9,1888.0
1,20,6,1,10,2,2,0,0,1,1,18577,6.75,15682,242,56,1594,696,24.2,1857.7,20,2,0,2,10,5,1,0,0,0,15412,6.63,17744,207,58,20.7,1541.2
1,18,2,0,5,8,9,1,0,0,0,16326,6.92,16918,217,36,-120,622,21.7,1632.6,19,0,1,8,5,8,1,1,0,1,18384,7.41,18671,240,62,24.0,1838.4
1,18,3,0,10,4,6,0,0,0,0,14949,6.95,16501,193,51,1272,1416,19.3,1494.9,22,2,1,4,10,3,0,0,0,1,18700,6.51,17831,192,73,19.2,1870.0
0,14,1,0,2,10,1,0,0,0,0,14323,6.9,16468,203,47,-2128,-1163,20.3,1432.3,23,3,1,10,2,6,1,0,0,0,17044,7.18,19520,230,70,23.0,1704.4
0,14,2,0,4,5,4,0,0,0,0,14482,7.34,14298,214,56,-2677,-544,21.4,1448.2,20,4,1,5,4,12,0,1,0,1,18107,7.56,19270,216,58,21.6,1810.7
0,30,3,0,8,8,14,0,0,0,0,15909,7.06,15677,244,39,60,1378,24.4,1590.9,15,0,1,8,8,5,0,1,0,1,17244,6.31,17398,226,54,22.6,1724.4
1,19,0,0,6,2,8,0,1,0,2,15988,6.4,17694,206,71,2033,1904,20.6,1598.8,14,0,1,2,6,0,1,1,0,0,13347,7.16,16276,221,39,22.1,1334.7
0,7,0,0,0,11,9,0,0,0,0,15379,6.48,17557,190,71,14,-1655,19.0,1537.9,27,5,1,11,0,11,2,1,1,1,20140,7.38,17730,244,55,24.4,2014.0
1,16,1,0,2,1,5,0,1,1,0,16695,7.47,17646,201,61,622,-307,20.1,1669.5,19,3,1,1,2,8,1,0,0,1,16861,7.28,19640,191,46,19.1,1686.1
0,24,1,0,11,8,9,0,0,0,0,16581,7.19,17814,211,45,279,-1196,21.1,1658.1,23,6,1,8,11,8,0,1,1,0,18606,7.29,17032,225,49,22.5,1860.6
1,19,0,1,2,4,5,1,1,0,1,17874,6.32,17493,215,50,-1217,-43,21.5,1787.4,25,6,0,4,2,2,0,1,0,0,15245,7.17,19454,228,74,22.8,1524.5
1,22,3,1,5,3,7,0,1,1,1,15862,6.95,17092,219,48,2635,778,21.9,1586.2,9,0,0,3,5,5,0,0,0,0,14512,6.65,15930,218,53,21.8,1451.2
1,27,4,0,9,7,5,1,1,0,1,19900,7.03,18520,233,55,58,2145,23.3,1990.0,24,3,1,7,9,6,0,0,0,0,15923,6.19,18323,193,54,19.3,1592.3
1,18,3,1,5,6,7,0,0,0,2,18309,7.42,20132,188,41,783,853,18.8,1830.9,13,1,0,6,5,3,0,0,1,0,17569,6.13,17240,195,47,19.5,1756.9
1,27,1,1,7,0,12,2,1,0,0,19855,7.06,20364,236,64,2437,3505,23.6,1985.5,29,2,0,0,7,3,0,0,0,0,14112,6.08,14402,149,41,14.9,1411.2
0,15,0,0,0,6,3,0,1,0,0,16213,6.93,18091,226,84,-314,-272,22.6,1621.3,17,4,1,6,0,4,0,0,0,2,17714,6.79,18846,218,65,21.8,1771.4
0,21,1,1,4,5,7,0,0,0,1,14931,5.69,16410,221,56,-87,-1257,22.1,1493.1,22,0,0,5,4,9,0,0,0,1,15077,7.05,19144,219,66,21.9,1507.7
1,17,0,0,2,4,3,0,0,0,1,13908,6.66,18174,238,44,-2878,-875,23.8,1390.8,20,3,1,4,2,6,0,0,1,1,16095,6.79,15659,243,70,24.3,1609.5
0,18,2,0,7,5,5,0,0,0,1,15977,6.42,17534,237,34,-1247,535,23.7,1597.7,15,4,1,5,7,5,1,0,1,1,17101,7.37,14785,243,59,24.3,1710.1
0,19,3,1,1,9,0,0,0,0,0,9778,6.21,12334,196,36,-2176,-3898,19.6,977.8,38,4,0,9,1,13,0,1,0,1,20699,7.3,23418,258,87,25.8,2069.9
1,23,1,0,6,3,10,1,0,0,1,18277,6.31,15982,192,62,1215,-765,19.2,1827.7,18,5,1,3,6,5,1,0,1,1,18202,6.76,19383,214,60,21.4,1820.2
1,18,2,1,4,7,6,0,0,0,1,14871,6.77,18216,204,52,-482,-1183,20.4,1487.1,11,0,0,7,4,4,0,0,1,1,15136,7.23,20767,223,50,22.3,1513.6
1,19,2,1,7,4,8,1,1,1,1,17884,7.29,17596,220,66,1135,2304,22.0,1788.4,18,2,0,4,7,3,0,0,0,0,15738,6.68,17546,176,51,17.6,1573.8
0,29,1,0,5,5,6,1,1,0,0,15344,7.06,17969,249,73,-241,20,24.9,1534.4,15,0,1,5,5,4,1,1,0,0,16450,7.09,15733,191,62,19.1,1645.0
1,22,2,1,3,6,3,0,0,1,0,17103,7.14,17156,232,60,-1498,390,23.2,1710.3,23,1,0,6,3,5,1,0,1,0,16103,7.35,21439,221,56,22.1,1610.3
1,19,1,1,5,3,5,0,0,0,1,17357,7.09,18057,207,62,451,1146,20.7,1735.7,14,2,0,3,5,4,1,0,0,0,15789,6.56,16479,223,54,22.3,1578.9
1,18,1,0,11,4,11,1,0,0,1,18881,7.14,17863,275,56,2185,1024,27.5,1888.1,25,1,1,4,11,3,0,0,0,0,15562,7.35,17952,183,33,18.3,1556.2
1,24,0,1,3,9,0,1,1,0,1,16773,6.5,17092,208,40,-1655,-907,20.8,1677.3,28,2,0,9,3,10,1,0,0,1,18803,7.13,17479,225,78,22.5,1880.3
0,20,2,1,0,6,4,0,0,0,0,13777,6.92,16758,202,57,-738,225,20.2,1377.7,22,4,0,6,0,8,1,1,0,1,17596,7.14,16857,244,98,24.4,1759.6
0,15,2,0,2,7,4,0,0,0,0,13097,6.16,15713,182,53,-1692,-2136,18.2,1309.7,39,3,1,7,2,8,2,1,0,1,20253,7.34,19757,244,77,24.4,2025.3
0,18,3,1,2,8,0,0,0,0,0,14467,6.51,14651,178,31,-2032,-705,17.8,1446.7,17,4,0,8,2,5,0,1,0,1,16353,7.3,19014,211,53,21.1,1635.3
1,20,4,1,4,7,5,1,0,0,1,14305,7.09,15850,196,61,-1409,2542,19.6,1430.5,15,2,0,7,4,7,1,1,0,0,16464,6.59,18210,254,59,25.4,1646.4
1,20,1,0,6,2,4,1,0,0,2,17574,7.52,19826,257,65,1187,-1421,25.7,1757.4,20,0,1,2,6,6,1,1,1,1,16726,7.26,17317,220,60,22.0,1672.6
0,24,3,0,7,7,4,1,1,0,0,15131,6.55,18428,230,35,-993,-1241,23.0,1513.1,22,3,1,7,7,8,1,1,0,1,17882,6.83,18669,236,52,23.6,1788.2
0,25,0,1,4,5,5,1,0,0,0,16059,6.91,16707,218,51,-536,-412,21.8,1605.9,23,3,0,5,4,2,0,0,0,1,16797,7.03,17390,237,69,23.7,1679.7
0,20,2,0,5,9,0,0,0,0,1,14550,6.33,14489,230,51,-3784,-817,23.0,1455.0,27,4,1,9,5,9,1,0,1,0,16377,6.94,17127,246,56,24.6,1637.7
0,27,5,1,8,7,8,1,1,0,2,16907,6.71,19145,215,53,2200,282,21.5,1690.7,24,2,0,7,8,7,1,0,0,1,16791,7.31,18378,233,40,23.3,1679.1
0,21,3,1,4,4,4,0,0,0,0,16537,6.14,21071,235,73,1441,1304,23.5,1653.7,18,2,0,4,4,2,0,0,0,0,17071,6.6,16940,224,45,22.4,1707.1
1,24,5,0,7,6,5,1,1,0,0,18415,7.2,16167,238,70,1384,381,23.8,1841.5,11,0,1,6,7,10,0,0,0,0,15318,6.81,16250,246,50,24.6,1531.8
1,25,1,0,4,5,6,1,1,0,0,16913,6.74,18719,253,50,1187,459,25.3,1691.3,16,3,1,5,4,9,0,0,0,1,16630,6.87,16553,241,69,24.1,1663.0
0,22,1,0,0,9,4,0,0,0,0,12530,7.1,16214,217,40,-1770,-3040,21.7,1253.0,13,5,1,9,0,11,1,1,0,1,16463,7.53,21583,256,53,25.6,1646.3
1,23,0,0,2,7,6,0,0,0,1,15925,6.49,15518,184,55,-1288,-2079,18.4,1592.5,29,4,1,7,2,6,0,0,0,0,17572,6.86,17726,217,66,21.7,1757.2
0,22,2,0,7,6,7,1,1,0,1,15731,6.79,18246,242,57,1060,-875,24.2,1573.1,13,2,1,6,7,5,1,0,0,1,17488,7.19,19238,216,59,21.6,1748.8
0,29,2,0,11,4,0,0,1,1,0,16523,7.06,15652,211,44,-1256,-135,21.1,1652.3,21,0,1,4,11,6,0,1,0,2,15760,6.91,17306,228,65,22.8,1576.0
0,17,2,1,4,2,7,1,1,0,0,16530,7.79,17081,208,49,-1689,-1413,20.8,1653.0,20,2,0,2,4,8,1,0,0,1,16593,7.08,17662,219,55,21.9,1659.3
1,22,2,1,10,5,9,1,1,0,1,18758,6.95,19047,184,50,2311,2890,18.4,1875.8,16,0,0,5,10,2,1,0,0,0,13904,6.37,15942,179,45,17.9,1390.4
1,21,2,1,8,5,6,1,0,0,0,18307,6.94,17045,196,60,290,326,19.6,1830.7,20,4,0,5,8,3,0,0,0,1,12104,6.7,15117,237,45,23.7,1210.4
0,16,2,0,3,7,5,0,0,0,1,16597,6.71,16150,215,43,-1479,-1062,21.5,1659.7,16,4,1,7,3,10,2,1,1,1,17213,7.11,18212,249,65,24.9,1721.3
1,11,2,0,11,7,10,1,1,0,1,17504,6.96,16844,216,48,563,1181,21.6,1750.4,11,2,1,7,11,8,0,0,0,0,17844,6.87,16127,216,16,21.6,1784.4
0,28,1,1,12,11,5,0,0,0,1,17667,7.3,17721,207,59,1334,-439,20.7,1766.7,24,0,0,11,12,0,0,0,1,1,13579,6.43,14139,192,52,19.2,1357.9
0,13,0,1,3,4,8,0,0,0,1,17443,6.76,18185,216,65,-1725,-2394,21.6,1744.3,16,1,0,4,3,5,1,0,0,1,18318,7.29,16603,216,76,21.6,1831.8
0,23,2,0,12,4,11,1,2,0,0,18398,7.55,19647,230,44,1772,2206,23.0,1839.8,20,3,1,4,12,0,1,0,0,0,16909,6.05,17030,222,68,22.2,1690.9
0,13,0,1,4,8,7,0,1,0,0,11700,6.77,18146,211,51,-1009,547,21.1,1170.0,19,2,0,8,4,5,0,0,1,1,17657,6.58,21736,209,70,20.9,1765.7
0,20,0,0,1,6,0,0,0,0,0,13207,6.85,16975,162,41,-3053,-3003,16.2,1320.7,25,6,1,6,1,10,1,0,0,1,18391,7.14,20582,230,62,23.0,1839.1
1,17,2,0,7,2,12,0,0,0,2,17074,7.0,20020,214,53,-640,365,21.4,1707.4,19,2,1,2,7,6,2,0,1,0,13636,6.53,16986,228,46,22.8,1363.6
1,15,2,0,8,8,7,0,1,0,1,17642,7.15,15589,197,61,691,680,19.7,1764.2,21,0,1,8,8,8,0,1,0,0,16779,6.99,17557,235,52,23.5,1677.9
0,21,1,1,5,6,6,0,1,0,0,17775,6.92,17590,224,47,312,-688,22.4,1777.5,22,2,0,6,5,7,1,0,0,1,19103,7.69,19471,221,55,22.1,1910.3
0,16,5,0,8,5,6,0,0,0,0,14431,6.87,16172,206,51,547,-158,20.6,1443.1,16,3,1,5,8,6,1,0,0,1,16226,7.07,17381,202,54,20.2,1622.6
0,16,0,1,5,4,6,0,0,0,0,14584,6.46,15656,195,49,-1917,-546,19.5,1458.4,24,2,0,4,5,6,0,0,0,0,18777,7.24,20118,250,38,25.0,1877.7
1,22,4,0,10,5,10,1,1,1,0,17706,7.35,16677,268,66,1410,-168,26.8,1770.6,24,3,1,5,10,7,1,0,0,1,14489,6.47,16389,233,67,23.3,1448.9
1,24,2,1,7,3,6,1,0,0,1,16011,6.52,20219,203,46,-652,-385,20.3,1601.1,18,4,0,3,7,7,1,1,0,1,16828,7.23,18398,213,61,21.3,1682.8
0,16,1,0,10,3,3,1,0,0,1,16752,7.17,15263,232,61,-154,304,23.2,1675.2,21,2,1,3,10,8,1,0,0,1,15501,6.43,15572,215,43,21.5,1550.1
1,16,3,1,5,3,9,1,0,0,1,16696,7.2,18184,186,63,-1210,742,18.6,1669.6,16,2,0,3,5,8,1,0,0,0,15607,6.76,15039,231,29,23.1,1560.7
1,18,1,0,3,8,2,1,1,0,0,15346,7.38,18221,209,53,-1855,-1394,20.9,1534.6,26,4,1,8,3,6,1,1,1,1,14718,6.99,18385,226,75,22.6,1471.8
1,21,0,1,4,6,2,0,0,1,0,17237,6.97,16243,220,37,-1536,-1295,22.0,1723.7,22,2,0,6,4,9,1,0,0,0,19044,6.57,18390,200,64,20.0,1904.4
0,23,4,1,0,9,1,0,0,0,0,13075,5.69,11148,176,44,-3650,-3791,17.6,1307.5,24,4,0,9,0,9,1,0,0,2,21978,7.96,22472,265,61,26.5,2197.8
1,16,0,0,5,7,6,0,0,1,1,16834,6.71,21132,224,62,3078,2209,22.4,1683.4,8,3,1,7,5,9,1,0,0,0,15164,6.69,15892,215,43,21.5,1516.4
0,16,1,1,4,9,5,1,0,0,0,15180,6.59,18520,205,41,-3263,-2193,20.5,1518.0,24,1,0,9,4,9,1,0,0,1,20632,7.07,19049,234,65,23.4,2063.2
0,26,2,1,8,6,8,1,0,0,0,16799,6.79,16314,231,64,1393,-1463,23.1,1679.9,23,4,0,6,8,10,0,0,0,2,15940,6.33,17941,231,48,23.1,1594.0
1,31,4,1,7,6,6,0,1,0,0,19953,7.12,19409,237,60,1110,-1294,23.7,1995.3,26,2,0,6,7,2,1,0,0,0,14995,6.51,17044,221,61,22.1,1499.5
1,16,2,0,10,2,8,0,0,0,1,16973,6.61,18728,236,60,556,617,23.6,1697.3,11,1,1,2,10,5,1,0,0,1,15586,7.06,17319,213,56,21.3,1558.6
0,14,5,0,1,9,2,0,1,0,0,15546,5.97,14144,208,48,-1364,-810,20.8,1554.6,12,6,1,9,1,6,0,0,0,1,17911,7.13,18420,251,80,25.1,1791.1
0,22,3,0,5,7,8,1,0,0,0,15680,6.55,18781,204,59,-87,551,20.4,1568.0,24,3,1,7,5,8,1,0,0,1,17017,7.46,16922,200,80,20.0,1701.7
1,20,0,0,7,0,11,2,1,0,1,18404,8.07,19003,212,57,3311,2902,21.2,1840.4,24,0,1,0,7,2,0,0,0,0,16112,6.15,15996,217,52,21.7,1611.2
1,20,1,0,10,4,11,0,1,1,0,17726,7.71,19838,282,60,2380,5058,28.2,1772.6,19,2,1,4,10,1,0,0,0,0,14514,7.69,16112,254,47,25.4,1451.4
1,23,3,1,9,4,7,1,1,0,1,18213,6.95,19715,239,65,1509,929,23.9,1821.3,12,1,0,4,9,8,1,0,0,0,16012,6.42,16701,200,63,20.0,1601.2
1,28,0,1,10,6,7,1,1,0,1,15419,7.05,18628,202,67,-472,1410,20.2,1541.9,12,1,0,6,10,2,0,0,0,0,15364,6.99,18031,195,63,19.5,1536.4
0,11,2,0,1,12,5,0,0,1,0,15137,6.3,16943,242,48,-1123,-1792,24.2,1513.7,20,3,1,12,1,9,1,1,0,0,17050,6.47,17757,253,84,25.3,1705.0
1,29,2,0,8,5,9,0,0,0,0,18886,7.38,16926,203,51,3023,974,20.3,1888.6,27,0,1,5,8,7,0,0,1,2,16176,6.57,17112,218,54,21.8,1617.6
1,17,0,1,9,4,7,0,1,0,0,17051,6.49,13738,217,55,-781,161,21.7,1705.1,19,2,0,4,9,3,1,0,0,1,18089,7.09,18938,202,60,20.2,1808.9
1,23,1,0,5,5,7,1,0,1,1,17131,6.9,17259,220,65,1340,1859,22.0,1713.1,26,0,1,5,5,7,0,0,0,0,15644,7.19,18935,197,71,19.7,1564.4
0,27,3,1,2,7,2,0,0,0,0,17965,6.47,17828,227,55,-1649,-516,22.7,1796.5,13,2,0,7,2,5,1,1,0,0,18801,6.78,17868,233,58,23.3,1880.1
0,21,0,1,2,4,7,1,1,0,0,15351,6.77,15691,215,68,-1847,-1853,21.5,1535.1,25,0,0,4,2,7,2,0,1,0,19940,7.34,19693,229,58,22.9,1994.0
1,19,4,1,8,1,7,0,1,1,2,18646,7.04,17564,214,65,26,195,21.4,1864.6,17,3,0,1,8,6,0,0,0,0,16548,7.13,18288,213,53,21.3,1654.8
0,24,4,0,5,5,4,2,0,0,1,16030,6.95,18186,240,66,413,812,24.0,1603.0,25,0,1,5,5,6,0,0,0,1,17126,6.89,20721,199,41,19.9,1712.6
1,20,2,1,8,7,9,0,1,1,1,17805,7.37,18012,206,62,1818,-456,20.6,1780.5,22,3,0,7,8,4,0,0,0,0,17187,6.46,18162,219,45,21.9,1718.7
0,21,0,1,4,9,5,0,0,0,1,14758,6.41,18480,198,54,-364,-806,19.8,1475.8,20,2,0,9,4,10,0,0,0,2,15841,6.59,18515,226,56,22.6,1584.1
0,16,2,0,7,10,3,0,0,0,0,15009,5.69,15038,195,30,-2168,-794,19.5,1500.9,29,2,1,10,7,8,0,1,1,1,17959,7.85,17967,239,57,23.9,1795.9
1,28,2,0,11,6,10,1,1,0,2,20298,7.37,19439,236,66,3375,3123,23.6,2029.8,22,1,1,6,11,3,0,0,0,0,14326,6.59,14491,219,54,21.9,1432.6
1,18,1,1,10,1,13,2,0,1,0,19409,8.09,21056,206,74,2917,2843,20.6,1940.9,17,0,0,1,10,0,0,0,0,0,11821,6.24,14289,194,37,19.4,1182.1
1,16,5,1,6,5,11,0,0,0,0,18909,6.66,18288,230,50,3477,688,23.0,1890.9,20,2,0,5,6,6,0,0,0,1,17212,7.15,17275,218,67,21.8,1721.2
0,10,0,0,5,9,3,0,0,0,1,14489,6.77,13797,195,42,-3976,-480,19.5,1448.9,19,3,1,9,5,11,2,0,0,1,16744,7.55,16768,229,78,22.9,1674.4
0,18,0,0,2,6,4,0,0,1,0,14590,6.55,18392,254,51,-41,-1061,25.4,1459.0,16,4,1,6,2,7,1,0,0,1,13689,6.86,19786,252,66,25.2,1368.9
1,13,3,1,10,2,9,1,0,0,1,19003,6.75,19488,192,43,-27,333,19.2,1900.3,16,3,0,2,10,8,1,0,0,1,15112,6.36,18271,216,50,21.6,1511.2
1,19,3,1,8,1,5,1,1,1,0,17531,6.96,18091,222,74,2448,2233,22.2,1753.1,11,2,0,1,8,0,0,0,0,0,18116,6.71,14085,193,68,19.3,1811.6
0,12,4,0,5,8,6,0,0,0,0,12517,6.77,16640,173,29,-1008,-986,17.3,1251.7,23,2,1,8,5,12,1,0,0,0,15386,6.94,17645,225,51,22.5,1538.6
0,27,1,1,5,8,2,0,0,1,1,14262,7.34,16845,223,41,1321,-1333,22.3,1426.2,25,5,0,8,5,7,0,0,1,1,20804,7.64,17282,227,46,22.7,2080.4
1,15,2,1,5,2,3,1,0,0,1,17496,7.37,18889,240,60,306,46,24.0,1749.6,15,4,0,2,5,2,1,0,0,0,16913,6.39,18354,245,45,24.5,1691.3
1,15,3,1,6,2,12,2,0,0,1,16613,7.42,20575,257,76,982,1420,25.7,1661.3,19,1,0,2,6,7,0,0,0,0,14268,7.03,15688,223,51,22.3,1426.8
0,21,2,0,9,9,0,1,1,0,1,15672,6.86,14941,237,61,-1544,536,23.7,1567.2,19,2,1,9,9,11,1,0,0,0,16022,7.64,17091,237,65,23.7,1602.2
0,25,2,0,2,9,6,0,0,0,0,13898,6.28,17804,190,56,-3223,-2348,19.0,1389.8,22,0,1,9,2,9,1,0,0,0,18657,7.49,20995,288,59,28.8,1865.7
0,21,3,1,14,4,11,1,1,1,0,18881,7.38,20461,229,60,468,1489,22.9,1888.1,18,2,0,4,14,4,1,0,0,1,15416,6.2,18337,188,66,18.8,1541.6
1,22,3,1,9,3,9,1,1,0,1,18823,7.65,17707,214,59,3397,754,21.4,1882.3,21,2,0,3,9,0,0,0,0,0,17141,5.81,18112,174,63,17.4,1714.1
0,26,1,1,4,10,7,1,1,0,0,17135,6.73,14268,246,45,-1030,-54,24.6,1713.5,9,2,0,10,4,8,1,0,0,0,16226,6.8,18774,197,67,19.7,1622.6
1,25,3,0,3,6,3,2,2,0,1,17657,6.85,18085,222,60,-529,1808,22.2,1765.7,22,0,1,6,3,10,0,0,0,0,16983,7.23,16773,245,22,24.5,1698.3
0,21,1,0,8,8,4,1,0,0,0,15419,6.93,17324,243,67,-1437,-1465,24.3,1541.9,16,2,1,8,8,5,0,0,0,1,17775,7.38,19079,208,61,20.8,1777.5
0,15,3,1,4,8,5,0,0,0,0,14222,6.33,15095,208,36,135,-263,20.8,1422.2,19,5,0,8,4,3,1,1,0,0,16683,7.28,17884,233,62,23.3,1668.3
1,24,5,0,10,5,9,0,1,1,2,16529,7.24,17689,241,64,1155,2411,24.1,1652.9,11,2,1,5,10,7,0,0,0,0,14543,7.03,17008,177,47,17.7,1454.3
0,14,1,1,12,9,8,1,0,0,1,17509,6.3,18863,213,59,1220,1199,21.3,1750.9,18,1,0,9,12,4,0,1,0,0,16788,6.71,15629,211,53,21.1,1678.8
0,18,6,1,9,4,8,0,0,0,0,16676,7.38,18125,231,79,1580,2776,23.1,1667.6,28,1,0,4,9,1,0,0,1,0,16651,6.29,15481,188,66,18.8,1665.1
1,30,2,1,10,3,9,1,0,0,1,19627,7.32,18492,254,71,1656,1421,25.4,1962.7,12,1,0,3,10,5,0,0,0,0,16086,6.97,13581,193,50,19.3,1608.6
0,24,0,0,6,8,1,0,1,0,1,14773,6.68,17103,201,50,-1854,-1679,20.1,1477.3,15,3,1,8,6,9,2,1,0,1,19489,7.27,20567,235,59,23.5,1948.9
0,21,3,0,7,9,6,0,0,0,0,16388,6.95,16875,201,63,-913,-469,20.1,1638.8,24,2,1,9,7,8,0,0,1,1,18014,6.85,17681,197,54,19.7,1801.4
1,11,3,1,4,9,3,1,0,1,1,18697,6.77,20299,218,52,789,-795,21.8,1869.7,22,4,0,9,4,7,1,0,0,0,15393,7.23,15269,169,63,16.9,1539.3
0,13,2,1,8,6,4,0,0,0,0,18217,7.1,19708,204,66,-241,-1187,20.4,1821.7,25,3,0,6,8,5,2,0,0,1,17306,7.36,17756,214,52,21.4,1730.6
1,18,4,0,8,5,11,1,0,0,0,17421,7.51,18858,238,43,831,1343,23.8,1742.1,22,1,1,5,8,5,0,0,0,1,16911,6.84,18334,263,35,26.3,1691.1
1,19,2,1,9,7,2,1,0,0,1,17023,7.12,17097,256,48,-642,567,25.6,1702.3,23,1,0,7,9,5,2,0,1,0,16217,7.3,17889,228,67,22.8,1621.7
1,12,5,1,5,5,4,0,0,0,0,13090,6.92,16297,171,49,-1842,-1940,17.1,1309.0,24,1,0,5,5,8,1,0,0,1,19678,7.68,18666,191,64,19.1,1967.8
0,19,2,0,9,8,8,1,1,0,0,15312,8.03,16696,194,74,2511,-636,19.4,1531.2,15,3,1,8,9,12,0,0,0,0,13824,7.49,18447,196,54,19.6,1382.4
0,29,1,0,6,9,8,1,0,0,0,16864,7.5,18293,222,44,-919,-453,22.2,1686.4,13,2,1,9,6,3,0,1,0,2,16311,7.31,16980,238,52,23.8,1631.1
0,24,2,1,5,6,9,1,0,1,2,18728,6.92,17561,242,68,1541,1749,24.2,1872.8,14,4,0,6,5,2,0,0,0,0,15267,7.1,17600,194,53,19.4,1526.7
1,22,3,1,8,4,5,1,1,0,1,16353,7.06,18321,197,60,873,2446,19.7,1635.3,11,0,0,4,8,6,0,0,0,0,15717,6.46,16270,195,57,19.5,1571.7
0,16,3,0,9,2,10,0,1,0,1,16114,6.42,17185,247,46,34,14,24.7,1611.4,15,4,1,2,9,3,1,1,0,1,15284,6.63,17937,184,58,18.4,1528.4
1,12,2,1,5,7,4,1,2,1,0,15994,7.23,16882,242,54,1223,-74,24.2,1599.4,16,3,0,7,5,5,0,0,0,0,16025,7.0,18886,219,63,21.9,1602.5
0,13,1,0,5,4,7,1,1,0,1,17188,6.66,16623,247,59,-1138,-445,24.7,1718.8,31,1,1,4,5,8,0,1,1,0,18458,7.05,18950,225,27,22.5,1845.8
1,10,3,0,0,5,5,0,1,0,0,15638,7.34,15966,219,45,-1342,-216,21.9,1563.8,27,3,1,5,0,11,0,1,0,0,17702,7.55,19637,242,68,24.2,1770.2
0,21,5,0,6,6,5,0,0,0,0,17299,7.21,18339,249,60,-520,-500,24.9,1729.9,17,3,1,6,6,4,0,0,0,0,16354,6.86,18476,214,63,21.4,1635.4
0,21,2,1,3,8,4,0,0,1,1,16386,6.65,17593,233,55,-1719,909,23.3,1638.6,30,4,0,8,3,9,0,1,1,0,16432,6.96,17821,228,54,22.8,1643.2
1,19,6,0,11,2,14,2,1,0,2,19516,7.35,19745,271,66,2683,4643,27.1,1951.6,14,5,1,2,11,7,1,0,0,0,13857,6.28,13908,197,39,19.7,1385.7
1,23,4,0,10,3,6,0,0,0,2,18366,7.62,19559,226,72,1976,2693,22.6,1836.6,13,3,1,3,10,3,0,1,0,0,15525,6.68,14699,226,52,22.6,1552.5
1,29,6,0,7,4,3,0,0,0,1,17808,7.34,18974,243,39,1216,159,24.3,1780.8,28,3,1,4,7,2,0,0,0,0,15352,6.76,17353,195,69,19.5,1535.2
1,31,3,1,10,3,5,0,1,1,1,17432,6.75,16895,215,39,903,852,21.5,1743.2,29,2,0,3,10,4,1,0,0,1,17946,7.02,14807,192,48,19.2,1794.6
0,24,2,0,6,5,7,0,1,1,0,14146,7.37,17522,218,40,1271,415,21.8,1414.6,26,4,1,5,6,6,1,0,0,0,16219,7.25,18476,236,49,23.6,1621.9
0,17,3,0,4,5,7,1,1,0,0,15444,5.81,15537,147,46,-2899,-3684,14.7,1544.4,25,2,1,5,4,11,0,0,0,0,16870,7.38,20493,274,68,27.4,1687.0
1,23,1,1,6,8,6,0,0,1,0,16433,6.36,16274,211,48,-2251,2200,21.1,1643.3,25,3,0,8,6,7,0,1,0,2,17689,6.69,16136,233,58,23.3,1768.9
0,27,3,1,5,12,2,1,0,0,1,16721,6.91,18828,226,59,-1184,1139,22.6,1672.1,20,2,0,12,5,2,0,0,1,2,16754,6.98,17248,207,67,20.7,1675.4
0,10,4,1,9,6,7,0,1,0,0,15624,6.82,20259,224,55,-19,1753,22.4,1562.4,27,2,0,6,9,10,0,1,1,0,16303,6.66,16135,232,45,23.2,1630.3
0,28,3,1,5,8,9,2,0,0,1,16763,7.12,19640,236,50,-258,2085,23.6,1676.3,30,1,0,8,5,4,1,1,0,0,17693,7.08,15382,219,66,21.9,1769.3
1,19,2,0,9,3,9,1,1,0,1,17629,6.73,19808,246,68,1982,1344,24.6,1762.9,25,1,1,3,9,4,1,0,0,0,15167,6.9,16358,222,70,22.2,1516.7
0,16,2,1,7,5,6,0,0,0,0,12802,6.47,17042,197,53,-2991,-992,19.7,1280.2,27,3,0,5,7,9,0,0,0,1,16777,7.16,17984,261,65,26.1,1677.7
0,17,3,1,2,12,0,0,0,0,0,15497,6.35,16924,243,42,-2316,-1390,24.3,1549.7,13,3,0,12,2,7,0,0,1,0,17367,6.18,17108,217,44,21.7,1736.7
1,25,4,0,6,1,6,1,1,0,1,18335,6.86,19853,204,60,1535,1567,20.4,1833.5,21,1,1,1,6,3,1,1,0,0,13014,6.83,15665,215,35,21.5,1301.4
1,16,4,1,5,6,7,0,0,1,2,18085,7.06,19110,236,60,712,2230,23.6,1808.5,15,2,0,6,5,5,0,0,0,0,16229,6.9,16456,199,31,19.9,1622.9
0,18,2,0,9,7,8,0,0,0,1,15601,6.43,18494,160,78,-1426,-1082,16.0,1560.1,13,3,1,7,9,8,1,1,0,0,17090,7.39,17346,242,48,24.2,1709.0
1,22,1,0,4,9,4,0,0,0,1,16028,6.71,17026,247,58,-257,-27,24.7,1602.8,19,1,1,9,4,6,1,1,0,1,15572,7.15,18217,257,52,25.7,1557.2
1,21,1,1,3,6,6,0,0,1,0,16299,6.72,17541,205,42,28,338,20.5,1629.9,15,3,0,6,3,6,0,2,1,1,13376,6.81,17160,230,71,23.0,1337.6
1,22,3,1,7,3,6,2,1,0,2,14420,6.9,18998,254,66,-83,989,25.4,1442.0,23,2,0,3,7,5,1,1,1,1,16385,6.64,18275,207,46,20.7,1638.5
0,19,3,1,1,3,4,1,0,0,0,16337,6.42,17316,188,66,796,-414,18.8,1633.7,27,4,0,3,1,6,0,1,0,0,17780,7.24,18123,241,54,24.1,1778.0
1,29,4,1,9,6,9,2,0,1,1,20179,7.68,20150,287,81,4427,5178,28.7,2017.9,12,0,0,6,9,3,0,0,0,0,13289,6.61,15124,155,51,15.5,1328.9
0,26,1,1,10,6,6,1,0,1,2,15082,6.72,17042,219,40,-893,1411,21.9,1508.2,21,2,0,6,10,6,0,1,1,1,18059,7.11,19603,220,61,22.0,1805.9
0,26,2,0,5,9,6,1,0,0,1,17230,7.17,17895,218,54,1610,2195,21.8,1723.0,11,3,1,9,5,6,1,0,0,0,14953,6.89,17128,238,51,23.8,1495.3
0,19,0,0,2,9,5,1,0,0,0,13235,6.42,16594,193,31,-3441,-2342,19.3,1323.5,28,3,1,9,2,8,1,1,1,0,16243,6.75,17473,259,58,25.9,1624.3
0,24,0,0,6,9,4,1,0,0,0,14770,6.89,19378,242,63,-2900,-1365,24.2,1477.0,29,3,1,9,6,10,1,0,0,1,18143,6.69,16541,193,50,19.3,1814.3
1,27,3,0,9,0,11,1,0,0,1,18865,7.28,18142,202,55,1509,1702,20.2,1886.5,15,0,1,0,9,0,0,0,1,0,15923,6.71,13898,170,49,17.0,1592.3
0,34,4,1,6,5,6,1,0,1,0,15473,7.61,16152,238,33,-317,-372,23.8,1547.3,20,3,0,5,6,6,1,1,0,0,16738,6.16,16711,211,58,21.1,1673.8
0,17,0,0,0,21,0,0,0,0,0,9688,5.28,11083,187,41,-7940,-7240,18.7,968.8,25,4,1,21,0,15,3,1,1,2,19552,7.94,20970,245,87,24.5,1955.2
1,21,5,0,11,3,9,1,0,1,2,15399,7.67,18499,227,67,1636,2038,22.7,1539.9,15,3,1,3,11,7,0,1,0,0,15495,6.08,16008,220,61,22.0,1549.5
1,19,3,1,8,0,10,2,1,1,1,18561,7.81,19489,235,57,2549,3145,23.5,1856.1,17,1,0,0,8,3,0,0,0,0,15719,5.69,17930,223,42,22.3,1571.9
0,15,1,0,1,12,1,0,0,0,0,11266,6.28,15440,194,46,-3708,-1858,19.4,1126.6,20,3,1,12,1,10,2,1,0,0,19464,7.72,17659,244,61,24.4,1946.4
1,21,1,1,9,3,9,1,1,0,3,18718,7.55,19329,230,68,3614,2150,23.0,1871.8,19,1,0,3,9,3,0,1,0,0,14759,6.49,14569,197,34,19.7,1475.9
0,17,0,0,1,16,3,0,0,0,0,13845,6.97,15151,165,31,-5675,-4253,16.5,1384.5,28,5,1,16,1,13,2,0,0,1,20351,7.74,22401,242,86,24.2,2035.1
1,18,1,0,8,3,9,0,0,0,1,17453,6.64,19243,243,78,1828,1475,24.3,1745.3,16,3,1,3,8,5,0,0,0,0,15642,6.75,18204,184,55,18.4,1564.2
0,26,0,0,6,6,1,0,0,1,2,16619,6.98,14245,234,63,-88,939,23.4,1661.9,28,1,1,6,6,3,1,0,0,0,16851,7.18,16090,215,57,21.5,1685.1
0,8,0,0,0,12,0,0,1,0,0,12178,5.92,13000,188,32,-4197,-2368,18.8,1217.8,27,3,1,12,0,9,2,0,1,0,18854,7.75,18788,253,61,25.3,1885.4
1,13,2,1,4,3,5,1,1,0,2,16328,7.14,17702,219,49,1066,1757,21.9,1632.8,23,2,0,3,4,8,0,0,0,0,14827,6.74,17176,206,49,20.6,1482.7
1,22,1,0,9,1,10,1,0,0,0,18648,7.53,17020,243,60,2433,112,24.3,1864.8,34,3,1,1,9,5,0,0,1,0,14680,7.12,18994,231,60,23.1,1468.0
0,17,1,1,6,2,2,1,1,0,1,15916,6.64,18567,227,51,541,2517,22.7,1591.6,26,1,0,2,6,5,0,1,0,0,16203,6.98,16294,211,48,21.1,1620.3
1,15,3,1,7,0,8,0,0,1,1,16155,6.85,19410,209,60,92,1536,20.9,1615.5,28,3,0,0,7,5,0,0,0,0,16011,6.58,17867,205,76,20.5,1601.1
0,16,0,1,5,7,7,0,0,0,1,13385,6.78,17295,174,44,-790,-2048,17.4,1338.5,18,2,0,7,5,2,0,1,0,1,17911,7.19,20093,205,68,20.5,1791.1
0,12,1,1,7,7,4,0,0,1,0,12556,6.76,14764,194,50,-3234,-3018,19.4,1255.6,15,5,0,7,7,11,1,1,0,2,22551,7.93,20935,223,70,22.3,2255.1
1,21,4,1,6,3,7,1,0,0,0,16702,7.45,18159,218,59,533,2752,21.8,1670.2,12,0,0,3,6,7,1,0,0,1,14467,7.25,17115,231,58,23.1,1446.7
1,20,4,1,13,4,5,2,0,1,1,16952,7.52,18813,216,58,2845,2561,21.6,1695.2,20,0,0,4,13,5,0,0,1,0,15590,5.9,15917,230,36,23.0,1559.0
1,20,3,0,11,1,8,1,1,0,1,17864,7.3,18848,255,71,1977,1458,25.5,1786.4,17,2,1,1,11,7,0,0,0,0,13011,6.88,13406,189,45,18.9,1301.1
0,16,1,0,3,12,6,1,0,0,0,13974,6.42,13489,168,41,-2913,-4456,16.8,1397.4,26,3,1,12,3,15,1,1,0,2,18378,7.67,19636,218,78,21.8,1837.8
0,22,0,0,1,6,1,0,1,0,0,13343,6.86,14928,186,57,-643,-833,18.6,1334.3,15,2,1,6,1,7,1,0,0,0,18039,8.07,19407,229,69,22.9,1803.9
0,26,1,0,4,6,10,1,0,0,1,15232,6.89,15441,228,41,-1485,-960,22.8,1523.2,25,1,1,6,4,12,0,1,0,1,17201,7.06,18596,245,70,24.5,1720.1
0,18,4,0,2,13,5,0,1,0,0,13583,6.78,14486,218,59,-2387,-2290,21.8,1358.3,17,3,1,13,2,10,1,0,0,1,17783,7.32,18048,209,55,20.9,1778.3
1,21,2,0,11,5,6,1,1,0,1,18235,7.0,20375,183,55,615,-218,18.3,1823.5,16,2,1,5,11,5,0,0,0,0,17573,6.68,16453,206,67,20.6,1757.3
0,20,2,0,8,8,7,1,1,0,1,14964,6.57,17639,223,59,900,1751,22.3,1496.4,21,0,1,8,8,10,0,1,0,1,13930,7.23,19564,222,52,22.2,1393.0
0,20,2,1,2,14,4,0,0,1,0,15407,6.15,16166,188,57,-3853,-2030,18.8,1540.7,19,2,0,14,2,15,1,1,1,2,18394,7.4,17982,237,63,23.7,1839.4
1,24,2,0,12,3,6,1,0,1,1,17912,7.28,18375,266,40,349,159,26.6,1791.2,18,0,1,3,12,8,1,0,0,0,13743,6.65,15459,212,55,21.2,1374.3
1,28,3,1,7,3,6,1,0,0,0,15990,6.9,16859,263,71,734,1327,26.3,1599.0,14,4,0,3,7,5,0,0,0,1,14584,6.6,17611,179,61,17.9,1458.4
0,9,1,1,6,2,10,0,1,0,1,15575,6.94,17121,200,73,-1863,-246,20.0,1557.5,25,3,0,2,6,7,1,0,0,0,17096,6.42,16837,247,56,24.7,1709.6
0,18,1,1,7,7,9,1,1,1,1,16438,6.71,15489,205,36,-1061,-1870,20.5,1643.8,27,2,0,7,7,6,0,0,0,1,17137,7.07,17469,216,56,21.6,1713.7
0,18,3,0,2,11,1,0,0,0,0,15041,6.15,15254,198,50,-4701,-1772,19.8,1504.1,26,4,1,11,2,13,1,0,0,1,21443,7.18,18265,254,57,25.4,2144.3
0,19,0,1,5,8,3,0,1,0,1,16261,7.07,17427,237,39,-40,-1239,23.7,1626.1,26,1,0,8,5,6,1,0,0,1,17778,7.0,18536,211,46,21.1,1777.8
0,15,3,1,8,9,2,0,0,0,0,14404,6.45,17252,232,55,-1830,-242,23.2,1440.4,4,0,0,9,8,9,1,0,1,0,17009,6.69,17504,222,52,22.2,1700.9
1,14,1,0,5,3,12,1,0,1,0,16760,7.15,16307,200,60,956,-1038,20.0,1676.0,21,2,1,3,5,7,0,0,1,0,16335,7.48,16945,169,61,16.9,1633.5
1,25,0,1,9,9,9,1,1,0,0,17842,6.87,18846,246,64,1834,952,24.6,1784.2,19,3,0,9,9,5,0,1,0,1,17497,6.0,19088,222,50,22.2,1749.7
1,17,1,1,6,5,10,2,0,0,0,19174,6.7,19711,216,52,1096,93,21.6,1917.4,20,0,0,5,6,6,1,0,0,1,16386,7.31,14860,248,49,24.8,1638.6
0,11,2,0,8,7,4,0,0,0,0,15089,6.7,14363,192,43,-1361,570,19.2,1508.9,25,0,1,7,8,8,2,0,0,1,16672,6.92,15924,201,51,20.1,1667.2
1,25,2,0,9,5,5,1,0,0,1,18880,7.03,16847,255,73,804,-667,25.5,1888.0,17,4,1,5,9,6,1,0,0,0,16122,6.85,16361,222,66,22.2,1612.2
1,24,4,0,9,2,6,1,1,0,0,18012,7.77,17425,258,38,2194,1233,25.8,1801.2,22,1,1,2,9,6,1,0,0,0,14834,6.19,16129,253,51,25.3,1483.4
1,19,3,0,6,4,0,1,0,0,0,14185,7.05,16510,196,53,-1543,1130,19.6,1418.5,11,4,1,4,6,8,0,0,0,1,17033,6.52,15836,234,49,23.4,1703.3
1,16,0,1,9,6,4,0,1,0,1,18801,7.37,17383,238,59,1573,-916,23.8,1880.1,23,1,0,6,9,8,0,0,1,0,15132,6.49,17721,172,45,17.2,1513.2
0,19,2,1,7,4,6,1,1,0,1,15233,7.11,16986,244,58,-319,250,24.4,1523.3,23,2,0,4,7,7,0,0,0,1,19672,7.33,20296,211,68,21.1,1967.2
1,25,3,0,0,7,5,0,0,0,2,16533,6.81,19027,233,69,-259,691,23.3,1653.3,26,2,1,7,0,6,1,0,0,1,16457,7.08,18314,234,62,23.4,1645.7
1,13,3,0,5,4,6,1,1,0,1,15957,6.89,17710,214,44,-444,754,21.4,1595.7,18,0,1,4,5,10,1,0,0,1,15402,7.07,17065,180,69,18.0,1540.2
1,11,2,1,5,6,7,2,1,0,1,17040,6.62,17401,193,49,-160,-93,19.3,1704.0,15,0,0,6,5,5,1,0,0,0,16949,6.87,16774,238,52,23.8,1694.9
0,18,0,1,7,1,5,1,1,0,0,17315,6.93,18315,215,53,1469,182,21.5,1731.5,27,0,0,1,7,7,0,0,0,0,15965,6.38,18180,201,70,20.1,1596.5
1,20,1,0,8,0,8,0,1,0,0,15752,7.28,17582,208,55,2222,316,20.8,1575.2,17,6,1,0,8,7,1,0,0,0,14915,7.41,16391,215,33,21.5,1491.5
0,17,4,0,9,9,7,0,1,0,1,14990,7.64,18232,161,60,-1229,-951,16.1,1499.0,26,2,1,9,9,7,0,1,0,1,20838,7.31,16925,218,50,21.8,2083.8
0,23,1,1,7,9,7,1,1,0,0,15179,6.71,16698,224,81,-2835,-1332,22.4,1517.9,19,3,0,9,7,10,0,1,0,2,16658,7.03,19305,208,58,20.8,1665.8
0,24,5,0,0,1,5,0,0,0,0,14848,6.85,17998,188,60,-216,-1820,18.8,1484.8,19,0,1,1,0,8,0,0,1,1,16203,7.13,19615,244,66,24.4,1620.3
0,18,0,0,3,11,1,0,1,0,1,12213,6.52,17610,193,57,-3817,-1901,19.3,1221.3,36,1,1,11,3,8,1,0,0,1,20002,7.67,19733,283,58,28.3,2000.2
1,24,5,0,10,6,4,0,1,0,1,15548,6.86,16778,241,67,1517,481,24.1,1554.8,23,0,1,6,10,3,0,1,0,0,17517,6.2,17298,237,61,23.7,1751.7
1,22,1,1,7,3,1,2,1,0,0,19202,6.27,19029,241,72,-605,-268,24.1,1920.2,19,2,0,3,7,8,0,0,0,0,17467,6.73,14992,209,46,20.9,1746.7
1,22,4,1,8,6,10,0,1,1,1,17145,7.61,18980,244,45,2161,1229,24.4,1714.5,26,0,0,6,8,3,1,0,0,0,14799,6.79,15746,200,84,20.0,1479.9
0,12,1,1,4,10,1,0,1,0,0,16015,6.96,17231,232,58,-1347,-28,23.2,1601.5,16,2,0,10,4,9,1,1,1,0,17162,7.27,18251,175,46,17.5,1716.2
1,19,3,1,12,4,9,2,1,0,1,18396,7.59,19707,260,51,4030,3193,26.0,1839.6,20,1,0,4,12,1,1,0,0,0,13331,6.23,14010,220,37,22.0,1333.1
0,12,3,1,4,11,6,0,0,0,2,17287,6.63,18138,237,73,-350,-1813,23.7,1728.7,23,1,0,11,4,6,1,1,1,1,15716,6.76,17087,247,64,24.7,1571.6
1,18,1,1,5,10,2,0,1,1,0,16231,6.92,14378,205,53,-942,-834,20.5,1623.1,27,3,0,10,5,9,1,1,1,2,17561,6.58,16819,220,49,22.0,1756.1
0,19,3,1,5,6,4,0,0,0,2,14420,6.26,16014,203,51,-1083,-2609,20.3,1442.0,16,4,0,6,5,7,0,0,0,2,19397,6.95,16790,235,65,23.5,1939.7
0,9,1,0,2,10,3,0,0,0,0,13020,6.58,13629,165,49,-2673,-1102,16.5,1302.0,28,2,1,10,2,11,1,1,1,1,20776,7.49,21070,239,64,23.9,2077.6
1,23,3,1,10,3,8,0,1,0,0,17209,6.93,17027,234,47,1722,2185,23.4,1720.9,13,2,0,3,10,4,0,0,0,1,12788,6.2,17603,226,38,22.6,1278.8
1,18,0,1,9,6,10,1,1,0,1,17399,6.91,20653,204,40,3719,2530,20.4,1739.9,20,2,0,6,9,5,0,0,0,1,15367,6.52,14071,181,52,18.1,1536.7
1,16,2,1,10,4,6,2,1,0,1,17959,7.04,16448,208,55,1085,-979,20.8,1795.9,8,0,0,4,10,2,1,0,0,0,15111,7.07,17748,206,55,20.6,1511.1
0,15,3,1,6,7,4,1,0,0,0,14716,6.57,18352,240,43,-1153,-1379,24.0,1471.6,24,3,0,7,6,6,0,0,0,0,17630,7.49,19513,241,63,24.1,1763.0
1,18,4,1,12,0,7,2,1,0,0,17987,7.92,20459,221,63,2959,1525,22.1,1798.7,26,2,0,0,12,4,0,0,0,0,12898,6.66,15101,194,20,19.4,1289.8
0,22,3,0,4,9,5,0,0,0,1,15135,6.22,17221,223,48,149,-1502,22.3,1513.5,16,1,1,9,4,5,0,0,0,1,17398,6.68,17358,243,56,24.3,1739.8
1,19,2,0,4,7,5,1,0,0,0,17589,7.02,16117,181,57,-270,-126,18.1,1758.9,25,2,1,7,4,8,1,0,0,1,15273,7.13,14515,187,47,18.7,1527.3
1,27,5,0,9,1,7,1,0,1,2,17876,7.64,20505,267,68,3026,2534,26.7,1787.6,18,1,1,1,9,4,0,0,0,0,16199,6.9,13973,174,48,17.4,1619.9
1,19,3,1,9,6,8,0,0,0,1,18014,6.83,19745,257,64,408,1325,25.7,1801.4,19,0,0,6,9,6,1,0,1,0,14878,6.87,15860,181,68,18.1,1487.8
1,22,2,1,12,0,4,0,1,0,3,19925,7.35,20434,215,65,4804,3037,21.5,1992.5,21,0,0,0,12,1,0,0,0,0,14821,6.0,15037,198,26,19.8,1482.1
1,30,3,1,5,3,9,0,0,0,1,16952,7.22,19861,246,64,683,-227,24.6,1695.2,16,1,0,3,5,5,1,0,0,0,16470,7.1,18053,213,38,21.3,1647.0
0,11,3,1,7,10,2,0,0,0,1,15260,6.48,16862,201,43,-2150,-168,20.1,1526.0,21,2,0,10,7,10,0,0,0,1,15388,7.48,18369,240,67,24.0,1538.8
0,25,3,0,3,3,7,0,0,0,1,17162,6.76,16255,190,68,-1748,-782,19.0,1716.2,21,1,1,3,3,3,1,0,0,0,19169,7.53,19636,253,63,25.3,1916.9
0,25,0,0,3,10,4,0,0,0,0,14451,6.39,15367,190,46,-2994,-594,19.0,1445.1,22,4,1,10,3,7,1,0,1,2,19705,7.64,21967,274,73,27.4,1970.5
0,23,2,0,6,6,8,1,0,1,0,15872,6.96,19309,214,47,219,-478,21.4,1587.2,20,3,1,6,6,9,0,0,0,1,19163,6.45,18641,213,64,21.3,1916.3
1,21,5,1,8,0,5,0,0,1,0,17194,7.24,17934,261,64,2756,2088,26.1,1719.4,14,2,0,0,8,3,1,1,0,0,13801,6.25,17080,211,35,21.1,1380.1
1,28,3,0,6,5,7,2,0,0,0,16342,7.02,19674,221,49,158,2087,22.1,1634.2,13,5,1,5,6,6,0,0,0,0,15588,6.94,16816,191,42,19.1,1558.8
1,18,0,0,6,4,7,1,1,0,0,17940,6.89,18244,230,45,154,-234,23.0,1794.0,23,2,1,4,6,4,1,1,0,0,16688,6.68,17485,209,52,20.9,1668.8
0,14,1,0,4,12,5,0,0,0,0,16015,6.5,17022,212,52,-2640,-2540,21.2,1601.5,23,1,1,12,4,2,2,0,0,1,17555,7.33,21068,247,55,24.7,1755.5
0,19,1,1,4,8,9,0,0,1,2,19009,7.24,17504,209,48,192,-1188,20.9,1900.9,17,0,0,8,4,3,0,0,0,1,17225,6.45,18644,202,67,20.2,1722.5
1,19,1,1,10,4,10,1,1,0,0,18206,7.23,18037,211,76,1125,2105,21.1,1820.6,23,3,0,4,10,6,0,0,0,1,14967,6.24,17508,172,57,17.2,1496.7
1,16,0,1,9,0,8,0,1,0,0,17742,7.05,18506,243,49,1142,1086,24.3,1774.2,16,1,0,0,9,3,1,0,0,0,14841,6.29,13540,190,34,19.0,1484.1
0,26,5,1,8,4,8,1,1,0,0,13985,7.48,16894,270,63,1288,391,27.0,1398.5,17,1,0,4,8,7,1,0,0,0,15105,6.12,16485,233,58,23.3,1510.5
0,15,0,1,5,6,6,1,0,0,0,16055,6.99,16699,204,42,8,-1937,20.4,1605.5,25,2,0,6,5,7,1,0,0,1,18093,7.1,17769,205,53,20.5,1809.3
1,22,1,1,7,7,8,0,2,0,0,18819,6.94,18351,211,69,1784,1293,21.1,1881.9,17,1,0,7,7,3,0,1,0,1,14306,6.78,13385,238,39,23.8,1430.6
0,7,0,0,0,13,3,0,0,0,0,13827,6.88,14184,180,44,-6051,-3892,18.0,1382.7,33,4,1,13,0,14,1,1,0,2,20391,7.37,23463,302,78,30.2,2039.1
1,21,3,1,7,6,7,1,0,0,1,14063,6.86,18937,246,35,-875,-750,24.6,1406.3,26,2,0,6,7,3,0,0,1,0,14376,6.94,19314,236,57,23.6,1437.6
1,19,3,1,12,3,7,2,1,1,1,18064,8.46,22037,242,79,5149,4479,24.2,1806.4,18,0,0,3,12,0,0,1,0,1,11544,6.73,15416,213,23,21.3,1154.4
0,11,1,0,5,13,6,0,0,0,0,15053,5.32,15383,183,50,-1673,-2458,18.3,1505.3,32,6,1,13,5,13,2,1,0,0,18331,7.45,18225,242,77,24.2,1833.1
1,19,1,0,5,10,7,0,0,0,0,16386,6.67,18372,210,57,826,-606,21.0,1638.6,26,3,1,10,5,7,2,0,0,1,16569,6.73,17282,214,46,21.4,1656.9
0,25,3,1,2,7,6,0,1,0,0,14688,6.86,19085,217,55,-407,-934,21.7,1468.8,24,2,0,7,2,8,1,0,0,1,14862,6.59,16750,224,69,22.4,1486.2
1,21,1,1,7,6,5,0,1,0,1,16360,6.73,15255,212,49,-935,-185,21.2,1636.0,27,2,0,6,7,7,0,0,0,1,15965,7.3,18834,239,58,23.9,1596.5
1,25,0,1,9,5,12,1,1,0,1,17587,7.06,19294,254,40,2197,323,25.4,1758.7,24,1,0,5,9,4,0,0,0,0,16236,6.37,15925,194,65,19.4,1623.6
1,20,0,1,7,5,7,0,0,0,1,16095,7.2,16130,241,57,906,923,24.1,1609.5,30,0,0,5,7,7,1,0,0,2,16377,6.74,17989,203,60,20.3,1637.7
1,19,0,0,4,7,10,0,1,0,1,15490,6.76,19159,224,55,-743,744,22.4,1549.0,19,4,1,7,4,0,2,1,1,1,17159,6.39,17237,234,56,23.4,1715.9
1,26,3,1,6,3,9,1,0,1,0,16616,7.13,21552,193,57,250,1042,19.3,1661.6,18,3,0,3,6,3,1,0,0,2,14887,6.91,19720,177,50,17.7,1488.7
0,17,3,1,4,8,5,1,0,1,0,15532,7.02,17831,174,45,917,1039,17.4,1553.2,21,3,0,8,4,6,1,2,1,0,18358,7.01,15661,209,49,20.9,1835.8
1,31,6,1,12,0,9,1,1,0,2,18949,8.82,21166,255,86,6920,4801,25.5,1894.9,19,0,0,0,12,1,0,0,0,0,10953,6.19,13434,180,24,18.0,1095.3
0,26,0,1,5,7,7,0,1,0,1,18785,7.5,17772,220,58,-268,-400,22.0,1878.5,14,1,0,7,5,3,0,1,0,1,14349,6.12,19013,183,35,18.3,1434.9
1,16,3,1,4,3,10,1,0,0,0,18585,7.17,17095,238,51,1237,1837,23.8,1858.5,20,0,0,3,4,8,1,0,0,0,18453,7.71,19334,260,54,26.0,1845.3
0,13,0,0,7,9,1,0,0,1,1,15405,6.99,13708,235,28,-2664,-2451,23.5,1540.5,27,1,1,9,7,9,1,0,0,2,19978,7.62,19433,220,64,22.0,1997.8
0,16,6,0,8,8,6,0,0,0,1,15543,6.0,13914,208,43,-1132,-1688,20.8,1554.3,15,5,1,8,8,7,0,1,1,1,19451,6.99,15605,253,56,25.3,1945.1
1,15,5,1,9,3,12,1,1,0,2,17047,6.67,17908,222,58,2221,1192,22.2,1704.7,15,2,0,3,9,9,1,0,0,1,13982,6.77,17115,230,58,23.0,1398.2
0,15,4,1,3,4,0,0,0,0,1,12483,6.5,15305,176,59,-1380,-3099,17.6,1248.3,20,3,0,4,3,10,0,1,0,1,18609,7.09,17534,253,59,25.3,1860.9
0,22,2,0,5,8,3,0,0,0,1,14285,5.99,13962,218,42,-4400,-3553,21.8,1428.5,26,3,1,8,5,10,1,1,1,1,19299,7.29,22387,212,65,21.2,1929.9
1,15,3,0,10,7,7,0,0,0,1,16078,7.11,17492,210,51,-93,-411,21.0,1607.8,24,2,1,7,10,7,1,0,0,0,17045,6.98,18263,279,61,27.9,1704.5
1,29,2,1,7,6,10,0,0,1,2,20480,7.56,19325,233,69,1715,2195,23.3,2048.0,8,0,0,6,7,2,0,0,0,0,12732,6.63,15725,219,20,21.9,1273.2
1,18,1,0,7,5,2,0,1,0,0,16612,6.84,16493,235,62,-1329,632,23.5,1661.2,22,3,1,5,7,6,1,0,1,1,16097,6.83,16920,166,47,16.6,1609.7
0,30,1,1,5,6,3,1,0,0,1,16032,6.55,16971,191,53,207,-449,19.1,1603.2,18,2,0,6,5,11,0,1,0,1,16348,7.09,17584,217,67,21.7,1634.8
0,13,2,0,1,12,0,0,1,0,0,12743,6.92,15109,178,52,-4348,-1628,17.8,1274.3,11,5,1,12,1,15,1,1,0,1,17611,7.32,19748,280,73,28.0,1761.1
1,20,5,1,7,5,4,1,0,0,1,19281,6.36,17695,215,64,1042,1008,21.5,1928.1,8,1,0,5,7,1,1,0,0,1,15994,6.38,14976,215,45,21.5,1599.4
0,17,2,0,7,6,9,1,1,1,2,14798,6.97,19256,204,67,1797,274,20.4,1479.8,13,2,1,6,7,6,1,0,1,0,15159,6.22,14608,275,59,27.5,1515.9
0,13,0,0,3,9,2,0,1,0,0,13977,6.11,18553,168,44,-3422,-2133,16.8,1397.7,20,5,1,9,3,7,1,1,1,1,19324,7.5,18774,264,81,26.4,1932.4
1,29,0,1,9,3,10,1,0,0,2,17136,7.17,20037,237,53,2528,2936,23.7,1713.6,23,0,0,3,9,1,1,1,0,0,16685,6.31,16806,220,46,22.0,1668.5
1,24,3,0,11,6,9,0,0,1,1,18612,6.97,18232,237,56,856,381,23.7,1861.2,18,2,1,6,11,7,0,1,0,0,16275,6.56,14691,225,47,22.5,1627.5
1,27,4,1,7,5,5,1,0,0,1,18068,7.12,17755,245,69,3643,1986,24.5,1806.8,18,2,0,5,7,5,0,0,0,0,14683,6.3,17476,180,46,18.0,1468.3
1,15,4,0,9,4,8,1,0,0,0,16291,7.15,21566,248,73,449,814,24.8,1629.1,15,1,1,4,9,2,1,0,0,0,14414,6.71,17444,177,63,17.7,1441.4
0,25,4,1,5,2,3,2,1,0,0,17675,7.74,19154,251,68,3348,650,25.1,1767.5,20,3,0,2,5,6,1,0,0,0,16610,7.1,16694,194,45,19.4,1661.0
0,16,3,1,8,1,8,1,0,0,1,18710,7.41,18120,223,58,-137,-467,22.3,1871.0,26,0,0,1,8,7,0,0,0,0,17809,6.48,14900,222,61,22.2,1780.9
1,15,3,1,10,1,9,1,1,0,1,18096,7.01,19627,236,69,742,819,23.6,1809.6,14,0,0,1,10,3,0,1,0,0,16530,6.59,17308,223,55,22.3,1653.0
0,18,3,0,3,9,2,2,0,0,1,14696,6.26,15513,214,38,-3747,-789,21.4,1469.6,28,5,1,9,3,14,1,1,0,2,20643,7.65,19687,234,70,23.4,2064.3
0,18,0,0,2,10,0,1,0,0,1,15620,6.68,16556,205,58,-2020,-2549,20.5,1562.0,26,3,1,10,2,9,1,0,0,1,19385,7.49,17334,240,55,24.0,1938.5
0,19,1,1,5,4,1,1,0,1,0,15002,6.18,16730,231,67,-1736,-1602,23.1,1500.2,33,3,0,4,5,7,1,1,0,0,17665,7.82,18085,271,55,27.1,1766.5
0,23,5,1,9,3,12,0,0,0,0,18304,6.12,16136,201,64,1514,104,20.1,1830.4,14,0,0,3,9,13,0,0,0,0,16098,7.24,17469,223,59,22.3,1609.8
1,25,1,1,6,6,8,0,0,0,1,16986,7.05,17699,228,47,623,475,22.8,1698.6,23,2,0,6,6,7,0,0,0,2,15972,6.63,16605,207,47,20.7,1597.2
0,28,2,0,8,9,6,1,0,1,1,16846,6.95,16216,261,47,1163,235,26.1,1684.6,15,2,1,9,8,5,1,0,0,0,15299,6.49,20065,223,35,22.3,1529.9
1,16,4,1,11,6,11,0,0,1,1,20404,7.68,19741,217,72,1896,1469,21.7,2040.4,21,3,0,6,11,4,0,0,1,0,13449,6.55,13989,184,41,18.4,1344.9
1,30,3,1,8,0,12,1,1,1,1,17813,7.14,19715,216,67,1367,1784,21.6,1781.3,21,0,0,0,8,2,0,0,0,0,17182,6.95,16546,214,55,21.4,1718.2
1,28,3,0,8,9,7,0,1,0,1,16086,6.96,17410,205,42,-2390,-3072,20.5,1608.6,20,4,1,9,8,6,1,1,0,0,17640,7.16,16720,232,54,23.2,1764.0
1,19,4,0,11,8,6,1,0,1,0,14732,7.13,19148,236,50,814,1369,23.6,1473.2,22,4,1,8,11,7,0,0,0,0,16621,7.07,15153,200,69,20.0,1662.1
0,10,2,0,7,7,3,1,1,0,1,13625,6.68,13079,166,55,-1423,-793,16.6,1362.5,24,3,1,7,7,9,0,1,0,1,16956,6.79,18226,199,57,19.9,1695.6
0,13,4,1,8,6,8,1,0,0,1,17436,6.46,16876,188,44,-3065,1850,18.8,1743.6,22,2,0,6,8,11,1,0,0,1,18208,7.43,17022,216,84,21.6,1820.8
1,18,1,0,3,6,6,0,0,0,1,16176,6.96,17589,261,61,1150,1041,26.1,1617.6,15,0,1,6,3,4,0,1,0,0,15579,6.97,18133,217,59,21.7,1557.9
0,23,0,0,0,15,2,1,0,0,0,12577,5.64,12379,211,48,-6290,-4895,21.1,1257.7,30,5,1,15,0,16,1,1,1,2,21055,7.65,20039,227,79,22.7,2105.5
1,25,7,1,11,2,11,0,2,0,1,21547,7.26,20653,263,71,5419,3344,26.3,2154.7,14,1,0,2,11,0,0,0,0,0,13425,6.65,15152,179,47,17.9,1342.5
1,18,5,0,6,6,9,0,1,0,2,15953,6.59,16783,245,77,743,-779,24.5,1595.3,16,3,1,6,6,5,2,0,0,0,15896,6.7,17992,206,53,20.6,1589.6
0,15,0,1,6,8,7,1,0,0,0,18600,7.18,18288,209,58,-874,-1162,20.9,1860.0,15,4,0,8,6,8,1,0,0,1,15126,7.21,18112,241,53,24.1,1512.6
1,17,3,1,4,0,7,1,0,1,1,18054,7.34,17617,241,68,3603,1625,24.1,1805.4,8,2,0,0,4,3,0,0,0,0,12804,6.76,14279,202,50,20.2,1280.4
1,24,2,0,7,6,6,0,1,0,1,16472,6.46,15196,211,62,-1302,615,21.1,1647.2,14,3,1,6,7,7,0,0,0,0,18231,6.96,19067,225,72,22.5,1823.1
0,20,3,0,6,4,9,0,1,0,1,18038,6.5,16153,204,67,332,701,20.4,1803.8,17,3,1,4,6,4,0,0,0,1,15501,7.38,16940,210,52,21.0,1550.1
0,30,4,0,4,6,3,0,0,0,0,16237,7.12,17594,191,45,-813,-985,19.1,1623.7,10,1,1,6,4,5,0,1,0,0,16092,6.49,19817,247,62,24.7,1609.2
1,26,6,1,14,4,8,2,0,0,1,19629,7.58,18668,246,63,4017,2347,24.6,1962.9,13,1,0,4,14,1,1,1,0,0,13416,6.14,15448,203,34,20.3,1341.6
0,24,2,0,5,5,9,1,1,0,0,15580,6.42,18759,197,45,-779,41,19.7,1558.0,31,1,1,5,5,6,1,0,0,1,15754,6.98,18580,194,61,19.4,1575.4
0,19,4,0,3,8,10,1,1,0,0,16288,7.14,16075,212,40,-526,1081,21.2,1628.8,23,3,1,8,3,6,0,0,0,0,15832,6.52,18666,236,73,23.6,1583.2
1,17,4,0,10,1,0,0,0,0,1,18639,6.98,18920,237,61,3222,1600,23.7,1863.9,24,2,1,1,10,2,0,0,0,1,14272,6.79,16349,210,52,21.0,1427.2
1,17,2,1,8,5,10,0,1,0,1,18134,7.32,18632,200,63,2259,696,20.0,1813.4,10,2,0,5,8,5,0,0,1,0,14008,6.73,19215,225,47,22.5,1400.8
0,13,0,0,5,8,0,0,0,0,0,14874,6.34,17905,249,52,-969,-506,24.9,1487.4,22,4,1,8,5,4,0,0,0,0,15911,6.48,19060,253,60,25.3,1591.1
1,27,4,0,14,5,8,0,0,0,1,18689,7.18,17480,220,65,1695,2719,22.0,1868.9,18,3,1,5,14,6,1,0,0,0,13757,6.71,16071,217,51,21.7,1375.7
1,23,4,1,12,0,8,1,1,0,2,19428,7.65,20864,252,67,5251,3290,25.2,1942.8,8,1,0,0,12,2,0,0,0,0,12717,6.5,15260,220,35,22.0,1271.7
1,25,3,0,9,6,5,1,0,1,1,16103,7.52,15146,233,48,-808,-696,23.3,1610.3,17,2,1,6,9,7,1,1,1,1,14196,7.46,18765,184,51,18.4,1419.6
1,21,1,0,7,4,6,0,0,0,1,18206,6.68,21016,247,59,-273,1138,24.7,1820.6,25,0,1,4,7,6,1,0,0,0,18173,6.16,18454,237,58,23.7,1817.3
1,19,5,0,9,3,8,1,0,0,0,16507,6.59,19058,246,46,131,-594,24.6,1650.7,14,2,1,3,9,10,1,0,0,0,17219,7.24,17001,209,74,20.9,1721.9
1,17,3,1,8,4,12,1,1,0,2,18306,6.8,20393,256,62,2306,1938,25.6,1830.6,23,0,0,4,8,1,0,1,1,1,14711,6.37,15075,238,28,23.8,1471.1
1,20,0,1,2,5,1,0,0,0,0,16261,6.43,16337,195,42,-919,567,19.5,1626.1,15,0,0,5,2,8,1,0,1,1,17807,7.62,18606,238,53,23.8,1780.7
1,18,0,0,7,7,8,0,0,0,0,16836,7.28,16948,204,47,-1274,-518,20.4,1683.6,25,1,1,7,7,6,0,0,1,2,17699,7.26,17837,196,54,19.6,1769.9
0,21,2,1,3,13,2,1,0,0,0,14309,6.16,16311,178,38,-1940,-3541,17.8,1430.9,15,1,0,13,3,9,0,1,0,0,18931,8.04,19292,243,63,24.3,1893.1
0,14,2,1,5,9,3,0,1,0,0,14840,6.69,15618,217,64,-2295,-2575,21.7,1484.0,22,3,0,9,5,12,1,1,0,1,19673,7.14,19230,220,52,22.0,1967.3
0,22,1,1,4,7,9,1,0,0,0,14839,6.85,17542,200,53,-1564,-792,20.0,1483.9,16,1,0,7,4,8,1,0,1,1,17120,7.47,17819,222,55,22.2,1712.0
0,28,3,1,7,6,8,0,1,0,1,16656,6.48,19310,191,47,509,-196,19.1,1665.6,7,1,0,6,7,4,0,0,0,1,16479,6.91,18807,238,79,23.8,1647.9
1,25,4,1,6,4,5,1,1,0,2,19348,7.52,18395,208,60,3970,2032,20.8,1934.8,16,3,0,4,6,0,0,0,1,0,13351,6.71,13464,200,39,20.0,1335.1
0,25,2,0,6,4,7,0,0,0,1,18457,7.35,19466,252,66,1241,-1567,25.2,1845.7,26,4,1,4,6,5,0,0,0,0,14967,6.71,14426,200,63,20.0,1496.7
0,21,0,0,2,7,2,0,1,0,0,16622,6.48,15109,158,51,-288,-710,15.8,1662.2,26,1,1,7,2,7,1,0,0,0,18987,7.05,17973,206,64,20.6,1898.7
0,28,3,1,5,6,3,0,1,0,0,14707,6.64,15320,256,57,-2381,179,25.6,1470.7,20,2,0,6,5,7,0,0,0,1,17340,7.05,21049,215,57,21.5,1734.0
1,25,4,1,8,1,8,1,1,1,0,19679,7.11,19231,256,68,2923,604,25.6,1967.9,14,0,0,1,8,2,0,1,0,0,15065,6.79,15968,231,46,23.1,1506.5
1,26,3,1,5,5,9,1,0,0,0,16813,6.76,19543,216,72,1322,1143,21.6,1681.3,18,4,0,5,5,1,1,1,0,1,13962,6.95,15969,220,58,22.0,1396.2
1,20,1,1,5,5,3,1,0,0,0,16859,7.05,15346,214,40,1285,-1151,21.4,1685.9,20,3,0,5,5,6,1,1,0,0,16992,7.23,20055,226,51,22.6,1699.2
0,15,0,0,6,8,5,1,0,0,0,17299,6.77,18518,217,52,-376,-438,21.7,1729.9,26,3,1,8,6,11,0,1,0,0,16537,7.4,16319,202,56,20.2,1653.7
1,16,3,0,9,5,7,0,1,0,1,19646,7.25,17549,234,46,2965,2918,23.4,1964.6,14,2,1,5,9,4,0,0,0,1,14736,6.72,14474,209,30,20.9,1473.6
0,24,3,0,2,6,5,1,1,0,0,15758,5.88,12913,201,67,-504,-1892,20.1,1575.8,28,3,1,6,2,7,1,0,1,1,16883,7.23,17720,246,80,24.6,1688.3
0,16,4,1,9,3,7,1,0,1,0,18439,7.12,17249,221,55,1278,1643,22.1,1843.9,8,4,0,3,9,5,0,0,0,1,17812,6.55,18498,182,48,18.2,1781.2
1,28,4,1,14,2,13,1,1,0,1,20176,7.91,18915,274,81,3788,2089,27.4,2017.6,22,0,0,2,14,2,0,0,0,0,13007,6.37,12751,177,27,17.7,1300.7
1,22,1,1,8,6,7,1,1,0,0,16211,6.74,17775,246,63,-773,1125,24.6,1621.1,9,1,0,6,8,9,1,1,0,1,16126,6.65,16406,198,55,19.8,1612.6
0,23,0,0,0,7,6,1,0,0,1,16891,6.39,16746,232,44,-1600,-671,23.2,1689.1,25,1,1,7,0,5,1,0,0,1,17631,7.43,18569,233,60,23.3,1763.1
1,18,2,1,7,6,7,1,1,0,1,14245,7.25,16256,244,71,375,-595,24.4,1424.5,22,4,0,6,7,2,0,0,0,0,14086,6.33,17346,201,48,20.1,1408.6
0,15,2,0,5,9,2,0,0,0,0,16505,6.34,16586,197,50,-1026,26,19.7,1650.5,22,5,1,9,5,10,1,1,0,0,16836,6.83,19451,207,71,20.7,1683.6
0,19,3,0,0,9,2,0,1,1,0,14035,5.68,17016,187,58,-1826,-2490,18.7,1403.5,25,4,1,9,0,11,0,0,0,2,18237,7.14,18482,244,77,24.4,1823.7
1,20,2,0,5,3,6,1,1,0,2,17508,7.13,21130,225,52,960,-378,22.5,1750.8,19,1,1,3,5,3,0,1,0,1,13666,6.54,17939,192,30,19.2,1366.6
1,16,2,1,10,4,10,1,1,0,0,20872,6.97,18547,231,66,3023,1118,23.1,2087.2,19,3,0,4,10,6,0,0,0,0,14622,7.08,15354,170,50,17.0,1462.2
0,29,5,0,6,5,8,1,0,0,1,16842,7.04,17461,203,52,-522,-1044,20.3,1684.2,16,1,1,5,6,7,2,0,1,1,15698,7.42,16173,198,49,19.8,1569.8
0,15,4,0,5,7,5,1,0,0,1,15259,6.82,15847,227,55,-1363,-978,22.7,1525.9,27,3,1,7,5,6,0,1,1,0,17638,7.03,17205,244,49,24.4,1763.8
0,13,0,0,2,8,4,0,0,0,0,12995,6.89,15930,222,41,-1185,-1701,22.2,1299.5,29,3,1,8,2,8,1,1,1,1,19036,7.02,17976,234,66,23.4,1903.6
1,18,4,0,8,5,2,1,0,1,0,15318,6.91,18800,193,39,-742,834,19.3,1531.8,19,2,1,5,8,8,1,0,1,1,17418,7.26,18239,217,64,21.7,1741.8
0,25,0,0,2,6,4,0,1,0,0,16843,7.05,16187,233,38,-519,-1145,23.3,1684.3,23,3,1,6,2,13,0,0,0,0,18094,7.02,17102,228,62,22.8,1809.4
0,7,1,0,2,8,0,0,0,0,1,14518,7.74,15135,210,62,-2061,-2656,21.0,1451.8,26,3,1,8,2,10,1,0,1,2,18325,7.2,20037,241,69,24.1,1832.5
1,30,2,1,9,3,12,1,1,1,1,19003,7.22,19758,253,56,2449,4863,25.3,1900.3,22,1,0,3,9,4,1,1,0,0,12561,6.79,13140,158,30,15.8,1256.1
1,16,2,1,4,3,13,0,0,0,0,16802,6.95,17027,249,53,1716,525,24.9,1680.2,20,2,0,3,4,7,0,1,0,1,15253,6.81,20322,232,47,23.2,1525.3
0,22,3,0,5,3,6,1,0,0,1,16178,6.65,17275,244,55,-307,751,24.4,1617.8,17,2,1,3,5,2,0,0,0,1,14495,7.11,16827,194,55,19.4,1449.5
1,18,3,1,10,3,8,1,0,0,1,19912,7.03,18887,243,70,2357,404,24.3,1991.2,11,1,0,3,10,5,0,0,0,1,14833,6.58,17364,203,71,20.3,1483.3
1,32,3,0,6,6,9,1,0,1,0,17838,7.09,17321,250,75,2317,529,25.0,1783.8,13,3,1,6,6,3,0,1,0,2,14016,6.39,16689,218,48,21.8,1401.6
0,20,1,0,7,9,2,0,1,0,0,16438,6.65,13669,207,67,-86,-1594,20.7,1643.8,28,3,1,9,7,2,0,1,0,0,16516,6.8,18073,228,37,22.8,1651.6
1,17,3,1,8,6,6,1,0,0,0,19082,7.0,17066,243,43,1595,231,24.3,1908.2,37,1,0,6,8,9,1,0,0,1,15388,7.14,17302,205,51,20.5,1538.8
0,18,2,0,5,8,7,0,0,0,1,15913,6.87,16291,197,39,-333,442,19.7,1591.3,29,1,1,8,5,5,1,1,1,1,15105,7.77,18422,174,57,17.4,1510.5
0,21,0,1,4,8,7,1,0,0,1,16568,7.09,18083,217,48,2412,-866,21.7,1656.8,17,3,0,8,4,1,0,0,0,0,16545,6.1,17095,209,53,20.9,1654.5
0,22,3,1,7,6,7,0,0,1,1,17050,6.84,18590,188,64,751,458,18.8,1705.0,18,4,0,6,7,4,0,0,0,0,15527,6.62,16669,175,45,17.5,1552.7
0,21,2,0,1,5,4,1,1,0,1,14339,6.24,17047,243,57,-1586,-95,24.3,1433.9,15,2,1,5,1,3,0,1,0,1,18654,6.98,16860,209,50,20.9,1865.4
0,17,0,0,2,9,1,0,0,0,0,14903,6.8,14770,201,59,-2415,-3250,20.1,1490.3,11,3,1,9,2,14,0,0,0,0,18969,7.33,20176,265,63,26.5,1896.9
1,13,1,1,7,3,8,2,0,0,0,16643,6.82,17963,210,44,-351,831,21.0,1664.3,28,5,0,3,7,10,1,1,0,0,15864,6.82,17493,205,71,20.5,1586.4
0,18,1,1,7,7,10,0,0,1,0,15961,7.11,18095,221,46,507,-404,22.1,1596.1,24,0,0,7,7,6,0,0,0,2,17396,7.69,17552,207,44,20.7,1739.6
0,19,1,0,2,9,0,0,0,0,0,15151,6.29,14098,199,47,-3104,-3413,19.9,1515.1,23,3,1,9,2,10,0,1,0,0,20310,7.03,18140,220,78,22.0,2031.0
1,18,5,0,6,5,2,1,0,1,0,17450,6.53,17810,185,51,588,19,18.5,1745.0,11,0,1,5,6,5,1,0,0,1,14157,6.74,16980,236,31,23.6,1415.7
1,25,6,0,7,4,5,1,0,0,0,18236,7.03,21105,237,71,2875,2204,23.7,1823.6,17,0,1,4,7,4,0,0,1,2,14782,6.43,16280,209,68,20.9,1478.2
1,25,0,1,11,0,10,2,1,0,1,20472,6.86,21640,279,55,4744,3089,27.9,2047.2,15,0,0,0,11,0,0,0,0,0,11040,6.31,13301,193,43,19.3,1104.0
0,18,3,1,7,7,5,1,0,0,0,16466,6.46,18758,221,73,-29,673,22.1,1646.6,16,2,0,7,7,7,1,0,0,1,16056,6.08,16753,245,44,24.5,1605.6
0,25,3,0,6,7,5,0,1,0,0,15447,6.65,17061,205,50,-1451,-1212,20.5,1544.7,25,0,1,7,6,3,1,1,0,2,17664,7.54,19338,259,45,25.9,1766.4
0,9,1,1,4,7,4,1,0,0,0,13093,6.19,15204,203,31,-633,-2139,20.3,1309.3,30,3,0,7,4,6,1,1,0,1,19848,7.27,19978,236,76,23.6,1984.8
0,17,3,0,8,3,6,1,0,1,2,15783,6.87,18673,225,77,-1552,-180,22.5,1578.3,16,1,1,3,8,9,0,0,0,0,16852,6.78,16577,196,58,19.6,1685.2
1,27,5,1,6,6,10,1,0,0,0,16427,6.61,17201,235,45,715,-511,23.5,1642.7,21,4,0,6,6,10,1,0,0,1,15335,7.0,17748,193,39,19.3,1533.5
0,28,0,0,1,5,2,1,0,0,1,16167,6.89,14745,216,58,-494,-991,21.6,1616.7,25,4,1,5,1,8,0,0,1,2,17725,7.38,18920,246,55,24.6,1772.5
0,31,2,0,3,10,8,1,1,0,0,16743,6.15,16152,191,49,-308,812,19.1,1674.3,11,0,1,10,3,7,1,0,0,0,15330,7.33,17790,222,55,22.2,1533.0
0,16,4,0,3,13,7,0,0,0,1,15342,6.49,15411,195,29,-3727,-3753,19.5,1534.2,16,3,1,13,3,10,1,1,0,1,18890,7.32,20023,236,71,23.6,1889.0
1,24,1,0,5,0,4,1,1,0,2,17869,7.08,18568,249,56,3349,2052,24.9,1786.9,25,5,1,0,5,0,0,0,1,0,17243,6.62,17394,189,53,18.9,1724.3
0,23,1,1,3,9,0,1,0,0,0,18572,6.45,16038,215,62,-449,-230,21.5,1857.2,20,1,0,9,3,7,1,0,0,0,15428,6.47,18080,226,65,22.6,1542.8
0,26,1,1,6,9,6,0,0,0,0,17917,6.82,16927,188,59,-231,140,18.8,1791.7,25,0,0,9,6,4,1,0,0,1,15072,6.2,19928,191,46,19.1,1507.2
0,19,3,0,1,8,5,1,0,0,0,13658,6.67,15539,197,31,-3340,-1608,19.7,1365.8,29,2,1,8,1,9,1,0,0,0,19320,7.76,19638,247,60,24.7,1932.0
0,23,3,0,1,8,5,0,0,0,0,15525,5.91,18345,198,57,-1608,-656,19.8,1552.5,23,1,1,8,1,6,1,1,0,1,18782,7.01,19845,205,49,20.5,1878.2
0,22,2,0,3,6,0,0,0,0,0,15533,7.03,14742,216,50,-1912,-1052,21.6,1553.3,18,4,1,6,3,2,1,1,0,0,16497,6.62,17598,255,57,25.5,1649.7
1,23,2,1,2,8,2,0,1,0,1,17297,7.45,17803,225,64,576,-1554,22.5,1729.7,24,2,0,8,2,5,0,1,0,0,17455,7.05,18222,219,62,21.9,1745.5
1,16,0,1,8,4,6,1,1,0,1,17860,6.54,19575,222,41,-372,1275,22.2,1786.0,30,2,0,4,8,0,1,0,0,0,16373,6.72,16456,191,62,19.1,1637.3
1,21,5,0,10,5,10,0,0,1,0,19345,7.88,19649,228,44,3231,1319,22.8,1934.5,25,0,1,5,10,3,1,0,0,0,15721,6.77,15274,161,54,16.1,1572.1
1,19,2,1,6,4,7,0,0,0,1,15131,7.4,19060,256,43,1601,775,25.6,1513.1,16,5,0,4,6,4,0,0,1,0,13003,6.63,16128,222,42,22.2,1300.3
0,16,2,1,5,3,8,0,0,0,0,16928,6.87,20151,221,71,467,2105,22.1,1692.8,10,0,0,3,5,2,1,0,0,1,16342,6.95,18245,197,41,19.7,1634.2
1,15,4,1,12,4,9,1,0,0,1,17354,7.3,18252,237,66,4127,1196,23.7,1735.4,21,1,0,4,12,3,0,0,0,0,16194,6.31,17076,239,33,23.9,1619.4
0,19,3,1,8,7,9,0,1,0,1,17411,6.83,18427,191,83,1897,1260,19.1,1741.1,23,3,0,7,8,3,0,0,0,1,16732,6.69,16534,217,77,21.7,1673.2
1,19,3,1,5,1,3,1,0,1,1,15219,6.94,15897,239,48,-371,-657,23.9,1521.9,16,1,0,1,5,5,1,0,0,1,16439,7.05,17307,227,62,22.7,1643.9
1,23,3,0,11,0,8,2,1,1,0,17174,7.74,19803,225,52,609,1404,22.5,1717.4,23,2,1,0,11,0,0,0,0,0,16604,6.72,17529,170,66,17.0,1660.4
1,25,3,1,9,4,12,1,0,1,1,16499,7.36,20971,217,44,636,1865,21.7,1649.9,15,0,0,4,9,7,0,0,0,0,15283,6.81,16192,247,49,24.7,1528.3
0,22,3,1,8,3,5,0,1,0,0,17599,6.95,19177,200,70,1417,1252,20.0,1759.9,15,2,0,3,8,6,0,0,1,0,18163,6.54,19898,232,58,23.2,1816.3
0,16,0,0,1,6,2,0,0,0,0,16640,6.67,14324,199,51,-1850,-2753,19.9,1664.0,24,3,1,6,1,8,1,1,0,1,19106,7.02,19067,248,48,24.8,1910.6
0,14,1,0,1,7,5,1,0,0,1,16231,6.2,19703,237,54,-1522,-1943,23.7,1623.1,16,3,1,7,1,9,1,0,0,0,18874,7.24,17590,222,65,22.2,1887.4
0,24,3,0,2,13,3,0,1,0,0,17349,7.39,18530,232,56,-1089,-753,23.2,1734.9,19,1,1,13,2,11,1,0,0,1,17255,6.98,17754,229,50,22.9,1725.5
1,21,1,0,12,1,5,1,0,1,1,20028,7.01,17487,225,76,238,1006,22.5,2002.8,16,0,1,1,12,5,1,0,0,0,16640,6.59,14524,218,40,21.8,1664.0
0,18,1,0,4,8,5,1,0,0,0,17453,6.81,17694,207,46,1290,918,20.7,1745.3,23,2,1,8,4,1,1,0,1,2,16224,7.01,16538,257,64,25.7,1622.4
1,21,1,1,9,2,8,0,1,1,1,18684,7.26,18379,261,75,2448,631,26.1,1868.4,15,0,0,2,9,8,1,0,0,0,14819,6.45,19625,208,36,20.8,1481.9
1,19,3,0,10,0,11,2,1,0,2,16241,7.06,19254,219,68,1638,1287,21.9,1624.1,13,0,1,0,10,2,0,0,0,0,12884,6.17,15831,232,46,23.2,1288.4
1,20,5,1,9,2,6,1,0,1,1,19363,6.9,20175,238,57,2012,1072,23.8,1936.3,13,1,0,2,9,2,0,1,0,1,15375,5.98,16597,168,46,16.8,1537.5
1,20,3,1,8,0,8,1,1,0,1,17601,7.32,18562,232,60,3431,858,23.2,1760.1,23,1,0,0,8,5,0,0,1,2,13642,6.68,13800,212,48,21.2,1364.2
0,16,0,1,3,5,7,0,1,0,0,15542,6.52,14664,239,42,-1800,-3445,23.9,1554.2,17,2,0,5,3,5,1,0,1,1,16739,7.23,19268,229,70,22.9,1673.9
1,24,3,1,8,3,10,0,0,1,0,18101,6.62,16405,223,65,1344,2428,22.3,1810.1,23,3,0,3,8,8,0,1,0,0,18542,6.74,19324,212,44,21.2,1854.2
0,21,1,0,2,5,5,1,0,0,0,15419,7.09,16681,260,65,351,-17,26.0,1541.9,21,5,1,5,2,7,1,1,0,1,18025,6.78,17756,198,42,19.8,1802.5
0,24,2,0,1,9,3,0,0,0,0,14315,5.62,16422,206,55,-1780,-4090,20.6,1431.5,24,3,1,9,1,9,1,0,1,1,19764,7.87,18785,295,66,29.5,1976.4
0,25,2,1,0,7,3,1,0,0,0,14186,6.41,14957,191,67,490,-909,19.1,1418.6,17,3,0,7,0,6,0,0,0,0,17719,7.12,18958,231,50,23.1,1771.9
1,32,1,0,5,1,9,2,0,1,1,16983,7.51,19120,256,62,2617,1377,25.6,1698.3,17,1,1,1,5,4,0,0,0,0,12980,6.75,14582,174,60,17.4,1298.0
0,24,2,0,4,6,11,0,0,1,1,17159,6.91,18109,256,49,1463,177,25.6,1715.9,16,3,1,6,4,8,0,0,0,0,14529,6.34,16734,228,70,22.8,1452.9
1,27,2,1,12,0,13,1,0,0,2,16929,7.83,19215,249,68,4827,3898,24.9,1692.9,23,2,0,0,12,0,0,0,0,1,12875,6.26,13156,176,59,17.6,1287.5
1,18,3,0,6,5,6,0,0,1,2,18734,7.34,16053,240,44,814,560,24.0,1873.4,20,2,1,5,6,5,0,0,0,0,17085,7.21,16779,207,48,20.7,1708.5
1,29,2,1,13,0,12,1,1,1,1,19738,7.84,20924,291,72,4543,1763,29.1,1973.8,15,2,0,0,13,0,0,0,0,1,13994,6.23,16752,188,50,18.8,1399.4
1,17,0,1,7,6,5,0,0,0,0,17151,7.47,18156,235,61,-149,1407,23.5,1715.1,21,0,0,6,7,5,1,0,0,1,14684,6.63,16162,216,52,21.6,1468.4
0,13,3,0,7,11,4,1,0,1,1,14704,6.82,17447,189,60,661,-622,18.9,1470.4,25,1,1,11,7,6,0,0,1,1,17161,6.39,17265,241,46,24.1,1716.1
1,25,3,0,1,11,3,0,0,0,0,13836,6.54,15829,186,32,-3849,-1811,18.6,1383.6,24,3,1,11,1,8,1,0,0,2,16767,7.47,20023,244,46,24.4,1676.7
1,16,3,1,9,3,9,1,0,1,0,17647,7.19,18492,233,62,960,1427,23.3,1764.7,19,0,0,3,9,7,0,1,0,0,13851,6.63,16336,201,36,20.1,1385.1
0,21,1,1,5,5,7,0,1,0,1,13372,7.13,16606,209,39,60,103,20.9,1337.2,22,2,0,5,5,10,1,1,0,1,16783,7.21,16994,199,62,19.9,1678.3
1,14,1,0,9,11,5,0,0,1,0,15982,6.54,19053,196,43,193,-795,19.6,1598.2,24,3,1,11,9,4,2,1,0,1,16550,7.2,16151,228,63,22.8,1655.0
1,28,2,0,8,3,10,1,1,0,1,19709,7.54,19462,260,65,2543,1202,26.0,1970.9,10,1,1,3,8,3,1,0,0,1,17332,6.63,14868,231,52,23.1,1733.2
1,29,4,0,10,2,2,1,1,0,0,18088,7.22,20030,227,63,2868,1884,22.7,1808.8,17,2,1,2,10,2,0,0,1,0,15053,7.27,17262,228,51,22.8,1505.3
1,25,1,1,8,2,9,1,1,0,1,18185,7.53,17830,276,40,3438,2433,27.6,1818.5,18,1,0,2,8,3,0,0,0,2,14306,6.22,16396,218,41,21.8,1430.6
0,26,3,0,4,11,4,1,0,0,1,15735,7.13,15889,210,50,-2075,-921,21.0,1573.5,19,2,1,11,4,9,0,0,0,1,18215,7.04,19710,213,61,21.3,1821.5
0,20,3,0,8,6,3,0,0,0,0,15418,6.84,17594,233,52,-1977,-325,23.3,1541.8,19,4,1,6,8,4,1,0,0,0,17219,7.12,16357,196,52,19.6,1721.9
1,31,4,1,10,7,7,0,0,0,0,16441,7.46,16509,252,52,-957,591,25.2,1644.1,28,2,0,7,10,7,1,1,0,0,16884,6.82,17805,169,64,16.9,1688.4
1,25,4,1,8,4,11,1,1,1,1,17715,7.42,17247,245,56,474,1470,24.5,1771.5,21,1,0,4,8,4,0,0,0,0,15534,7.21,17287,226,58,22.6,1553.4
1,19,4,1,8,2,9,1,0,0,1,19321,6.66,18460,248,80,2375,735,24.8,1932.1,11,0,0,2,8,4,0,1,0,1,14409,6.34,12472,224,44,22.4,1440.9
1,21,0,0,8,4,9,0,1,0,1,16000,6.27,17291,245,27,3596,1151,24.5,1600.0,13,4,1,4,8,9,1,0,0,0,15714,6.75,16832,197,54,19.7,1571.4
1,23,4,1,11,5,9,0,2,1,1,19229,7.04,22937,266,63,1920,1915,26.6,1922.9,22,3,0,5,11,6,0,0,0,0,13511,6.02,15468,201,50,20.1,1351.1
1,21,3,1,13,4,13,2,0,1,1,17092,7.12,21177,240,38,638,755,24.0,1709.2,14,4,0,4,13,6,0,0,1,0,14858,6.16,15352,183,53,18.3,1485.8
1,11,1,0,7,3,2,1,0,0,0,15755,7.24,18763,228,49,839,-1421,22.8,1575.5,19,4,1,3,7,10,1,0,0,1,15516,6.94,19263,254,64,25.4,1551.6
0,24,4,0,6,5,7,2,1,0,0,18023,6.99,20102,252,70,3054,844,25.2,1802.3,16,0,1,5,6,1,2,0,0,1,16592,6.65,15193,192,67,19.2,1659.2
1,16,3,1,13,2,11,2,1,0,1,16206,7.21,20791,238,95,3402,3585,23.8,1620.6,18,0,0,2,13,1,0,0,0,1,13064,6.47,12606,201,46,20.1,1306.4
1,11,2,0,12,2,10,1,1,0,1,20492,7.5,18236,228,74,1656,2116,22.8,2049.2,13,1,1,2,12,2,0,0,0,0,14082,6.22,15148,164,29,16.4,1408.2
1,21,4,0,11,3,12,1,1,0,0,18510,7.71,20087,273,63,1516,1774,27.3,1851.0,17,1,1,3,11,0,0,0,0,0,16154,6.85,16562,188,50,18.8,1615.4
0,16,1,1,7,5,1,0,1,0,0,18098,7.04,15376,221,63,-583,-901,22.1,1809.8,18,2,0,5,7,4,0,0,0,0,17253,7.1,17398,222,46,22.2,1725.3
0,15,1,0,8,8,5,1,0,0,1,13368,6.76,19234,200,47,-528,-497,20.0,1336.8,26,2,1,8,8,7,1,0,0,0,18124,7.32,18772,197,57,19.7,1812.4
0,6,1,1,8,9,7,1,1,0,0,18319,6.65,18917,237,65,746,125,23.7,1831.9,17,1,0,9,8,8,0,0,0,1,16045,7.08,17415,210,45,21.0,1604.5
1,19,2,0,9,0,9,1,1,0,1,17626,6.87,18639,207,68,5082,2211,20.7,1762.6,18,0,1,0,9,4,0,0,0,0,13256,6.55,16225,189,46,18.9,1325.6
1,20,1,1,7,5,3,1,1,0,1,18108,6.49,18595,237,70,1362,-17,23.7,1810.8,11,3,0,5,7,4,1,0,0,0,17836,6.54,16517,237,68,23.7,1783.6
1,18,3,0,7,4,6,1,1,0,1,18090,7.19,16772,221,57,741,712,22.1,1809.0,16,0,1,4,7,7,0,0,0,0,15689,6.56,15866,232,55,23.2,1568.9
0,22,0,1,7,4,5,1,1,0,2,18731,7.03,17345,182,59,145,-220,18.2,1873.1,20,3,0,4,7,3,1,1,0,1,17850,6.98,16191,257,57,25.7,1785.0
1,26,0,1,5,2,6,0,0,0,1,16508,7.03,16979,218,49,-2240,-306,21.8,1650.8,16,2,0,2,5,8,1,1,0,0,17026,6.84,19123,239,49,23.9,1702.6
1,22,2,0,5,7,8,1,1,0,0,13790,7.17,16859,199,54,-1855,357,19.9,1379.0,10,2,1,7,5,7,0,0,0,0,17449,6.55,16535,228,60,22.8,1744.9
1,25,1,1,6,5,7,0,0,0,1,16067,6.99,20008,226,57,2208,1500,22.6,1606.7,18,2,0,5,6,0,1,0,0,1,14923,6.8,17977,250,50,25.0,1492.3
1,29,3,0,10,1,10,1,1,0,2,19391,7.0,20547,235,71,2643,1103,23.5,1939.1,22,1,1,1,10,0,0,0,0,0,14961,6.8,14320,185,56,18.5,1496.1
0,14,4,1,2,9,9,1,0,0,0,16239,6.61,17945,199,55,-2388,599,19.9,1623.9,21,2,0,9,2,5,0,0,0,1,18119,6.7,16866,220,60,22.0,1811.9
0,22,2,1,8,5,9,1,0,0,1,15247,6.95,16934,230,53,838,-177,23.0,1524.7,17,0,0,5,8,6,0,1,1,1,15615,6.94,18384,213,56,21.3,1561.5
1,23,4,0,5,7,0,0,0,0,0,16104,6.55,16047,180,43,-249,-2326,18.0,1610.4,15,4,1,7,5,4,0,1,1,0,17154,7.31,16070,200,70,20.0,1715.4
1,19,2,1,6,1,9,0,0,0,0,20554,6.44,19739,212,58,2951,1765,21.2,2055.4,15,0,0,1,6,5,1,0,0,0,14917,6.64,15670,226,42,22.6,1491.7
1,19,4,1,10,1,11,3,1,0,2,18524,6.99,18601,238,59,2468,3482,23.8,1852.4,21,4,0,1,10,5,0,0,0,1,15099,6.35,16686,202,35,20.2,1509.9
1,26,2,1,8,6,9,1,1,1,0,20078,7.8,18939,239,65,3114,1723,23.9,2007.8,20,2,0,6,8,2,0,0,0,0,12714,6.89,15454,221,38,22.1,1271.4
0,13,2,0,5,7,5,1,1,0,0,17163,7.03,17933,213,44,492,1780,21.3,1716.3,19,2,1,7,5,6,1,0,0,0,17568,6.74,17234,224,45,22.4,1756.8
1,16,1,0,8,8,4,0,0,1,0,16269,7.08,18606,209,74,974,1585,20.9,1626.9,14,0,1,8,8,4,2,1,0,0,13946,6.76,15299,197,53,19.7,1394.6
0,16,1,1,9,4,1,0,1,0,1,14643,6.58,16905,200,47,-492,-877,20.0,1464.3,18,1,0,4,9,3,0,0,0,0,17630,6.87,17152,238,42,23.8,1763.0
1,23,2,1,8,6,9,1,0,0,1,17498,6.53,17699,239,74,-775,1483,23.9,1749.8,17,3,0,6,8,6,0,1,0,1,15996,7.1,16967,214,32,21.4,1599.6
1,22,0,1,5,8,9,0,0,0,2,17191,7.0,16185,227,46,-188,334,22.7,1719.1,12,2,0,8,5,4,0,0,0,0,16363,6.9,16640,210,43,21.0,1636.3
0,25,2,0,5,7,6,1,0,0,1,16122,7.04,18544,240,74,-125,-678,24.0,1612.2,21,3,1,7,5,8,1,1,0,1,15464,7.33,18917,222,48,22.2,1546.4
1,16,2,1,8,9,8,0,0,0,1,16734,6.43,16791,193,64,-1322,1003,19.3,1673.4,18,3,0,9,8,7,0,1,1,2,18184,6.72,17449,210,40,21.0,1818.4
1,16,3,1,8,6,9,1,0,0,1,15850,7.31,18027,238,47,-547,-457,23.8,1585.0,29,2,0,6,8,2,0,0,0,0,18757,6.57,18436,199,64,19.9,1875.7
1,22,0,1,7,7,1,0,0,0,0,15994,6.66,13873,216,56,-1372,-904,21.6,1599.4,21,3,0,7,7,3,1,0,0,1,16714,7.54,18739,243,70,24.3,1671.4
0,16,3,0,6,1,6,1,1,1,1,16180,6.96,18102,211,58,219,461,21.1,1618.0,17,1,1,1,6,8,1,0,0,1,16237,6.78,19945,238,53,23.8,1623.7
1,20,5,1,11,3,9,1,1,1,1,18062,7.34,21116,243,81,2516,2640,24.3,1806.2,20,0,0,3,11,1,0,0,0,1,14981,6.3,15880,197,58,19.7,1498.1
1,16,6,1,16,1,13,1,1,0,2,18929,7.55,21966,257,70,4554,4658,25.7,1892.9,16,2,0,1,16,0,1,1,0,0,13305,6.25,11554,201,38,20.1,1330.5
0,19,4,0,0,11,4,0,1,0,0,13253,7.53,16923,206,58,-2701,-576,20.6,1325.3,14,3,1,11,0,9,1,1,0,2,19204,7.32,20612,201,62,20.1,1920.4
0,25,1,0,9,7,5,0,0,0,0,17239,6.78,15531,181,47,-2181,-2190,18.1,1723.9,25,1,1,7,9,6,0,1,0,1,17210,6.93,18477,239,52,23.9,1721.0
0,13,1,0,6,8,0,0,0,0,0,13782,6.67,18665,195,35,-1994,-2342,19.5,1378.2,22,6,1,8,6,4,1,0,0,1,19122,7.68,19109,221,52,22.1,1912.2
1,25,3,0,12,3,9,1,0,1,0,16526,7.1,17067,225,59,-731,314,22.5,1652.6,19,2,1,3,12,10,0,1,1,1,16371,6.87,18011,212,62,21.2,1637.1
1,21,2,1,6,0,6,0,0,1,1,18707,6.98,20590,233,57,3401,1715,23.3,1870.7,17,2,0,0,6,5,1,2,1,0,15739,6.83,16978,201,37,20.1,1573.9
1,12,0,1,8,6,7,1,0,0,1,18677,7.33,17631,211,60,146,269,21.1,1867.7,23,3,0,6,8,4,1,1,0,1,15412,6.67,17930,193,58,19.3,1541.2
1,16,3,1,7,8,2,0,0,0,1,19184,7.04,20113,240,65,150,1544,24.0,1918.4,20,1,0,8,7,0,0,1,0,1,15052,6.92,16862,222,61,22.2,1505.2
1,16,2,0,9,8,7,0,1,0,1,15628,6.98,18270,227,73,524,-500,22.7,1562.8,23,0,1,8,9,0,0,0,0,0,15301,7.31,15840,195,56,19.5,1530.1
0,17,0,1,6,8,5,1,0,0,1,15439,6.63,15431,219,43,-818,-950,21.9,1543.9,24,3,0,8,6,5,1,1,0,0,16841,6.62,18834,233,64,23.3,1684.1
0,22,1,1,6,11,5,1,1,0,0,14983,6.78,14417,246,49,412,-702,24.6,1498.3,24,1,0,11,6,6,0,1,0,0,17829,6.91,16480,248,53,24.8,1782.9
0,29,2,0,8,5,4,1,0,0,0,16751,6.9,16839,226,51,228,-208,22.6,1675.1,23,2,1,5,8,8,1,1,0,1,16185,5.97,17550,211,45,21.1,1618.5
0,10,1,0,2,11,0,1,0,0,0,13267,6.93,16689,193,49,-3035,-1824,19.3,1326.7,22,3,1,11,2,10,1,1,0,0,18501,7.22,19301,243,69,24.3,1850.1
0,15,1,1,2,6,5,0,1,0,0,14936,6.76,14966,171,48,-2530,-1515,17.1,1493.6,22,4,0,6,2,9,1,1,0,0,17498,6.86,20331,231,57,23.1,1749.8
0,13,3,0,5,2,0,0,0,0,0,13712,5.88,14020,183,47,-2046,-1955,18.3,1371.2,24,2,1,2,5,5,1,1,0,1,15536,6.94,19571,250,66,25.0,1553.6
0,15,0,1,7,3,10,1,0,0,0,16124,7.67,18251,202,54,96,1857,20.2,1612.4,10,1,0,3,7,4,0,0,1,1,16981,6.75,14707,208,57,20.8,1698.1
0,21,2,0,6,5,11,1,0,0,1,15683,7.15,19993,192,46,1082,1579,19.2,1568.3,25,5,1,5,6,2,1,1,1,1,16584,6.36,19328,232,41,23.2,1658.4
0,21,1,0,4,5,13,1,0,1,1,15912,7.93,20453,226,51,2580,7,22.6,1591.2,21,2,1,5,4,4,1,0,0,0,16013,6.8,17364,230,48,23.0,1601.3
0,7,3,1,2,10,0,0,0,0,1,14315,6.42,10852,152,38,-29,-2468,15.2,1431.5,29,3,0,10,2,10,1,1,1,1,19138,7.48,19608,230,65,23.0,1913.8
0,17,0,0,1,10,5,0,0,0,0,13995,6.93,16334,199,53,-2071,-2216,19.9,1399.5,21,1,1,10,1,12,1,1,1,2,17468,7.16,21784,204,75,20.4,1746.8
0,15,2,0,7,8,6,0,0,0,0,17579,7.33,18984,227,51,-410,55,22.7,1757.9,14,1,1,8,7,3,0,0,0,1,15368,6.41,15684,196,46,19.6,1536.8
0,15,2,0,0,14,4,1,0,0,0,10731,6.27,12015,191,57,-3676,-3167,19.1,1073.1,23,3,1,14,0,12,2,0,1,2,19991,7.74,21832,247,61,24.7,1999.1
1,29,5,1,9,2,9,0,1,1,0,18425,7.67,19048,245,43,2160,2324,24.5,1842.5,18,4,0,2,9,3,0,0,0,1,14031,6.94,16261,213,39,21.3,1403.1
0,19,3,1,4,4,2,0,0,0,0,13450,6.38,17493,205,40,-3033,-3514,20.5,1345.0,23,2,0,4,4,9,1,1,0,1,19009,7.33,21736,226,59,22.6,1900.9
1,23,0,1,7,2,5,1,1,0,0,19228,7.16,19074,242,60,1146,2541,24.2,1922.8,18,3,0,2,7,8,0,1,0,0,14184,6.62,16787,234,24,23.4,1418.4
1,16,2,0,2,11,3,0,0,0,0,17637,6.3,18011,192,53,-537,247,19.2,1763.7,20,5,1,11,2,7,2,0,1,0,17339,7.19,17516,192,56,19.2,1733.9
1,22,3,1,10,3,6,1,0,0,2,18484,7.09,17159,221,64,1308,1003,22.1,1848.4,13,0,0,3,10,5,0,1,0,0,15651,6.71,14833,211,45,21.1,1565.1
1,29,4,1,15,0,12,1,0,0,0,21876,7.39,22834,317,73,5557,6439,31.7,2187.6,14,0,0,0,15,0,0,0,0,0,12113,6.31,11320,181,30,18.1,1211.3
0,18,1,0,2,12,2,0,0,0,1,12941,6.35,14433,211,48,-5210,-3654,21.1,1294.1,25,5,1,12,2,9,1,1,0,1,20345,6.92,19906,246,70,24.6,2034.5
1,21,4,1,7,4,6,0,0,0,1,17843,7.29,17955,249,47,1015,-377,24.9,1784.3,21,2,0,4,7,8,0,0,1,2,15908,6.69,17447,221,35,22.1,1590.8
0,17,3,1,1,10,1,0,0,0,1,13535,6.59,14080,167,56,-2806,-3308,16.7,1353.5,27,3,0,10,1,12,1,0,1,1,18313,7.4,20264,251,77,25.1,1831.3
1,14,4,0,6,4,8,1,1,0,0,17214,7.09,17275,249,46,1378,161,24.9,1721.4,23,3,1,4,6,4,1,1,0,1,15179,6.24,14706,225,65,22.5,1517.9
0,16,2,1,5,11,7,0,0,0,0,15800,7.1,17266,180,47,4,-1133,18.0,1580.0,20,0,0,11,5,3,0,0,1,1,14988,6.42,16977,229,70,22.9,1498.8
1,24,5,0,2,4,4,1,1,0,0,17022,7.79,16948,187,54,-1133,-584,18.7,1702.2,18,3,1,4,2,10,1,0,1,0,16398,6.37,15185,253,45,25.3,1639.8
0,22,1,1,2,10,4,0,0,0,0,15774,6.52,17462,225,58,-3049,-1641,22.5,1577.4,30,1,0,10,2,7,1,0,0,0,17768,7.96,19582,234,58,23.4,1776.8
1,22,0,1,10,6,5,0,0,0,1,17720,7.95,15775,261,64,1990,1163,26.1,1772.0,15,2,0,6,10,3,0,0,1,0,16833,6.66,17835,177,43,17.7,1683.3
0,24,1,1,3,11,10,1,0,0,0,14732,6.05,16856,178,59,-445,-3447,17.8,1473.2,32,2,0,11,3,9,1,1,0,0,18731,7.01,20181,201,66,20.1,1873.1
1,25,3,0,11,3,6,1,0,0,0,20336,6.4,16872,211,59,1659,1367,21.1,2033.6,21,0,1,3,11,0,0,0,0,0,13944,6.55,15426,208,53,20.8,1394.4
0,18,4,1,7,4,6,1,0,0,2,15838,7.23,15835,204,59,-4,-14,20.4,1583.8,26,1,0,4,7,8,1,0,1,0,16904,7.1,16509,210,55,21.0,1690.4
0,11,1,1,2,7,4,0,1,0,0,15462,6.58,16846,153,37,-2639,-2326,15.3,1546.2,29,4,0,7,2,9,1,1,0,1,19252,7.61,18476,240,55,24.0,1925.2
1,30,4,0,9,1,8,1,1,1,1,18496,6.76,20790,243,71,3494,1951,24.3,1849.6,20,3,1,1,9,3,0,0,0,0,15817,6.96,16473,199,33,19.9,1581.7
0,24,0,0,8,7,4,1,0,0,1,17327,6.9,17946,230,59,-6,-1297,23.0,1732.7,22,0,1,7,8,2,1,0,1,1,16744,6.91,17490,220,61,22.0,1674.4
1,33,5,1,12,4,9,2,1,0,1,20324,7.23,21234,228,62,3573,2133,22.8,2032.4,18,1,0,4,12,1,0,0,0,1,13471,6.5,14392,236,28,23.6,1347.1
1,33,3,0,11,4,6,1,0,0,0,19441,7.35,19462,188,57,1696,3908,18.8,1944.1,13,0,1,4,11,1,0,0,0,0,14365,6.7,16827,200,50,20.0,1436.5
0,12,1,1,4,8,5,1,0,0,0,16379,6.61,16223,195,62,-1438,167,19.5,1637.9,25,3,0,8,4,5,0,1,0,0,18070,6.67,19511,214,70,21.4,1807.0
1,13,5,0,6,8,4,1,0,0,0,17820,7.33,16913,245,57,98,106,24.5,1782.0,16,2,1,8,6,3,0,1,0,0,16616,7.13,17547,236,51,23.6,1661.6
0,6,4,0,6,1,7,0,0,0,1,15559,6.99,17509,237,69,-567,-817,23.7,1555.9,15,2,1,1,6,5,0,1,1,0,18182,6.79,17078,212,55,21.2,1818.2
1,28,1,1,9,0,4,2,0,0,0,17398,7.38,19572,237,63,3392,1907,23.7,1739.8,18,0,0,0,9,3,1,0,1,0,14282,5.99,15327,178,55,17.8,1428.2
1,24,2,1,5,2,5,1,0,0,1,18660,6.94,17721,223,66,424,1228,22.3,1866.0,14,0,0,2,5,7,0,0,1,1,14508,7.52,17437,219,60,21.9,1450.8
0,21,6,0,6,8,5,1,0,1,1,15665,7.19,16642,215,74,2964,795,21.5,1566.5,15,3,1,8,6,4,0,0,0,1,19218,7.07,17352,217,42,21.7,1921.8
0,13,5,1,5,2,8,1,0,0,1,16460,6.81,15228,234,61,479,-70,23.4,1646.0,29,0,0,2,5,9,0,0,1,1,15335,7.27,18174,194,72,19.4,1533.5
1,19,3,1,5,6,1,0,0,0,1,17891,7.24,16222,234,68,740,961,23.4,1789.1,27,4,0,6,5,6,1,0,0,0,16816,6.73,18690,228,40,22.8,1681.6
1,24,0,0,11,1,11,1,1,0,2,18081,6.74,20512,208,76,2090,1087,20.8,1808.1,16,0,1,1,11,7,0,0,0,1,14454,6.05,14399,240,50,24.0,1445.4
1,24,4,1,3,6,8,0,0,0,1,15906,6.94,17199,214,65,572,755,21.4,1590.6,19,0,0,6,3,5,1,0,0,1,14933,6.84,16605,247,61,24.7,1493.3
1,21,1,1,6,7,1,0,2,0,0,14593,6.6,16300,206,55,-211,-412,20.6,1459.3,25,3,0,7,6,6,1,0,0,0,15860,6.62,18463,197,55,19.7,1586.0
0,22,4,1,3,8,6,1,0,0,0,16118,6.41,17986,236,66,-2563,-71,23.6,1611.8,35,0,0,8,3,10,0,0,0,1,17108,6.58,17151,237,50,23.7,1710.8
0,18,1,1,3,6,3,0,0,1,1,15923,6.3,16664,235,56,-722,-1117,23.5,1592.3,23,3,0,6,3,4,1,1,1,0,18554,6.56,19303,201,50,20.1,1855.4
0,23,2,0,1,11,5,0,0,0,1,16466,6.25,16228,187,46,-583,-1225,18.7,1646.6,18,3,1,11,1,10,1,0,1,1,17779,7.27,20211,208,74,20.8,1777.9
0,22,1,0,5,11,6,0,0,0,0,15987,6.84,16028,221,50,-3044,-271,22.1,1598.7,18,2,1,11,5,8,1,1,1,0,19089,7.41,19623,229,78,22.9,1908.9
1,17,2,1,4,5,11,0,1,1,0,20412,7.43,19048,251,69,4168,1945,25.1,2041.2,20,3,0,5,4,3,0,0,0,1,14845,6.67,14603,212,30,21.2,1484.5
0,27,3,0,6,6,4,0,0,1,0,17588,7.13,15774,215,57,830,161,21.5,1758.8,22,0,1,6,6,5,0,1,0,1,17286,6.85,18244,240,49,24.0,1728.6
1,28,0,1,8,3,9,1,0,0,0,18516,6.92,18388,229,47,174,1515,22.9,1851.6,23,1,0,3,8,3,0,0,0,1,15349,7.02,15009,214,55,21.4,1534.9
0,17,4,0,0,12,5,0,0,0,0,12017,6.64,13283,217,61,-5266,-2741,21.7,1201.7,18,5,1,12,0,11,1,1,1,1,20881,7.15,22258,283,69,28.3,2088.1
1,23,1,0,8,9,6,0,0,0,0,19071,7.02,17052,217,58,1719,418,21.7,1907.1,26,5,1,9,8,7,0,1,0,0,13779,6.97,15185,231,63,23.1,1377.9
1,28,0,1,3,6,5,1,1,0,1,15424,7.09,17475,242,59,-2127,224,24.2,1542.4,20,2,0,6,3,7,0,1,0,0,17002,7.04,16560,218,56,21.8,1700.2
1,11,3,1,5,9,7,1,0,0,0,15498,6.82,16979,236,67,-514,181,23.6,1549.8,22,0,0,9,5,0,1,0,0,1,16182,7.29,18639,232,53,23.2,1618.2
0,27,4,0,4,7,0,0,0,0,0,16017,6.69,16725,227,45,1185,866,22.7,1601.7,17,3,1,7,4,7,1,0,0,1,17587,6.77,19106,186,32,18.6,1758.7
0,17,1,1,9,9,3,0,0,1,1,16179,6.28,16471,198,61,-134,-573,19.8,1617.9,19,0,0,9,9,7,0,0,0,0,19177,7.03,20193,229,56,22.9,1917.7
0,21,0,0,3,13,4,0,0,0,0,12681,5.95,14568,205,34,-4168,-2351,20.5,1268.1,19,2,1,13,3,14,1,1,1,0,19451,6.84,22189,222,63,22.2,1945.1
1,22,1,1,9,1,8,2,1,0,1,15865,6.79,20206,237,62,1819,847,23.7,1586.5,23,3,0,1,9,2,1,0,0,1,16391,6.84,18222,223,43,22.3,1639.1
1,14,1,0,4,3,6,1,1,0,0,20348,6.79,15773,189,69,681,-45,18.9,2034.8,19,2,1,3,4,5,1,0,0,1,18225,7.27,17717,216,51,21.6,1822.5
0,17,2,1,5,7,3,0,0,1,2,14537,7.05,18687,228,64,-435,-21,22.8,1453.7,14,3,0,7,5,5,0,1,1,2,19158,6.72,16004,249,63,24.9,1915.8
0,23,1,0,3,11,4,1,0,0,0,16795,7.01,17528,195,44,-1588,-267,19.5,1679.5,19,4,1,11,3,11,0,0,0,0,19102,7.03,19422,220,70,22.0,1910.2
0,16,2,0,3,12,2,0,0,0,0,15744,6.91,15610,212,32,-1241,-2575,21.2,1574.4,13,8,1,12,3,10,1,0,0,0,19759,7.18,18358,250,40,25.0,1975.9
1,17,3,0,7,5,2,0,0,0,0,17577,5.86,18367,250,34,-79,27,25.0,1757.7,11,0,1,5,7,3,0,0,0,0,18252,6.12,15802,206,64,20.6,1825.2
1,20,4,1,10,5,12,0,1,1,1,18563,7.14,20267,202,81,4461,2663,20.2,1856.3,16,0,0,5,10,7,0,0,0,0,14947,6.18,13301,180,47,18.0,1494.7
0,24,1,1,7,5,5,1,0,0,1,15214,6.86,15950,201,35,2134,493,20.1,1521.4,21,0,0,5,7,3,2,0,0,1,16320,6.35,17315,239,59,23.9,1632.0
0,26,0,0,3,7,3,0,1,0,1,14887,6.41,16029,179,46,-3347,-1612,17.9,1488.7,35,6,1,7,3,8,1,1,0,2,18441,7.74,19807,261,74,26.1,1844.1
1,10,2,0,7,3,2,0,0,0,0,18354,6.36,17265,203,48,-268,205,20.3,1835.4,15,2,1,3,7,10,0,0,0,1,16888,6.2,18427,225,66,22.5,1688.8
0,34,2,1,4,6,5,1,1,0,0,17280,7.25,14994,222,37,-2041,-1480,22.2,1728.0,26,5,0,6,4,6,1,1,0,0,17439,6.18,18717,202,39,20.2,1743.9
1,23,3,1,6,3,10,1,0,0,0,17888,7.75,17590,222,52,2,1923,22.2,1788.8,20,2,0,3,6,3,0,2,0,0,13341,7.13,17427,236,50,23.6,1334.1
1,24,1,0,11,7,10,1,1,0,0,19383,6.93,19710,196,55,239,1345,19.6,1938.3,20,0,1,7,11,4,0,0,0,1,13898,6.31,15534,199,45,19.9,1389.8
0,12,1,0,0,14,0,0,0,0,0,13329,6.93,13361,151,45,-5919,-4072,15.1,1332.9,23,4,1,14,0,10,2,0,0,1,20321,8.07,19623,294,76,29.4,2032.1
0,21,1,0,11,5,6,0,0,0,1,17119,6.22,19390,177,61,1310,758,17.7,1711.9,18,0,1,5,11,6,0,0,0,0,16376,7.2,20916,194,46,19.4,1637.6
0,19,1,0,3,8,4,1,0,1,0,16059,6.26,16537,220,41,-2503,-588,22.0,1605.9,24,5,1,8,3,7,1,1,1,0,18183,7.15,18367,231,64,23.1,1818.3
0,12,3,1,8,8,4,0,0,0,0,14493,6.45,13898,188,33,-3027,-2564,18.8,1449.3,20,4,0,8,8,7,2,1,0,2,18953,7.28,18763,224,60,22.4,1895.3
0,16,0,0,6,3,2,0,0,0,1,14579,7.08,18265,192,65,1261,149,19.2,1457.9,28,0,1,3,6,7,1,0,1,0,18558,7.07,19409,189,41,18.9,1855.8
1,27,4,0,9,2,7,1,0,0,1,19936,7.03,19120,209,53,2076,-453,20.9,1993.6,14,1,1,2,9,4,1,1,0,0,13678,6.92,16235,225,51,22.5,1367.8
0,9,0,0,2,11,5,2,0,0,0,14986,6.11,14713,199,38,-2663,-915,19.9,1498.6,25,2,1,11,2,8,2,1,0,1,17172,7.18,18394,231,63,23.1,1717.2
1,24,0,1,8,4,7,0,1,0,2,14410,7.33,16487,216,70,3271,-858,21.6,1441.0,19,2,0,4,8,3,0,0,0,1,17938,6.52,15032,234,34,23.4,1793.8
1,20,0,1,7,1,7,1,1,0,1,18766,7.29,18270,246,54,1033,797,24.6,1876.6,22,0,0,1,7,5,0,0,0,0,18297,7.18,15952,195,26,19.5,1829.7
0,15,2,1,5,9,4,1,1,1,2,18239,6.72,16763,227,54,-291,-1234,22.7,1823.9,23,4,0,9,5,6,1,1,0,0,15328,6.43,18278,212,54,21.2,1532.8
1,28,3,0,6,12,5,0,0,0,2,16381,6.55,16222,203,57,-817,-1818,20.3,1638.1,20,0,1,12,6,4,1,0,0,0,16731,6.54,17741,257,64,25.7,1673.1
0,13,3,1,4,11,8,1,0,0,0,16816,6.26,17842,184,54,-1138,-2437,18.4,1681.6,19,0,0,11,4,4,0,1,1,1,18501,6.98,17960,249,44,24.9,1850.1
1,16,4,0,10,5,12,0,0,0,1,18705,7.34,20217,253,53,2003,914,25.3,1870.5,16,2,1,5,10,5,1,0,1,0,15821,6.72,16349,225,43,22.5,1582.1
0,16,3,1,5,10,2,0,0,0,0,13653,6.11,16602,215,37,-3306,-1910,21.5,1365.3,18,3,0,10,5,9,0,1,0,1,18478,7.32,19429,263,55,26.3,1847.8
1,18,1,1,11,4,7,0,1,0,1,18595,6.71,19592,191,66,1861,1031,19.1,1859.5,13,1,0,4,11,2,0,1,0,1,13816,6.33,16718,212,49,21.2,1381.6
0,20,1,0,7,7,9,1,1,0,0,18114,7.43,17083,235,46,-75,-1236,23.5,1811.4,19,2,1,7,7,10,1,1,1,0,15758,6.55,19609,206,53,20.6,1575.8
0,21,3,1,2,8,7,1,1,0,1,17996,6.91,18956,229,57,-1059,680,22.9,1799.6,20,4,0,8,2,5,0,0,1,0,17277,7.4,17403,239,42,23.9,1727.7
0,18,3,0,2,11,4,0,0,1,0,12868,6.22,14126,208,35,-3626,-1559,20.8,1286.8,27,3,1,11,2,15,0,0,1,1,17608,7.29,17974,223,44,22.3,1760.8
0,19,0,1,6,7,1,1,0,0,1,18112,6.19,16437,232,61,-855,497,23.2,1811.2,24,0,0,7,6,7,1,1,0,1,16684,7.18,17663,184,60,18.4,1668.4
0,18,4,0,7,0,10,1,0,1,0,16973,7.09,18941,232,73,610,1174,23.2,1697.3,17,0,1,0,7,7,2,0,0,1,18005,6.6,16753,189,40,18.9,1800.5
0,21,0,0,6,11,3,0,0,0,0,14521,6.57,18576,233,52,-2875,-2083,23.3,1452.1,29,3,1,11,6,10,0,1,0,0,19660,6.8,19053,283,78,28.3,1966.0
1,20,3,1,10,5,8,1,1,0,1,17328,7.41,17940,221,63,564,395,22.1,1732.8,25,0,0,5,10,7,0,0,0,1,16109,6.73,18316,243,58,24.3,1610.9
1,18,2,1,6,3,4,0,1,0,1,19146,6.1,19064,160,42,-948,1657,16.0,1914.6,14,2,0,3,6,4,0,0,0,1,17423,6.96,16152,211,64,21.1,1742.3
0,26,1,0,10,8,9,0,1,0,0,13937,6.48,15258,221,32,-1686,-277,22.1,1393.7,15,3,1,8,10,8,0,1,1,1,18181,7.15,19851,214,56,21.4,1818.1
1,21,2,1,7,5,5,2,2,1,1,17313,7.31,18953,249,55,1977,1237,24.9,1731.3,18,3,0,5,7,8,0,0,0,0,15806,6.54,17731,193,47,19.3,1580.6
0,21,0,1,1,7,6,1,0,0,0,14315,6.29,15478,193,31,-3455,-4908,19.3,1431.5,18,3,0,7,1,10,2,0,0,1,20194,7.58,22057,266,76,26.6,2019.4
1,27,3,0,4,4,7,0,0,0,0,17211,7.24,19044,212,58,806,736,21.2,1721.1,17,1,1,4,4,7,1,0,0,0,16264,6.67,17358,214,56,21.4,1626.4
1,30,3,1,6,0,9,1,1,0,0,18969,7.4,19276,259,77,2423,980,25.9,1896.9,16,3,0,0,6,4,0,0,0,0,15809,6.71,14956,168,33,16.8,1580.9
1,26,4,1,7,1,7,1,0,1,1,19931,7.34,18582,242,39,2021,2251,24.2,1993.1,19,0,0,1,7,6,0,0,0,0,14928,6.92,15665,234,46,23.4,1492.8
1,21,5,1,9,6,5,0,0,0,2,15526,7.21,16569,184,62,-220,1288,18.4,1552.6,16,1,0,6,9,3,1,0,0,0,17727,7.13,16710,202,55,20.2,1772.7
0,19,2,0,7,5,5,1,0,0,1,15584,6.4,16911,209,54,-461,454,20.9,1558.4,18,3,1,5,7,5,2,1,0,1,17187,6.7,18327,235,46,23.5,1718.7
1,18,0,0,3,8,5,0,0,1,0,19137,6.86,18864,187,55,-595,-1495,18.7,1913.7,23,2,1,8,3,7,1,0,0,1,16255,6.89,21342,240,72,24.0,1625.5
1,9,0,0,6,8,7,1,0,0,0,15101,6.96,16735,217,68,724,-1047,21.7,1510.1,23,3,1,8,6,6,0,1,0,2,16792,6.74,16395,227,60,22.7,1679.2
1,25,5,1,9,4,7,0,0,0,1,17694,7.77,21451,208,53,1753,-606,20.8,1769.4,16,0,0,4,9,6,1,1,0,1,14796,6.88,17053,210,47,21.0,1479.6
0,20,4,1,0,9,6,0,0,0,1,15078,5.97,16492,242,53,-698,-1854,24.2,1507.8,22,7,0,9,0,4,0,1,0,2,18574,7.33,19117,268,65,26.8,1857.4
1,26,4,1,12,7,10,0,0,0,1,15511,6.95,19592,189,56,1618,683,18.9,1551.1,15,1,0,7,12,7,0,1,0,1,14954,6.83,17797,222,43,22.2,1495.4
1,24,3,0,13,3,13,1,1,0,2,18463,7.62,23128,289,83,4207,2177,28.9,1846.3,17,0,1,3,13,1,0,0,0,1,13057,6.48,14211,211,39,21.1,1305.7
1,23,3,0,8,7,7,0,1,0,1,15409,7.19,17617,266,53,-421,-432,26.6,1540.9,17,3,1,7,8,8,1,1,0,1,18790,6.68,17607,189,57,18.9,1879.0
0,10,3,0,6,11,5,1,0,0,0,15952,6.49,18234,189,51,-3317,-1967,18.9,1595.2,20,3,1,11,6,9,1,0,0,1,19410,6.17,17864,204,75,20.4,1941.0
0,11,0,0,0,10,1,1,0,0,1,13738,6.45,15865,190,42,-1727,-2510,19.0,1373.8,19,2,1,10,0,9,1,1,0,1,17437,7.91,20326,216,76,21.6,1743.7
1,9,2,1,7,6,8,1,1,0,0,19247,7.01,18278,243,60,3063,-232,24.3,1924.7,17,0,0,6,7,5,1,0,0,0,14376,6.68,17660,193,44,19.3,1437.6
1,19,0,0,9,4,3,1,0,1,0,15721,7.38,17612,245,60,-603,-2636,24.5,1572.1,15,3,1,4,9,6,0,0,1,0,14620,7.1,20034,254,78,25.4,1462.0
1,18,2,0,8,4,10,0,0,0,1,18493,7.1,16704,212,59,1333,2760,21.2,1849.3,12,4,1,4,8,2,0,0,0,0,14391,6.43,16714,186,48,18.6,1439.1
1,14,4,1,6,8,6,1,1,0,1,16322,6.52,15699,203,43,-940,-899,20.3,1632.2,26,1,0,8,6,8,1,0,0,1,17580,6.57,18282,223,85,22.3,1758.0
1,23,4,1,11,4,10,1,1,0,1,17857,6.89,17231,261,51,2484,344,26.1,1785.7,21,3,0,4,11,0,0,0,0,1,17614,7.14,14254,186,46,18.6,1761.4
0,18,2,1,7,12,9,0,1,0,0,17466,6.6,17313,231,72,-223,-1466,23.1,1746.6,20,0,0,12,7,8,1,1,0,0,15675,7.07,17699,261,55,26.1,1567.5
0,11,0,1,4,7,6,1,0,0,0,15856,7.01,17333,208,48,-812,-1590,20.8,1585.6,14,1,0,7,4,7,0,1,1,0,16970,6.71,18088,216,39,21.6,1697.0
1,32,1,0,6,3,4,0,0,0,0,16995,7.18,16268,210,69,-148,-670,21.0,1699.5,19,3,1,3,6,6,1,1,0,0,16826,6.66,17026,221,61,22.1,1682.6
0,17,2,0,0,9,0,0,0,0,1,13102,6.01,19204,241,52,-2414,-1772,24.1,1310.2,29,5,1,9,0,6,1,0,0,1,16688,7.13,21101,249,51,24.9,1668.8
1,19,3,0,11,3,11,1,2,0,1,17949,7.22,18050,238,75,3842,3943,23.8,1794.9,14,0,1,3,11,0,0,1,0,0,13435,6.35,14617,208,53,20.8,1343.5
1,16,2,0,7,4,5,0,0,0,0,15759,7.07,15822,202,49,-1165,-982,20.2,1575.9,9,2,1,4,7,10,0,1,0,0,15889,6.55,17396,201,53,20.1,1588.9
1,20,3,0,8,5,9,0,0,1,0,16157,7.15,19298,233,70,2894,1116,23.3,1615.7,19,2,1,5,8,0,0,1,0,0,16105,7.19,16725,205,47,20.5,1610.5
1,18,1,0,7,7,7,0,0,0,0,16225,6.66,16340,227,60,-166,261,22.7,1622.5,23,0,1,7,7,1,1,0,0,0,18559,7.54,16620,213,50,21.3,1855.9
0,24,1,0,4,8,5,0,0,0,0,15184,6.93,13514,187,66,-464,-2746,18.7,1518.4,23,6,1,8,4,9,0,0,0,0,17039,6.85,16531,247,53,24.7,1703.9
1,19,2,1,6,5,6,1,1,0,1,18214,7.33,17804,221,46,-150,175,22.1,1821.4,22,5,0,5,6,5,1,0,0,1,15498,7.35,16902,216,44,21.6,1549.8
1,31,1,0,12,6,4,0,0,1,1,19084,6.93,19385,232,65,1795,1544,23.2,1908.4,22,0,1,6,12,2,0,0,0,1,14436,6.44,16571,213,49,21.3,1443.6
0,17,5,0,3,12,8,0,0,0,0,15170,6.21,17111,222,69,-2393,-856,22.2,1517.0,24,1,1,12,3,1,0,0,0,0,18060,6.61,17409,263,53,26.3,1806.0
0,20,1,0,7,6,1,0,0,0,0,15595,6.65,16315,233,43,-1885,-1485,23.3,1559.5,18,4,1,6,7,11,1,1,0,1,17828,7.17,17292,253,51,25.3,1782.8
1,25,0,0,9,3,5,1,1,0,1,17886,6.56,17683,228,48,314,-197,22.8,1788.6,7,1,1,3,9,9,1,1,0,0,14848,6.79,18284,211,58,21.1,1484.8
1,27,5,1,9,4,6,1,0,0,0,18174,7.28,20329,243,64,428,-224,24.3,1817.4,22,6,0,4,9,4,0,0,1,1,16088,6.66,17950,219,46,21.9,1608.8
1,30,2,0,9,5,9,1,1,1,2,19108,6.95,20988,225,64,2412,2812,22.5,1910.8,11,0,1,5,9,0,0,0,0,0,14843,6.36,15002,208,58,20.8,1484.3
1,19,4,0,8,5,6,1,0,1,1,16020,7.68,18934,226,60,-293,1030,22.6,1602.0,11,1,1,5,8,7,0,0,0,0,15236,6.66,17713,214,51,21.4,1523.6
1,21,1,1,6,5,6,0,0,0,1,17538,6.66,19769,207,51,1102,2229,20.7,1753.8,23,2,0,5,6,4,0,0,0,0,15780,6.46,15132,187,42,18.7,1578.0
1,9,3,0,6,2,9,0,0,1,1,16402,7.04,18351,206,60,433,842,20.6,1640.2,18,2,1,2,6,9,0,0,0,2,14936,7.03,18070,242,55,24.2,1493.6
0,17,1,0,4,12,0,0,0,0,0,15937,6.68,16436,222,58,-1683,-2220,22.2,1593.7,23,4,1,12,4,10,1,1,1,1,18941,7.76,19044,199,71,19.9,1894.1
1,24,3,0,2,7,3,0,0,1,0,16231,6.43,12128,207,49,-1801,-867,20.7,1623.1,24,2,1,7,2,10,1,0,0,0,18517,7.72,20051,218,78,21.8,1851.7
0,22,1,0,3,9,0,1,0,0,0,14404,6.57,19400,218,60,-2860,-1225,21.8,1440.4,17,0,1,9,3,7,2,0,1,1,18659,7.22,18263,212,62,21.2,1865.9
0,17,0,0,1,7,1,1,0,0,1,14994,6.64,15832,199,29,-1151,-1064,19.9,1499.4,18,5,1,7,1,8,1,1,0,1,17007,7.21,21683,259,62,25.9,1700.7
1,30,3,0,9,2,4,0,0,1,2,18006,7.78,20076,211,65,2058,-164,21.1,1800.6,29,4,1,2,9,2,0,0,0,0,16740,6.74,14211,194,54,19.4,1674.0
1,19,2,1,10,5,8,1,2,1,1,17151,7.1,19070,269,61,-61,667,26.9,1715.1,23,6,0,5,10,5,0,0,0,0,16786,7.08,17409,193,62,19.3,1678.6
0,17,0,1,11,6,7,0,0,0,2,15781,6.94,18653,202,55,-1036,29,20.2,1578.1,20,1,0,6,11,4,2,0,0,0,15239,7.4,17391,204,50,20.4,1523.9
0,12,0,0,0,14,0,0,0,0,0,12121,6.69,13734,182,58,-4317,-4670,18.2,1212.1,21,3,1,14,0,12,1,1,1,2,21328,7.33,20167,224,75,22.4,2132.8
1,18,7,1,9,0,2,0,1,1,1,20354,7.65,21897,288,69,4489,2213,28.8,2035.4,10,2,0,0,9,2,0,0,0,0,14710,6.3,16224,188,47,18.8,1471.0
0,21,0,0,4,6,0,1,1,1,1,15857,7.11,17424,205,45,-1873,-1667,20.5,1585.7,30,1,1,6,4,5,1,1,0,1,18400,7.41,18659,255,62,25.5,1840.0
1,26,3,1,12,0,7,1,1,0,0,20301,7.12,18688,239,71,4460,3034,23.9,2030.1,18,2,0,0,12,1,0,0,2,0,14697,6.41,12807,192,53,19.2,1469.7
0,20,1,0,3,9,2,0,0,0,2,14743,6.03,15860,196,31,-2668,-4032,19.6,1474.3,21,4,1,9,3,7,1,1,0,0,20919,7.97,19594,239,61,23.9,2091.9
0,16,4,0,7,5,6,0,1,0,1,13749,7.3,16604,173,46,-803,-714,17.3,1374.9,34,0,1,5,7,7,0,0,0,0,19252,7.02,18531,248,73,24.8,1925.2
0,15,0,0,3,11,0,0,0,0,0,13662,6.53,14083,177,34,-3292,-2934,17.7,1366.2,25,3,1,11,3,9,1,1,0,1,21229,7.03,19784,252,72,25.2,2122.9
1,10,2,1,3,4,3,1,0,0,2,17044,6.8,16534,240,37,-879,797,24.0,1704.4,16,0,0,4,3,2,0,0,0,0,14581,6.59,18701,203,41,20.3,1458.1
0,20,2,1,4,8,0,0,0,0,1,14280,6.24,14840,193,42,-2073,-521,19.3,1428.0,15,3,0,8,4,10,0,0,0,0,17989,6.98,23239,230,48,23.0,1798.9
0,18,1,0,1,7,4,0,1,0,0,12879,6.49,16962,164,54,-3499,-2232,16.4,1287.9,21,1,1,7,1,4,1,1,0,1,17525,7.05,19652,212,66,21.2,1752.5
0,12,0,0,2,7,0,0,0,0,0,12960,7.22,15224,176,47,-2553,-1963,17.6,1296.0,21,2,1,7,2,10,1,1,1,1,19035,6.67,17837,197,56,19.7,1903.5
0,21,2,1,7,5,3,1,0,1,0,16659,6.66,19188,239,72,-215,2074,23.9,1665.9,11,0,0,5,7,8,1,0,0,1,13047,6.27,18876,198,48,19.8,1304.7
1,20,2,1,9,7,9,1,0,0,1,17515,7.73,18251,225,54,1825,772,22.5,1751.5,28,1,0,7,9,6,0,0,1,1,15667,6.53,16356,192,43,19.2,1566.7
1,32,2,1,10,4,13,1,1,0,0,20058,7.15,19717,285,57,1867,2862,28.5,2005.8,17,0,0,4,10,5,0,0,0,0,12532,6.63,14472,205,51,20.5,1253.2
0,13,3,1,4,10,5,1,0,0,0,17382,6.73,15422,183,53,-1544,-441,18.3,1738.2,18,3,0,10,4,6,2,1,1,1,18808,7.17,19280,204,43,20.4,1880.8
1,22,3,1,11,8,6,1,1,1,1,16288,6.96,17009,223,65,484,739,22.3,1628.8,27,4,0,8,11,1,0,0,0,1,17268,6.79,16935,213,60,21.3,1726.8
0,12,2,1,1,8,9,0,0,0,0,15448,6.63,15730,193,50,-3332,-2659,19.3,1544.8,25,1,0,8,1,13,1,0,0,1,19813,7.02,19562,235,49,23.5,1981.3
0,17,2,1,6,11,4,0,0,1,0,16447,6.29,14936,211,52,-110,27,21.1,1644.7,18,1,0,11,6,6,1,1,0,1,18147,6.96,21010,240,58,24.0,1814.7
0,20,3,0,7,9,4,2,1,0,2,17191,7.64,17138,183,59,-588,319,18.3,1719.1,16,0,1,9,7,6,1,0,0,2,17441,7.13,17503,212,64,21.2,1744.1
1,20,4,0,8,3,6,1,0,1,0,18988,7.27,18008,208,55,548,887,20.8,1898.8,21,3,1,3,8,5,1,0,0,0,16140,6.38,13920,210,72,21.0,1614.0
1,22,2,1,7,2,12,0,1,0,0,19585,7.45,16831,255,69,2524,1435,25.5,1958.5,15,4,0,2,7,2,0,0,0,0,13625,6.29,14701,187,56,18.7,1362.5
1,24,4,1,6,4,9,1,0,0,0,18884,7.19,18656,227,53,1987,1360,22.7,1888.4,22,3,0,4,6,4,0,0,0,0,12865,6.32,17831,179,53,17.9,1286.5
1,16,0,0,6,10,6,0,0,0,0,15277,6.78,12838,233,48,-1463,-1322,23.3,1527.7,14,3,1,10,6,9,1,0,0,3,18160,6.77,19939,202,84,20.2,1816.0
1,26,0,1,11,3,9,1,1,0,1,18112,7.32,18201,225,59,1907,1421,22.5,1811.2,15,3,0,3,11,3,0,1,0,1,14174,7.18,13274,188,51,18.8,1417.4
0,18,5,0,6,4,5,0,0,0,0,16587,7.01,17557,229,71,-1566,826,22.9,1658.7,25,2,1,4,6,8,1,0,0,1,14389,6.72,16458,214,51,21.4,1438.9
0,19,1,1,3,8,5,0,1,0,2,15712,6.51,18271,206,58,-601,-1692,20.6,1571.2,13,3,0,8,3,3,0,1,0,1,17056,6.95,16828,236,53,23.6,1705.6
1,20,2,0,5,5,2,0,0,0,1,14195,6.5,20020,207,27,-1085,-177,20.7,1419.5,19,5,1,5,5,10,2,0,0,0,15651,7.46,17736,226,61,22.6,1565.1
0,20,0,0,8,8,4,0,0,0,0,13329,7.11,17023,193,69,-917,-3507,19.3,1332.9,26,4,1,8,8,3,1,1,0,1,17554,7.17,20368,210,50,21.0,1755.4
1,27,1,1,8,2,10,0,0,1,0,17051,7.83,20154,243,74,1954,1459,24.3,1705.1,20,2,0,2,8,0,1,0,0,0,12586,5.86,17044,205,44,20.5,1258.6
1,22,1,0,6,2,6,0,1,0,0,16652,6.7,15828,259,72,883,511,25.9,1665.2,22,3,1,2,6,6,0,1,0,0,14331,6.52,17183,252,41,25.2,1433.1
1,23,3,1,7,10,8,1,0,0,0,16760,6.86,17495,225,67,-217,1588,22.5,1676.0,24,2,0,10,7,2,0,0,0,1,16031,6.72,17081,213,55,21.3,1603.1
0,18,1,1,8,7,6,1,0,0,1,16675,6.74,16560,249,45,197,974,24.9,1667.5,29,2,0,7,8,7,1,1,0,0,17710,7.09,18452,248,49,24.8,1771.0
1,20,3,1,10,0,11,3,0,1,0,20054,7.82,18471,262,63,3467,4380,26.2,2005.4,7,4,0,0,10,0,0,0,0,0,11679,6.23,12580,192,31,19.2,1167.9
0,15,2,1,10,3,6,0,0,1,0,19257,7.18,21454,238,52,3703,2330,23.8,1925.7,11,0,0,3,10,4,0,0,1,0,15840,6.61,17666,180,34,18.0,1584.0
1,10,3,0,8,4,1,1,1,0,1,15349,6.61,17142,190,52,-1448,-829,19.0,1534.9,20,4,1,4,8,6,1,0,0,0,17492,7.52,17149,232,50,23.2,1749.2
0,28,3,0,2,7,3,0,0,1,0,17348,6.56,17855,207,36,-2042,-603,20.7,1734.8,21,2,1,7,2,7,1,1,0,2,16063,6.9,15574,231,57,23.1,1606.3
1,9,1,0,3,8,8,0,2,1,1,16946,7.18,19400,235,57,-341,-1720,23.5,1694.6,22,2,1,8,3,13,0,0,0,2,17456,6.65,16690,198,66,19.8,1745.6
0,26,3,0,6,12,2,1,0,1,0,15972,6.92,15860,195,57,952,-376,19.5,1597.2,15,2,1,12,6,5,0,0,0,0,14181,7.5,16182,285,50,28.5,1418.1
0,14,1,1,7,8,5,0,0,0,0,17030,6.62,14933,205,43,-2617,-1364,20.5,1703.0,27,1,0,8,7,8,1,0,1,1,18389,6.5,17937,243,75,24.3,1838.9
1,27,2,0,8,4,7,2,0,1,0,16794,6.98,19899,239,76,679,-59,23.9,1679.4,21,3,1,4,8,10,0,0,0,0,17378,7.1,14966,218,40,21.8,1737.8
1,12,3,1,12,3,7,1,2,0,1,18437,7.83,18115,241,72,625,1086,24.1,1843.7,27,2,0,3,12,1,0,0,0,0,14970,6.35,15656,233,65,23.3,1497.0
0,16,2,0,0,12,3,0,0,0,0,14674,6.67,16691,262,16,-1062,-2398,26.2,1467.4,28,5,1,12,0,11,1,1,0,2,17937,7.79,16641,244,60,24.4,1793.7
0,25,0,1,5,10,4,0,0,0,0,15682,7.15,16419,218,55,-1978,-2736,21.8,1568.2,25,4,0,10,5,11,0,1,0,2,16885,7.25,19721,217,33,21.7,1688.5
1,23,3,1,0,9,2,0,0,1,1,17927,6.45,19489,215,49,174,853,21.5,1792.7,16,3,0,9,0,8,0,0,0,1,17142,7.3,18447,228,59,22.8,1714.2
0,17,6,1,8,9,3,0,0,0,1,14912,6.85,18887,204,51,-312,-212,20.4,1491.2,15,4,0,9,8,3,1,1,0,0,16538,7.15,17379,196,34,19.6,1653.8
1,14,3,1,13,3,10,2,1,1,0,20558,7.37,22110,233,77,1788,2829,23.3,2055.8,14,1,0,3,13,5,0,1,0,1,13217,6.16,13074,168,33,16.8,1321.7
1,15,3,0,8,1,8,1,0,1,1,19956,8.09,16634,223,61,861,789,22.3,1995.6,13,1,1,1,8,5,0,0,0,0,17056,6.33,16155,215,66,21.5,1705.6
1,29,2,1,3,1,4,1,1,1,1,19467,7.15,19619,239,57,852,863,23.9,1946.7,8,0,0,1,3,4,1,0,0,0,15965,6.83,14638,223,64,22.3,1596.5
0,18,3,1,5,3,5,0,0,0,0,15326,6.54,18534,272,42,-971,581,27.2,1532.6,18,3,0,3,5,7,0,1,0,1,16172,6.59,18861,228,69,22.8,1617.2
0,19,0,0,8,4,6,1,0,0,1,17566,6.96,17119,212,54,-396,-2678,21.2,1756.6,33,5,1,4,8,7,1,1,0,1,15353,6.62,16016,225,46,22.5,1535.3
0,19,4,0,4,7,5,0,0,0,1,14811,6.74,14826,204,42,-3477,-1216,20.4,1481.1,28,1,1,7,4,4,2,0,0,2,18877,7.36,17249,240,53,24.0,1887.7
1,15,4,0,12,8,7,1,0,1,0,16164,7.65,18354,224,65,1526,2206,22.4,1616.4,12,1,1,8,12,5,1,0,0,0,12454,6.27,16120,199,45,19.9,1245.4
0,23,1,0,7,3,6,0,1,0,0,15913,6.89,19275,219,62,1400,1310,21.9,1591.3,20,1,1,3,7,7,0,1,0,0,14954,6.87,16984,230,42,23.0,1495.4
1,20,3,1,14,3,10,0,0,0,0,16702,7.7,17543,204,85,1419,1399,20.4,1670.2,17,3,0,3,14,3,0,0,0,0,15938,6.67,16521,207,27,20.7,1593.8
0,21,1,1,1,6,8,0,1,0,0,16353,6.92,19539,203,46,-987,-466,20.3,1635.3,16,2,0,6,1,4,1,1,0,0,18418,6.98,18058,229,59,22.9,1841.8
0,17,2,1,4,7,2,1,0,0,1,16629,7.05,14899,207,47,1056,-2212,20.7,1662.9,21,3,0,7,4,3,1,0,0,1,18474,6.65,18605,258,61,25.8,1847.4
0,12,2,1,4,6,5,1,0,1,2,16876,7.19,16842,254,62,898,134,25.4,1687.6,14,3,0,6,4,9,1,1,1,0,18172,6.93,18025,211,48,21.1,1817.2
1,20,3,1,10,1,2,1,1,0,1,16664,7.11,17085,205,52,1165,860,20.5,1666.4,13,0,0,1,10,6,0,0,0,1,14007,6.52,19968,221,34,22.1,1400.7
0,20,0,0,0,11,0,0,0,0,0,13160,6.04,15624,204,37,-1666,-1402,20.4,1316.0,19,4,1,11,0,11,1,0,1,1,21773,7.2,21536,265,84,26.5,2177.3
1,23,2,1,10,3,11,1,0,0,1,17955,7.17,17806,242,48,886,2502,24.2,1795.5,9,3,0,3,10,2,0,0,0,0,13483,6.87,14188,210,51,21.0,1348.3
1,20,4,0,8,4,3,1,0,0,0,17320,6.73,19180,224,71,267,627,22.4,1732.0,19,1,1,4,8,7,1,0,0,0,16923,6.28,18018,234,58,23.4,1692.3
0,22,1,0,4,8,5,0,0,0,0,15083,6.25,15843,185,44,-3277,-1621,18.5,1508.3,22,2,1,8,4,9,1,0,1,0,18632,7.36,20357,212,47,21.2,1863.2
0,15,0,0,1,12,3,0,0,0,2,12543,6.46,15200,192,42,-3155,-2783,19.2,1254.3,18,2,1,12,1,9,2,1,0,0,19785,7.25,19501,250,74,25.0,1978.5
0,20,2,0,4,5,4,0,1,1,1,15723,6.55,17165,163,45,-294,-473,16.3,1572.3,23,3,1,5,4,9,0,0,0,1,15783,6.96,18447,222,70,22.2,1578.3
1,20,6,1,11,3,8,1,2,0,1,19318,7.33,18979,258,70,2693,3016,25.8,1931.8,12,5,0,3,11,4,1,1,0,1,15635,7.12,17501,204,38,20.4,1563.5
1,28,4,0,9,3,13,1,0,1,3,17932,7.35,19940,249,69,2577,2370,24.9,1793.2,14,1,1,3,9,0,0,0,0,0,13835,6.3,14467,183,48,18.3,1383.5
1,22,1,1,9,6,9,2,0,1,1,17687,6.94,16262,202,61,2063,1611,20.2,1768.7,13,2,0,6,9,3,0,0,0,1,16490,6.67,14988,209,44,20.9,1649.0
1,21,3,0,14,2,15,0,0,0,0,18894,7.07,18814,264,61,4367,2644,26.4,1889.4,17,1,1,2,14,0,0,0,0,0,14405,6.08,13260,220,41,22.0,1440.5
1,12,3,0,5,3,0,1,0,0,0,16207,6.41,16007,215,57,-720,-172,21.5,1620.7,17,2,1,3,5,5,1,1,0,0,15952,7.11,16185,200,49,20.0,1595.2
1,27,0,0,11,4,9,0,2,1,2,19175,7.22,19148,238,62,1174,721,23.8,1917.5,21,0,1,4,11,6,0,0,0,0,15721,6.91,16364,181,44,18.1,1572.1
0,15,0,1,6,5,0,0,0,1,1,15956,7.23,17104,215,53,-584,815,21.5,1595.6,24,2,0,5,6,10,0,0,0,2,16217,7.65,19200,215,67,21.5,1621.7
0,19,2,1,6,3,5,0,0,0,0,14882,7.06,17119,206,62,-2027,44,20.6,1488.2,22,1,0,3,6,8,1,0,1,0,18281,7.22,18316,227,59,22.7,1828.1
1,30,4,0,2,6,4,1,1,0,0,13885,6.3,16670,198,49,-1296,-56,19.8,1388.5,23,5,1,6,2,10,2,1,0,0,16274,7.15,17422,230,66,23.0,1627.4
0,20,0,0,0,9,0,0,0,0,0,11313,6.26,15359,220,48,-3843,-2122,22.0,1131.3,29,3,1,9,0,7,1,0,1,2,18023,7.19,21040,235,73,23.5,1802.3
1,31,5,1,8,10,7,1,1,0,1,18447,7.14,18624,233,55,2488,1644,23.3,1844.7,20,3,0,10,8,2,0,0,1,1,15500,6.68,16942,172,45,17.2,1550.0
0,16,1,0,8,10,4,0,0,0,2,15533,6.31,16487,200,56,-1695,-1730,20.0,1553.3,20,1,1,10,8,3,1,1,0,0,17974,7.02,17636,234,64,23.4,1797.4
0,24,0,1,4,9,5,0,1,0,0,17336,6.5,16964,204,41,-1149,-340,20.4,1733.6,22,3,0,9,4,9,1,1,0,1,18587,7.01,19443,215,60,21.5,1858.7
0,18,3,0,5,8,1,0,0,0,0,15344,6.28,15006,212,84,-2399,-2040,21.2,1534.4,24,4,1,8,5,8,1,1,0,1,17739,7.11,19371,231,58,23.1,1773.9
0,21,3,0,6,6,4,1,0,0,0,16865,7.41,17877,221,61,-77,358,22.1,1686.5,16,6,1,6,6,6,1,0,0,0,17198,7.27,18941,238,63,23.8,1719.8
1,34,4,1,9,8,11,2,0,0,1,18341,7.42,21303,259,56,3173,2625,25.9,1834.1,13,3,0,8,9,1,0,0,0,0,13808,6.66,13660,229,42,22.9,1380.8
1,23,4,1,8,0,12,2,0,0,2,18614,7.95,20489,253,68,3687,3794,25.3,1861.4,19,2,0,0,8,2,0,1,0,0,16194,6.72,15127,190,43,19.0,1619.4
0,17,1,0,0,10,9,0,0,1,1,15085,6.59,17232,203,44,-2990,-2148,20.3,1508.5,27,3,1,10,0,10,0,0,0,1,18114,7.34,18884,226,73,22.6,1811.4
1,15,1,1,5,11,5,0,1,0,2,15636,7.32,16907,224,54,-2040,-1118,22.4,1563.6,30,3,0,11,5,7,0,0,0,0,18178,7.02,19803,231,63,23.1,1817.8
0,22,1,1,3,7,5,0,1,0,0,14008,6.16,17594,221,41,-2565,-2862,22.1,1400.8,22,2,0,7,3,9,1,1,0,1,15724,7.2,19443,206,58,20.6,1572.4
1,19,2,1,6,4,7,1,0,0,1,19520,7.6,17743,203,40,1383,1119,20.3,1952.0,21,4,0,4,6,8,0,0,0,0,17772,6.92,15598,216,59,21.6,1777.2
1,26,2,0,7,5,10,1,0,1,0,16581,6.94,18295,216,73,693,691,21.6,1658.1,19,3,1,5,7,8,0,0,0,0,13444,6.57,17383,231,46,23.1,1344.4
0,10,0,1,9,5,2,0,0,0,0,14584,6.7,17419,185,51,-1236,-1741,18.5,1458.4,33,3,0,5,9,8,1,1,1,0,16306,6.93,18805,258,67,25.8,1630.6
1,23,0,0,10,8,6,1,0,0,0,19015,7.28,18893,205,63,858,119,20.5,1901.5,29,2,1,8,10,7,0,0,0,0,15471,6.92,18910,200,41,20.0,1547.1
1,16,2,1,5,5,5,1,0,0,1,15082,6.76,17559,211,40,1835,-722,21.1,1508.2,14,1,0,5,5,8,0,0,1,0,17417,6.92,17768,242,61,24.2,1741.7
1,27,0,1,10,4,10,2,1,1,0,18255,7.48,21641,235,73,2712,968,23.5,1825.5,21,2,0,4,10,5,0,0,0,0,13214,5.91,16477,176,57,17.6,1321.4
0,21,0,1,9,6,9,0,1,0,1,18883,6.73,19203,218,58,1349,-536,21.8,1888.3,11,1,0,6,9,6,0,1,0,1,13849,6.43,15747,232,81,23.2,1384.9
1,19,2,0,8,7,7,1,1,0,2,19850,7.74,18493,219,58,1649,1621,21.9,1985.0,31,4,1,7,8,5,0,0,1,0,14719,6.75,16378,202,59,20.2,1471.9
0,13,0,0,2,11,3,0,0,0,0,12918,5.96,14193,163,26,-2012,-5748,16.3,1291.8,24,1,1,11,2,11,1,0,0,2,22183,7.9,19405,274,82,27.4,2218.3
1,16,1,1,7,7,2,0,1,0,1,18427,6.51,16619,201,54,-98,-218,20.1,1842.7,18,3,0,7,7,6,1,0,0,1,14433,6.3,21579,226,43,22.6,1443.3
1,28,0,1,11,4,11,1,1,1,1,19279,7.12,19892,205,76,2259,3959,20.5,1927.9,0,2,0,4,11,0,1,0,0,0,10851,6.64,11935,194,35,19.4,1085.1
1,17,5,1,8,0,4,1,0,0,2,17299,6.8,19039,222,62,2317,623,22.2,1729.9,16,3,0,0,8,4,0,0,0,0,13608,6.82,16754,214,46,21.4,1360.8
0,15,0,1,3,7,1,0,0,0,0,12667,5.81,15416,193,63,-5439,-2635,19.3,1266.7,19,6,0,7,3,7,0,0,0,2,17142,7.17,20581,243,66,24.3,1714.2
0,21,1,1,0,8,11,0,0,0,0,17767,6.86,16919,212,58,-1193,-1537,21.2,1776.7,17,2,0,8,0,4,1,0,0,1,17333,7.22,19382,221,50,22.1,1733.3
0,26,0,0,4,10,4,0,1,0,0,15518,6.18,14166,221,66,-2502,-1551,22.1,1551.8,24,2,1,10,4,8,1,1,0,0,19199,7.5,19639,231,64,23.1,1919.9
1,23,5,1,5,3,8,0,1,1,1,19284,7.09,21339,259,58,2667,2044,25.9,1928.4,20,0,0,3,5,0,0,0,1,1,14610,6.71,13244,205,31,20.5,1461.0
1,19,3,0,7,7,8,0,0,0,1,15979,6.22,15047,216,45,2465,-231,21.6,1597.9,17,2,1,7,7,11,0,0,0,1,14972,6.0,14599,250,47,25.0,1497.2
1,20,1,1,2,7,4,0,0,0,0,14983,7.26,15392,201,45,518,-1899,20.1,1498.3,21,1,0,7,2,9,1,0,0,0,15949,7.41,19827,205,74,20.5,1594.9
0,10,1,0,9,9,3,1,0,1,1,17085,7.09,19213,251,48,502,-436,25.1,1708.5,22,1,1,9,9,10,1,0,0,0,17462,6.87,16646,217,68,21.7,1746.2
0,9,1,0,1,12,0,0,0,0,0,11664,5.52,13084,187,34,-2945,-5152,18.7,1166.4,24,3,1,12,1,14,1,1,0,1,19573,7.77,21590,220,65,22.0,1957.3
0,16,0,1,4,7,4,0,0,0,0,13523,6.57,17404,199,51,-1503,-2231,19.9,1352.3,16,2,0,7,4,0,1,0,0,2,19398,6.76,19827,210,69,21.0,1939.8
0,17,3,0,7,9,5,1,0,0,1,16025,6.84,17881,225,59,1512,-1420,22.5,1602.5,28,0,1,9,7,6,0,1,0,2,15808,6.74,17012,210,64,21.0,1580.8
1,14,2,0,6,6,7,1,1,1,1,17796,7.06,19306,249,54,668,2100,24.9,1779.6,12,1,1,6,6,8,1,0,1,0,14951,6.88,18525,185,43,18.5,1495.1
0,20,2,0,4,9,4,1,0,0,0,13485,6.54,14457,208,46,-3401,-3242,20.8,1348.5,26,2,1,9,4,10,1,0,1,1,20262,7.26,18199,248,59,24.8,2026.2
0,21,3,0,7,6,8,1,0,0,1,17905,6.28,16670,224,42,-138,329,22.4,1790.5,26,4,1,6,7,5,0,1,0,1,18697,7.51,19744,208,60,20.8,1869.7
1,23,2,1,7,5,10,0,0,0,0,19894,6.81,19683,230,59,3439,1972,23.0,1989.4,26,0,0,5,7,0,0,0,0,0,16971,6.57,16330,218,64,21.8,1697.1
0,14,0,0,1,7,2,0,0,1,0,14833,6.36,15722,194,41,-1473,-2232,19.4,1483.3,21,4,1,7,1,7,0,1,0,1,18343,7.18,18001,225,76,22.5,1834.3
0,21,2,0,6,6,7,2,0,0,1,15673,7.14,17203,271,49,-239,-681,27.1,1567.3,18,3,1,6,6,3,0,0,0,1,15145,7.33,16120,250,60,25.0,1514.5
1,23,0,1,6,5,9,0,0,0,0,17100,6.79,17557,174,63,698,-785,17.4,1710.0,23,3,0,5,6,0,0,0,0,2,14863,7.17,17768,217,41,21.7,1486.3
1,22,3,1,7,3,11,1,1,0,0,18394,7.4,19357,233,61,2746,2729,23.3,1839.4,17,3,0,3,7,2,0,0,0,0,15461,7.0,13858,227,57,22.7,1546.1
0,22,2,0,4,2,7,2,0,0,1,12836,6.4,15561,220,57,5,1372,22.0,1283.6,23,3,1,2,4,7,1,0,0,1,17111,6.7,19998,221,50,22.1,1711.1
0,16,1,0,4,4,4,0,0,0,0,18406,6.6,17401,208,46,206,-1521,20.8,1840.6,26,1,1,4,4,8,0,0,0,0,14746,6.7,17529,222,50,22.2,1474.6
1,22,0,1,7,5,10,2,1,1,1,16312,7.36,19527,210,61,2150,1833,21.0,1631.2,20,0,0,5,7,5,1,0,1,0,16528,6.84,18092,209,44,20.9,1652.8
0,23,3,0,3,11,7,1,0,0,1,17063,6.76,15767,189,52,-1801,-331,18.9,1706.3,18,2,1,11,3,10,1,0,1,0,17211,6.84,19314,205,72,20.5,1721.1
0,26,1,0,7,6,8,0,1,1,0,16173,6.95,17039,205,64,-472,739,20.5,1617.3,32,1,1,6,7,3,1,0,0,1,17359,7.24,17316,220,50,22.0,1735.9
1,26,5,0,5,9,12,0,0,0,0,17428,7.06,17336,228,48,-876,-943,22.8,1742.8,20,5,1,9,5,5,0,0,0,0,16360,7.0,17101,237,72,23.7,1636.0
0,21,2,1,7,3,8,1,0,0,0,18159,7.07,15998,216,43,551,-223,21.6,1815.9,21,2,0,3,7,2,1,0,0,1,14364,7.45,17090,220,45,22.0,1436.4
1,22,3,1,8,3,11,1,0,1,0,18800,6.93,16046,222,60,-339,1566,22.2,1880.0,15,3,0,3,8,9,0,1,0,2,14474,6.74,17259,169,61,16.9,1447.4
1,19,2,1,7,5,9,1,1,1,0,17668,7.23,19459,233,43,355,1047,23.3,1766.8,8,1,0,5,7,5,0,1,0,1,17474,6.9,16844,206,29,20.6,1747.4
0,9,2,0,6,8,4,1,0,0,1,15665,6.76,17318,176,57,-2175,322,17.6,1566.5,12,0,1,8,6,8,1,0,0,2,17937,7.28,21675,204,57,20.4,1793.7
0,14,4,1,0,7,3,1,0,1,1,16963,6.84,15079,212,54,1220,541,21.2,1696.3,19,1,0,7,0,8,0,0,0,0,14978,6.87,15959,226,58,22.6,1497.8
1,22,4,1,8,2,7,0,1,0,1,17025,7.14,19228,220,51,2776,2463,22.0,1702.5,9,2,0,2,8,3,0,0,0,0,14246,6.4,17596,219,59,21.9,1424.6
0,18,0,0,3,7,2,0,1,0,0,14535,7.06,16410,203,45,-1079,-1544,20.3,1453.5,12,4,1,7,3,11,1,0,0,0,21752,6.26,20336,193,57,19.3,2175.2
0,27,3,0,7,7,3,1,0,0,1,14404,7.2,17121,197,64,-104,57,19.7,1440.4,21,1,1,7,7,5,1,0,0,1,15258,6.77,17876,235,56,23.5,1525.8
0,26,3,1,4,5,5,1,0,0,0,15751,6.69,16113,234,43,148,-704,23.4,1575.1,21,0,0,5,4,6,0,0,1,0,18432,7.21,18831,208,54,20.8,1843.2
0,16,2,1,7,4,6,1,0,0,0,14671,6.65,17345,200,61,-1475,707,20.0,1467.1,18,1,0,4,7,7,0,0,0,1,15045,6.89,18578,224,53,22.4,1504.5
0,21,4,0,4,11,6,0,0,1,0,14960,6.31,14382,172,61,-1803,-2940,17.2,1496.0,28,4,1,11,4,10,1,1,1,1,19517,7.64,18592,230,67,23.0,1951.7
1,20,5,1,6,1,6,2,1,0,0,15857,7.52,19269,227,74,1077,1782,22.7,1585.7,14,2,0,1,6,3,0,0,0,0,16178,6.25,18172,218,51,21.8,1617.8
0,22,3,0,5,11,7,0,0,0,0,15096,6.36,14708,201,54,-292,640,20.1,1509.6,23,4,1,11,5,6,1,1,0,1,19749,6.63,18649,214,66,21.4,1974.9
1,26,2,0,5,0,9,1,1,0,0,18211,7.12,19507,237,61,-411,1081,23.7,1821.1,22,1,1,0,5,3,0,0,0,0,12843,6.49,16823,191,46,19.1,1284.3
0,25,0,0,6,7,6,1,1,0,0,15953,6.97,18779,239,43,-1919,-2701,23.9,1595.3,17,0,1,7,6,10,1,1,0,1,16995,7.05,18261,217,53,21.7,1699.5
0,16,3,0,4,11,5,0,0,0,1,13736,6.89,16741,212,61,-1858,588,21.2,1373.6,19,2,1,11,4,6,2,1,1,0,17787,7.94,18047,214,76,21.4,1778.7
1,27,5,1,7,8,14,1,1,0,0,19847,7.37,20012,244,69,3381,1505,24.4,1984.7,16,2,0,8,7,5,0,1,0,0,16207,6.97,14537,201,37,20.1,1620.7
1,13,0,0,4,4,6,1,1,1,1,17883,6.62,18485,218,78,2790,2337,21.8,1788.3,17,0,1,4,4,2,1,0,0,1,14991,6.68,14342,203,52,20.3,1499.1
0,27,4,0,6,8,5,0,0,0,1,16233,7.09,19792,195,60,-470,1969,19.5,1623.3,15,1,1,8,6,7,1,1,0,0,14449,6.47,15755,253,49,25.3,1444.9
0,21,2,1,5,6,8,1,1,0,1,16236,6.83,17618,238,61,3186,-138,23.8,1623.6,32,2,0,6,5,6,0,0,0,0,16688,6.24,16273,206,57,20.6,1668.8
0,19,0,0,2,6,6,0,0,0,1,15932,6.67,15060,248,65,-1085,-1029,24.8,1593.2,29,3,1,6,2,8,1,0,0,0,16716,6.84,18203,247,49,24.7,1671.6
1,10,3,0,6,7,7,1,0,1,1,14608,6.35,15615,210,66,756,304,21.0,1460.8,21,3,1,7,6,6,0,0,0,0,14596,6.76,18427,217,60,21.7,1459.6
0,17,3,0,7,6,5,1,0,1,0,15692,7.08,15488,206,31,-1666,-2229,20.6,1569.2,16,1,1,6,7,7,0,1,0,0,17947,6.64,17363,214,65,21.4,1794.7
1,29,2,1,9,1,9,0,0,0,0,15646,7.32,18893,247,73,2737,666,24.7,1564.6,30,2,0,1,9,9,1,0,0,0,15483,7.23,17511,217,27,21.7,1548.3
0,16,0,0,1,9,6,1,1,0,0,14864,6.49,16200,224,59,-1583,-1078,22.4,1486.4,26,3,1,9,1,10,1,0,0,1,18230,7.17,18541,212,52,21.2,1823.0
1,27,5,1,9,4,9,1,0,0,1,18130,7.41,22031,228,60,2588,2818,22.8,1813.0,22,1,0,4,9,3,0,0,1,0,12980,6.86,15486,187,48,18.7,1298.0
0,20,1,1,7,4,10,0,0,0,0,15136,7.1,17414,240,55,-1856,-685,24.0,1513.6,20,2,0,4,7,4,1,1,0,0,16562,7.49,18454,208,57,20.8,1656.2
1,25,4,1,6,6,7,1,0,0,1,15815,7.35,17663,202,65,-474,-925,20.2,1581.5,23,3,0,6,6,9,0,0,0,0,17173,6.5,17796,217,46,21.7,1717.3
1,22,0,1,8,2,7,1,1,1,1,16856,7.28,18667,231,72,1640,-516,23.1,1685.6,24,5,0,2,8,3,1,1,0,2,16027,6.89,16082,226,33,22.6,1602.7
1,15,3,0,5,5,9,0,0,1,1,16529,6.74,19226,197,62,-1914,625,19.7,1652.9,12,4,1,5,5,6,0,1,0,0,17964,7.12,17631,214,41,21.4,1796.4
1,20,2,0,4,6,0,0,0,1,0,17283,6.45,14917,216,57,-804,406,21.6,1728.3,21,3,1,6,4,4,0,0,0,0,20157,7.06,16638,250,74,25.0,2015.7
0,28,3,1,4,8,3,0,0,0,1,18136,7.65,18280,229,61,469,-39,22.9,1813.6,21,0,0,8,4,4,0,1,0,0,16736,6.55,19102,205,70,20.5,1673.6
1,24,5,0,9,3,7,0,1,1,1,18952,7.01,17454,220,67,2839,1584,22.0,1895.2,22,3,1,3,9,4,0,0,1,1,14264,7.0,15651,249,49,24.9,1426.4
1,18,0,1,6,5,2,1,1,0,0,17232,6.73,17059,208,75,-838,-975,20.8,1723.2,25,1,0,5,6,9,1,0,1,2,15943,7.26,18158,244,52,24.4,1594.3
0,31,3,0,5,10,8,0,0,0,1,17615,7.02,16896,221,68,-403,-1071,22.1,1761.5,19,3,1,10,5,6,1,0,0,0,16689,7.46,20096,240,47,24.0,1668.9
0,26,0,1,8,7,8,0,0,0,1,16438,7.22,17638,225,62,1017,409,22.5,1643.8,14,1,0,7,8,12,1,1,1,1,15075,6.72,17267,179,45,17.9,1507.5
1,26,0,1,5,6,12,2,0,0,0,17335,7.06,19272,218,52,1079,2620,21.8,1733.5,6,1,0,6,5,4,1,0,0,1,16711,6.49,17395,229,42,22.9,1671.1
1,21,1,1,5,8,4,1,1,0,0,18515,7.22,18532,251,62,-294,-52,25.1,1851.5,21,2,0,8,5,8,1,0,1,1,16317,6.57,17999,243,49,24.3,1631.7
1,27,4,1,7,4,11,0,1,0,2,19070,8.26,20498,242,63,3315,3381,24.2,1907.0,17,2,0,4,7,0,0,0,0,0,13114,6.15,15844,180,30,18.0,1311.4
1,24,4,0,3,7,9,1,0,0,1,14944,6.78,17482,227,52,-1121,-1245,22.7,1494.4,16,4,1,7,3,5,0,0,0,0,16524,6.57,17850,202,54,20.2,1652.4
0,9,5,0,2,8,6,1,1,0,2,16812,7.05,17834,191,45,-430,-796,19.1,1681.2,18,2,1,8,2,3,1,1,0,1,16938,6.89,17051,227,47,22.7,1693.8
1,22,1,0,4,7,8,0,0,1,1,18262,6.55,17216,224,56,-612,-206,22.4,1826.2,30,2,1,7,4,7,1,1,1,0,17600,7.14,17656,231,62,23.1,1760.0
0,17,2,0,4,8,3,0,0,0,0,15696,6.45,16511,181,49,-2864,-922,18.1,1569.6,17,4,1,8,4,9,2,1,0,1,18692,7.07,18437,234,63,23.4,1869.2
0,15,3,1,4,10,7,0,0,0,1,14820,6.38,17677,227,64,-2288,-2212,22.7,1482.0,12,3,0,10,4,11,2,1,0,2,15275,7.37,19222,227,60,22.7,1527.5
0,18,3,0,4,7,3,0,1,0,1,17170,6.42,19170,218,49,430,-291,21.8,1717.0,22,1,1,7,4,10,2,0,0,2,17355,7.04,19463,218,56,21.8,1735.5
1,14,2,1,8,4,4,1,0,1,1,16834,6.84,20507,220,66,2371,2050,22.0,1683.4,14,2,0,4,8,5,0,0,1,0,17297,6.0,16355,202,58,20.2,1729.7
0,11,2,0,1,7,5,0,0,0,0,16966,7.39,19336,217,64,-463,631,21.7,1696.6,25,4,1,7,1,5,1,1,0,1,16659,6.05,19811,228,76,22.8,1665.9
0,25,2,0,6,8,5,0,0,0,1,15489,7.39,15757,229,58,-914,-1366,22.9,1548.9,21,2,1,8,6,9,0,1,0,1,18737,7.27,18587,250,54,25.0,1873.7
0,25,2,1,4,1,10,1,0,1,0,17411,7.67,20304,232,63,1603,2386,23.2,1741.1,6,0,0,1,4,4,0,1,0,0,15685,6.65,16869,223,66,22.3,1568.5
1,11,2,0,8,3,10,2,1,0,0,17738,7.26,19824,229,79,3293,2714,22.9,1773.8,16,2,1,3,8,0,0,0,0,1,13605,7.33,15182,209,39,20.9,1360.5
1,20,2,1,9,1,7,1,1,0,2,18500,7.52,18076,244,34,2753,2265,24.4,1850.0,15,3,0,1,9,5,1,0,0,0,14826,6.24,18169,208,35,20.8,1482.6
0,23,1,0,5,8,2,0,0,0,1,15303,6.22,15569,209,66,-1143,-141,20.9,1530.3,26,3,1,8,5,8,1,0,0,0,17745,6.92,20522,249,59,24.9,1774.5
1,18,0,1,5,9,9,0,0,1,0,17029,5.84,18287,240,31,-1217,576,24.0,1702.9,22,3,0,9,5,7,1,0,0,1,17183,6.82,16899,215,70,21.5,1718.3
1,30,4,1,10,6,9,1,1,1,1,17840,7.25,21131,272,78,5395,2931,27.2,1784.0,18,2,0,6,10,4,0,0,0,0,15223,6.23,13789,163,55,16.3,1522.3
1,26,3,1,10,7,5,2,1,0,2,20221,7.04,16369,194,64,53,-286,19.4,2022.1,30,2,0,7,10,3,0,0,1,1,17019,6.38,17886,218,38,21.8,1701.9
1,13,5,0,10,8,6,0,0,0,0,16436,6.75,16993,210,56,-1273,-413,21.0,1643.6,27,0,1,8,10,7,0,0,0,1,15540,7.12,17743,223,62,22.3,1554.0
1,21,3,1,8,2,5,1,0,0,0,17962,7.17,16746,277,73,1123,67,27.7,1796.2,14,2,0,2,8,6,1,0,0,1,16378,6.71,15804,222,55,22.2,1637.8
1,20,2,0,8,5,6,2,0,0,1,18885,7.19,18316,243,62,2086,1773,24.3,1888.5,13,0,1,5,8,8,0,0,0,0,14106,6.33,17611,238,58,23.8,1410.6
1,12,1,1,4,5,7,1,0,0,1,13871,6.61,15867,230,56,-2006,623,23.0,1387.1,17,5,0,5,4,6,1,1,0,1,14820,7.42,18623,228,51,22.8,1482.0
1,13,2,1,5,8,4,0,0,0,1,19286,6.81,17749,229,49,-85,181,22.9,1928.6,16,2,0,8,5,0,0,1,0,1,15256,6.55,15652,190,53,19.0,1525.6
1,18,3,0,9,2,5,1,0,1,2,17010,7.28,19723,237,61,1813,1807,23.7,1701.0,11,0,1,2,9,4,0,0,0,0,15521,6.77,15339,192,65,19.2,1552.1
0,14,1,1,6,6,3,0,0,1,0,16048,7.25,14958,159,62,-2535,-2029,15.9,1604.8,21,2,0,6,6,4,1,0,0,1,17335,7.09,19016,205,63,20.5,1733.5
0,21,0,1,1,8,7,1,1,0,0,17132,6.78,16202,231,62,67,-279,23.1,1713.2,16,1,0,8,1,2,2,0,0,1,18204,6.6,18848,286,45,28.6,1820.4
0,23,0,0,3,12,7,0,0,0,1,14539,7.09,16063,238,57,-2670,-1188,23.8,1453.9,22,1,1,12,3,8,0,0,1,0,18996,7.31,18275,229,58,22.9,1899.6
0,21,2,0,7,10,5,2,0,0,0,16050,6.43,16211,185,50,-1357,-2361,18.5,1605.0,24,3,1,10,7,10,1,0,0,0,17615,7.8,19381,224,61,22.4,1761.5
1,23,3,0,6,6,6,0,0,0,0,15537,6.52,15157,197,52,-1660,-1655,19.7,1553.7,22,1,1,6,6,11,0,0,0,0,16630,7.08,17442,213,77,21.3,1663.0
0,20,0,1,8,3,4,1,1,1,0,17650,7.34,18837,223,51,1671,2106,22.3,1765.0,13,0,0,3,8,7,1,1,0,0,17028,6.66,15331,222,50,22.2,1702.8
1,22,2,0,2,6,6,1,0,0,0,16878,7.39,15911,183,55,-1843,-1733,18.3,1687.8,19,3,1,6,2,4,0,0,1,0,14797,7.75,19993,206,49,20.6,1479.7
0,18,2,0,6,8,2,0,0,1,0,15636,6.4,18428,204,38,-483,-1236,20.4,1563.6,22,2,1,8,6,7,1,0,0,0,16776,7.27,16302,241,57,24.1,1677.6
1,18,1,1,8,6,8,1,0,0,0,16946,6.26,18544,197,49,-1352,2197,19.7,1694.6,18,2,0,6,8,3,1,0,0,1,16517,6.85,18631,215,53,21.5,1651.7
0,27,1,0,4,6,4,0,0,0,1,14214,6.49,17636,215,40,-1148,-61,21.5,1421.4,20,4,1,6,4,8,0,1,1,2,17164,7.32,18230,270,38,27.0,1716.4
1,9,1,1,6,8,7,0,1,0,0,16029,7.47,17763,229,69,1672,557,22.9,1602.9,14,2,0,8,6,4,0,0,0,1,15053,7.08,16539,226,57,22.6,1505.3
1,13,3,1,9,6,10,1,1,0,2,19184,7.33,20969,227,71,2041,2577,22.7,1918.4,20,0,0,6,9,5,0,0,0,1,16133,6.46,16767,203,42,20.3,1613.3
0,22,4,1,4,10,5,0,0,0,1,15440,6.3,18066,210,65,-518,-349,21.0,1544.0,22,4,0,10,4,4,1,1,1,0,15910,6.41,14584,240,66,24.0,1591.0
1,18,4,1,3,3,4,0,0,0,2,18042,6.65,18464,219,56,-351,-1170,21.9,1804.2,17,2,0,3,3,10,1,0,0,3,16364,7.59,19273,192,76,19.2,1636.4
0,14,1,1,9,3,4,0,2,0,0,15940,7.09,19373,245,68,-190,350,24.5,1594.0,25,2,0,3,9,5,1,0,0,1,17808,6.75,17440,228,46,22.8,1780.8
0,11,1,1,4,11,6,0,0,0,0,13696,6.8,15904,184,50,-3020,-2878,18.4,1369.6,13,3,0,11,4,9,1,1,0,1,20038,8.05,19278,219,57,21.9,2003.8
1,16,0,1,6,5,7,1,1,0,2,18022,6.94,16696,227,49,2129,-14,22.7,1802.2,10,3,0,5,6,3,1,0,0,0,15078,6.88,17185,193,54,19.3,1507.8
1,31,4,1,10,0,11,1,1,0,1,22232,7.91,21127,285,53,5115,5375,28.5,2223.2,25,0,0,0,10,0,1,0,0,0,12293,6.68,13486,173,35,17.3,1229.3
0,26,3,1,4,4,7,1,0,0,1,16553,7.14,17630,202,49,-431,964,20.2,1655.3,24,0,0,4,4,5,0,0,0,0,17124,6.88,18315,205,66,20.5,1712.4
1,28,4,1,6,4,6,0,0,0,0,18838,6.92,16351,239,60,-1625,-441,23.9,1883.8,18,4,0,4,6,10,0,0,0,1,15726,6.6,16498,201,91,20.1,1572.6
0,14,0,1,5,9,2,1,0,1,1,15602,7.02,19066,223,78,2088,-56,22.3,1560.2,19,1,0,9,5,4,0,0,0,2,15572,6.98,16068,231,65,23.1,1557.2
1,16,1,1,12,0,14,0,0,0,2,16198,7.56,18615,276,73,2483,3815,27.6,1619.8,13,1,0,0,12,2,1,0,0,0,12612,6.29,16608,217,41,21.7,1261.2
1,15,3,1,7,0,7,0,0,0,0,16043,7.01,19586,179,51,1985,1310,17.9,1604.3,25,0,0,0,7,8,0,1,0,0,15451,6.85,16936,206,45,20.6,1545.1
0,22,0,1,2,8,0,0,1,0,0,11621,6.16,16196,179,45,-3820,-3689,17.9,1162.1,29,2,0,8,2,7,0,1,1,1,20433,7.97,18847,226,65,22.6,2043.3
1,23,3,1,6,5,7,1,1,0,0,15765,6.53,20973,231,66,649,-265,23.1,1576.5,14,1,0,5,6,8,1,0,0,1,15409,7.31,15948,200,56,20.0,1540.9
1,26,4,1,13,0,10,1,1,0,0,19421,6.7,20626,255,79,4975,3355,25.5,1942.1,15,3,0,0,13,2,0,0,0,1,13868,5.72,14896,178,38,17.8,1386.8
1,22,0,0,9,6,6,1,0,0,0,16733,6.58,18681,244,58,2045,2223,24.4,1673.3,19,3,1,6,9,5,2,0,0,0,17419,7.47,16237,189,50,18.9,1741.9
0,17,2,0,0,7,4,0,0,0,0,14364,6.6,15674,203,39,-2759,-1694,20.3,1436.4,24,2,1,7,0,13,2,0,1,0,20608,7.13,17525,270,73,27.0,2060.8
0,15,0,1,5,6,2,0,0,1,0,15435,7.42,18911,249,67,987,-172,24.9,1543.5,14,1,0,6,5,7,1,0,0,1,18222,6.89,15019,190,48,19.0,1822.2
0,20,3,0,3,9,5,0,0,0,0,14704,6.73,15831,220,35,-2918,-1691,22.0,1470.4,22,6,1,9,3,8,2,0,1,0,18739,8.36,17792,239,73,23.9,1873.9
1,22,3,1,8,7,11,2,1,0,1,19160,7.66,18666,215,69,4130,852,21.5,1916.0,13,2,0,7,8,1,2,1,1,0,14087,6.62,14720,219,65,21.9,1408.7
0,12,1,0,6,12,0,0,0,1,0,14573,6.59,18904,232,41,-2997,-636,23.2,1457.3,28,5,1,12,6,6,1,1,0,1,17219,7.0,19436,239,83,23.9,1721.9
1,23,0,0,5,6,7,2,1,1,0,16257,7.03,18758,228,30,877,23,22.8,1625.7,24,3,1,6,5,7,1,0,0,0,15080,6.71,18494,212,65,21.2,1508.0
0,16,2,1,6,10,2,1,0,0,1,16460,6.51,14688,223,49,-2414,-464,22.3,1646.0,15,2,0,10,6,7,0,1,0,1,18493,7.27,16277,228,49,22.8,1849.3
0,20,4,0,6,8,4,0,0,1,1,16712,6.02,16233,241,51,-1323,-926,24.1,1671.2,15,3,1,8,6,6,1,0,0,1,16594,6.93,18122,217,56,21.7,1659.4
1,22,2,1,9,4,10,2,0,1,1,17999,6.84,19786,202,56,3214,3199,20.2,1799.9,12,0,0,4,9,0,0,1,0,0,14631,6.6,15223,156,41,15.6,1463.1
1,25,1,0,8,7,8,0,0,0,0,18083,6.72,18095,188,68,-903,340,18.8,1808.3,20,5,1,7,8,8,0,0,0,0,17873,5.86,18947,198,59,19.8,1787.3
1,20,1,1,1,9,6,0,0,1,1,15333,6.86,14588,224,35,162,-1298,22.4,1533.3,26,2,0,9,1,9,0,0,0,0,15633,7.06,19502,220,56,22.0,1563.3
1,13,4,0,3,10,0,0,0,1,0,15632,6.1,15761,157,53,-2350,-415,15.7,1563.2,26,1,1,10,3,8,1,0,0,2,18747,7.15,19055,239,60,23.9,1874.7
0,18,0,0,0,11,2,0,0,0,0,12450,6.56,17141,194,50,-4180,-3398,19.4,1245.0,30,4,1,11,0,8,1,2,1,1,19706,7.8,20374,219,52,21.9,1970.6
0,19,3,1,3,9,5,2,0,1,0,13798,6.73,17051,209,50,-3364,-1303,20.9,1379.8,26,3,0,9,3,9,1,0,0,1,18077,7.57,19026,232,45,23.2,1807.7
1,23,1,0,5,8,4,0,1,0,0,15177,6.41,18705,213,54,815,-2000,21.3,1517.7,19,3,1,8,5,5,1,1,1,0,16686,6.68,18702,229,56,22.9,1668.6
1,27,2,1,8,4,6,1,1,1,0,17805,7.38,16067,255,51,2162,1890,25.5,1780.5,22,2,0,4,8,3,0,1,1,1,14516,6.9,14905,188,56,18.8,1451.6
0,16,1,1,5,6,5,0,0,1,0,15096,6.69,14319,217,50,120,-2246,21.7,1509.6,11,1,0,6,5,5,1,1,1,0,17411,7.52,18242,226,61,22.6,1741.1
1,26,3,1,10,0,11,1,1,0,0,17750,6.79,19366,287,72,3292,2894,28.7,1775.0,13,1,0,0,10,2,1,0,0,0,12807,6.1,17104,191,39,19.1,1280.7
1,10,1,0,5,9,3,1,1,1,0,15789,6.71,15435,189,40,-2430,-165,18.9,1578.9,10,3,1,9,5,8,1,1,0,1,16619,6.33,18601,228,65,22.8,1661.9
1,19,3,0,7,8,6,0,0,0,0,17282,6.42,16573,232,32,-687,290,23.2,1728.2,16,2,1,8,7,0,1,0,0,2,16368,6.6,18602,225,44,22.5,1636.8
0,16,3,0,1,5,1,0,0,0,1,14788,7.03,15353,221,43,-392,-1003,22.1,1478.8,15,3,1,5,1,14,1,1,0,0,18151,7.08,17633,220,54,22.0,1815.1
1,29,1,1,9,2,9,1,0,1,0,18141,6.51,18957,228,56,1794,2525,22.8,1814.1,19,1,0,2,9,5,0,0,0,0,16750,7.13,14379,233,63,23.3,1675.0
1,23,4,1,7,3,6,2,0,1,2,19331,7.76,19603,255,49,4268,2445,25.5,1933.1,8,1,0,3,7,1,1,0,0,2,12725,6.35,13259,208,31,20.8,1272.5
0,20,1,0,0,10,3,0,1,0,0,12865,7.03,17185,198,38,-2973,-2060,19.8,1286.5,24,3,1,10,0,4,1,1,0,1,19054,6.71,18479,247,69,24.7,1905.4
1,10,2,0,10,7,8,2,0,0,0,15455,7.31,13854,188,70,-843,430,18.8,1545.5,20,3,1,7,10,4,1,0,0,1,19206,7.14,16796,226,40,22.6,1920.6
1,21,5,0,7,5,8,0,0,0,0,19928,7.64,19761,239,73,1960,1078,23.9,1992.8,19,4,1,5,7,1,0,0,0,0,16541,6.16,13441,221,44,22.1,1654.1
0,13,0,0,2,9,4,0,1,0,0,14006,6.38,15331,237,52,-2518,-3004,23.7,1400.6,23,3,1,9,2,11,1,0,0,1,17866,7.23,16975,240,74,24.0,1786.6
1,34,4,1,3,6,8,1,0,0,2,19663,7.03,18680,260,61,1950,1332,26.0,1966.3,19,1,0,6,3,4,0,0,0,1,16605,6.95,17267,205,48,20.5,1660.5
1,19,3,0,8,1,5,1,1,0,1,17612,7.26,19580,215,39,1962,2193,21.5,1761.2,10,1,1,1,8,5,0,1,1,2,12197,6.71,14568,211,50,21.1,1219.7
1,21,2,0,7,7,3,1,0,0,0,15744,6.48,16573,223,67,918,1365,22.3,1574.4,36,2,1,7,7,4,1,1,0,0,15491,6.85,17536,205,49,20.5,1549.1
1,22,3,0,8,2,6,0,0,0,1,19772,7.31,18058,255,44,749,675,25.5,1977.2,17,0,1,2,8,3,0,0,0,0,16067,6.62,16508,222,48,22.2,1606.7
1,16,3,1,7,0,9,0,0,0,1,20617,7.56,20507,217,58,2286,2526,21.7,2061.7,22,3,0,0,7,6,0,1,0,1,12953,6.07,14580,183,48,18.3,1295.3
1,21,1,1,9,1,8,1,0,1,1,18527,7.51,19187,246,63,3157,2281,24.6,1852.7,19,1,0,1,9,2,1,0,0,0,15380,5.98,16555,174,45,17.4,1538.0
0,22,1,0,7,7,3,1,0,0,0,16219,6.33,18219,201,56,-834,-743,20.1,1621.9,19,2,1,7,7,2,1,1,0,0,17675,7.37,16921,222,64,22.2,1767.5
0,19,0,0,5,7,0,0,0,0,1,13160,7.03,18020,234,41,-1714,-1616,23.4,1316.0,17,3,1,7,5,11,0,0,0,0,16520,6.69,18236,233,73,23.3,1652.0
0,7,1,1,4,6,8,0,1,1,0,16018,6.81,14449,214,40,-1887,-1007,21.4,1601.8,21,3,0,6,4,9,1,0,0,1,19774,7.45,19479,214,50,21.4,1977.4
1,19,5,1,10,6,12,1,0,0,1,17182,6.85,17548,216,70,2541,2120,21.6,1718.2,20,2,0,6,10,4,0,0,0,0,15025,6.53,14960,229,42,22.9,1502.5
0,22,2,0,3,10,1,1,0,1,0,14443,6.57,12618,195,66,-2849,-2050,19.5,1444.3,14,2,1,10,3,8,2,0,0,1,17052,7.56,18049,235,54,23.5,1705.2
0,22,0,0,9,9,2,0,0,0,0,14705,7.38,18887,239,51,-1354,-27,23.9,1470.5,23,2,1,9,9,6,1,0,0,1,17364,6.61,18775,220,56,22.0,1736.4
1,26,2,0,6,4,10,1,1,0,2,18060,7.15,16668,217,63,-238,-918,21.7,1806.0,16,0,1,4,6,3,0,0,0,1,14700,7.04,18003,239,63,23.9,1470.0
0,14,2,0,6,10,0,0,1,0,0,14923,7.23,19273,196,50,-1007,869,19.6,1492.3,28,1,1,10,6,6,1,0,0,1,17257,7.0,15021,225,45,22.5,1725.7
0,27,3,0,8,9,9,0,0,1,0,17341,7.57,17447,237,66,232,-417,23.7,1734.1,26,0,1,9,8,7,0,1,0,0,18872,6.69,16947,212,51,21.2,1887.2
1,25,2,0,8,2,13,2,1,0,2,19927,7.43,23499,256,76,3976,4565,25.6,1992.7,12,0,1,2,8,0,0,0,0,0,16086,6.02,13267,175,33,17.5,1608.6
1,28,0,1,7,7,5,0,0,1,0,18118,6.75,17123,218,60,-565,-1094,21.8,1811.8,14,1,0,7,7,2,1,0,0,2,15721,6.61,17464,194,22,19.4,1572.1
0,19,2,1,4,8,9,1,0,1,2,16872,6.8,15358,207,43,-2008,-201,20.7,1687.2,13,2,0,8,4,3,0,1,0,1,18076,6.78,18167,194,57,19.4,1807.6
1,12,3,1,6,4,6,1,0,0,0,18037,6.41,18864,238,56,680,1786,23.8,1803.7,19,4,0,4,6,3,1,1,0,0,14687,6.98,16015,214,45,21.4,1468.7
0,25,2,0,6,2,9,0,0,0,1,16574,7.29,17179,239,57,-673,-1009,23.9,1657.4,19,0,1,2,6,4,1,0,0,1,16370,7.39,17155,246,41,24.6,1637.0
1,21,1,0,10,2,8,2,1,0,2,17192,7.4,18985,220,60,3871,1591,22.0,1719.2,26,2,1,2,10,4,0,1,0,0,15297,6.59,17032,192,36,19.2,1529.7
0,18,5,0,3,5,3,1,0,0,1,14704,6.67,19086,208,62,1111,845,20.8,1470.4,15,0,1,5,3,3,1,1,0,0,17370,6.83,18980,207,61,20.7,1737.0
1,12,2,0,6,4,11,0,0,0,1,14538,6.75,18153,223,36,-707,447,22.3,1453.8,16,0,1,4,6,6,0,0,0,1,17184,6.57,19661,219,49,21.9,1718.4
0,25,1,0,2,13,1,0,1,0,1,14356,5.97,15519,197,60,-2367,-2314,19.7,1435.6,18,5,1,13,2,8,2,1,0,2,17133,7.44,19413,229,68,22.9,1713.3
0,14,0,0,5,11,2,0,1,0,0,15191,6.87,14965,200,60,-3559,-1688,20.0,1519.1,26,4,1,11,5,8,2,1,0,2,18769,6.05,19836,246,70,24.6,1876.9
0,24,3,0,1,14,4,0,0,0,1,15295,6.44,14683,183,49,-5408,-1982,18.3,1529.5,19,5,1,14,1,12,1,0,0,1,18589,7.23,21154,258,83,25.8,1858.9
1,19,3,0,9,7,10,1,0,0,1,16981,7.19,18788,237,55,1630,1737,23.7,1698.1,21,3,1,7,9,7,0,0,0,0,16416,6.93,16951,228,38,22.8,1641.6
0,13,2,0,4,6,0,0,0,0,0,14647,6.58,17968,186,44,-2909,-3282,18.6,1464.7,22,0,1,6,4,11,1,0,1,1,19760,7.89,17601,265,74,26.5,1976.0
1,29,1,1,9,6,12,2,0,1,1,17680,7.8,20559,257,58,1636,2869,25.7,1768.0,12,2,0,6,9,2,1,1,0,1,13812,6.7,17660,189,65,18.9,1381.2
1,20,4,1,9,5,6,0,0,1,0,16075,6.54,15715,245,59,-147,1288,24.5,1607.5,25,3,0,5,9,10,1,0,1,1,18494,6.96,15981,217,65,21.7,1849.4
1,19,3,1,10,10,5,1,0,0,1,16950,6.5,18408,245,48,912,506,24.5,1695.0,26,1,0,10,10,10,0,1,0,2,18834,6.87,19147,233,39,23.3,1883.4
0,12,3,0,4,11,4,1,1,0,1,14448,6.24,15734,251,45,-1641,-1724,25.1,1444.8,21,3,1,11,4,5,1,0,0,0,18120,7.28,17622,287,76,28.7,1812.0
1,19,2,0,6,8,7,0,0,1,0,17618,7.35,18142,219,42,3085,1090,21.9,1761.8,23,3,1,8,6,1,0,0,0,0,17465,6.53,17804,223,45,22.3,1746.5
0,21,1,0,5,10,0,0,1,1,1,15527,6.0,17725,236,51,-1609,-2171,23.6,1552.7,28,5,1,10,5,11,1,0,0,2,16378,6.77,19719,235,59,23.5,1637.8
0,12,1,0,1,9,5,0,0,0,1,15077,6.02,16344,196,46,-3123,-699,19.6,1507.7,28,3,1,9,1,7,1,0,0,0,18049,6.86,17156,251,68,25.1,1804.9
1,20,6,1,6,3,9,1,1,0,0,18067,6.97,20226,206,79,3581,1587,20.6,1806.7,16,1,0,3,6,3,1,0,1,0,15291,6.91,16032,238,48,23.8,1529.1
1,19,1,1,10,9,6,0,1,0,1,18327,7.32,17648,201,58,-227,956,20.1,1832.7,26,1,0,9,10,4,1,0,0,0,16889,6.07,17212,216,56,21.6,1688.9
1,20,0,0,7,7,6,1,0,0,0,16807,7.12,15048,201,30,-374,-1234,20.1,1680.7,21,2,1,7,7,7,0,1,0,0,16940,7.47,18349,215,47,21.5,1694.0
1,29,2,1,6,4,7,1,1,1,0,17805,6.67,17551,195,63,113,1031,19.5,1780.5,15,0,0,4,6,9,0,0,0,1,15789,6.76,17538,193,67,19.3,1578.9
1,19,1,1,13,7,6,2,0,0,1,17347,6.23,15173,260,58,-331,-1623,26.0,1734.7,24,2,0,7,13,5,1,1,0,0,15100,7.44,17202,239,69,23.9,1510.0
0,17,4,0,4,8,8,1,0,0,0,16508,7.6,18542,220,50,127,-79,22.0,1650.8,17,1,1,8,4,4,0,0,0,1,17935,6.82,17101,199,57,19.9,1793.5
0,32,0,0,6,10,4,2,0,0,0,16655,6.51,15860,235,70,-1287,-379,23.5,1665.5,23,3,1,10,6,7,1,0,0,0,19059,6.87,18246,247,63,24.7,1905.9
1,22,2,1,9,0,8,2,1,0,0,20696,7.72,19766,271,70,4086,2509,27.1,2069.6,19,0,0,0,9,4,0,0,0,1,11850,6.35,14802,192,54,19.2,1185.0
0,18,2,1,9,10,7,0,0,0,0,15119,7.06,16389,198,43,-992,-2084,19.8,1511.9,21,2,0,10,9,7,1,0,0,2,16496,7.19,19785,203,50,20.3,1649.6
1,21,5,0,8,4,6,1,1,0,1,18788,6.92,20676,241,78,2625,5101,24.1,1878.8,12,0,1,4,8,3,0,0,0,0,14371,6.63,16744,201,41,20.1,1437.1
0,18,3,0,5,6,8,1,0,1,1,15965,6.7,17869,190,56,-459,-3,19.0,1596.5,22,0,1,6,5,5,2,1,1,1,19568,6.99,19647,213,67,21.3,1956.8
1,22,5,0,4,2,7,0,0,0,1,18448,7.39,14435,238,59,1741,2455,23.8,1844.8,12,1,1,2,4,5,0,1,0,0,14075,6.38,16218,246,46,24.6,1407.5
0,26,3,0,12,8,10,1,1,0,1,17994,7.01,15392,240,53,2176,545,24.0,1799.4,12,2,1,8,12,3,1,2,0,1,15813,6.89,16348,219,33,21.9,1581.3
1,24,2,1,7,7,12,1,1,0,1,16887,6.68,20333,267,59,3232,1372,26.7,1688.7,22,2,0,7,7,6,0,0,0,0,15952,6.9,16181,245,45,24.5,1595.2
0,24,3,1,5,11,4,1,0,1,1,15172,6.65,16767,208,35,-1001,-313,20.8,1517.2,17,1,0,11,5,4,1,0,1,0,17952,7.07,16930,247,52,24.7,1795.2
1,27,0,1,8,1,10,1,0,0,0,19658,7.0,18631,250,58,1574,2019,25.0,1965.8,27,0,0,1,8,8,1,0,1,0,15383,6.08,15534,204,42,20.4,1538.3
1,25,0,0,9,1,11,0,1,0,1,18724,7.7,19940,230,56,2842,1013,23.0,1872.4,15,1,1,1,9,2,1,0,0,0,14234,6.53,16094,211,46,21.1,1423.4
0,21,3,0,1,7,6,1,0,0,1,17303,7.09,17341,249,65,-1652,1671,24.9,1730.3,23,0,1,7,1,6,1,1,0,2,16178,6.81,18220,227,70,22.7,1617.8
1,26,2,0,6,9,8,1,0,1,2,18480,6.55,17598,234,56,965,-267,23.4,1848.0,12,1,1,9,6,10,0,0,0,0,15885,6.3,17948,222,41,22.2,1588.5
0,13,3,0,4,9,4,0,0,0,0,15756,6.82,17754,186,67,967,-1714,18.6,1575.6,12,0,1,9,4,5,0,0,1,1,16132,6.86,18429,271,73,27.1,1613.2
1,32,1,1,6,6,9,1,1,1,0,17601,6.18,15657,194,67,-2416,210,19.4,1760.1,31,2,0,6,6,8,1,0,0,0,17609,6.08,17943,204,66,20.4,1760.9
1,21,5,0,14,3,10,2,0,0,1,17598,6.99,19294,242,56,3677,1463,24.2,1759.8,24,4,1,3,14,0,0,0,0,2,13910,6.54,15137,169,32,16.9,1391.0
0,16,3,0,5,10,2,0,0,0,0,15346,7.21,16100,212,50,-1175,-3578,21.2,1534.6,31,2,1,10,5,7,1,0,0,1,17702,6.72,19352,250,56,25.0,1770.2
0,12,1,0,6,10,3,1,0,1,0,15700,6.7,16496,199,50,-1853,-1965,19.9,1570.0,20,4,1,10,6,5,1,0,0,0,20567,7.08,18981,255,68,25.5,2056.7
0,17,3,1,9,6,11,1,1,0,1,18138,7.79,19347,243,66,3523,1715,24.3,1813.8,19,0,0,6,9,2,0,0,0,0,14999,6.54,16495,192,49,19.2,1499.9
0,26,3,1,4,8,5,1,0,1,2,16876,7.17,18084,184,70,531,1886,18.4,1687.6,19,3,0,8,4,8,1,0,0,2,18429,6.26,14183,231,47,23.1,1842.9
1,36,2,1,10,4,15,1,0,0,0,20120,7.65,20925,227,67,4506,2882,22.7,2012.0,16,1,0,4,10,1,0,0,0,1,12773,6.1,14031,182,51,18.2,1277.3
0,16,1,1,3,5,8,0,1,0,0,16078,6.82,18254,197,53,-1045,-755,19.7,1607.8,28,3,0,5,3,9,1,1,1,0,16104,7.11,17120,239,56,23.9,1610.4
0,22,3,0,6,4,3,1,0,0,0,17256,6.23,17969,244,56,373,2860,24.4,1725.6,25,4,1,4,6,9,0,0,0,2,16020,7.1,16733,260,69,26.0,1602.0
1,20,1,0,3,5,7,0,1,0,0,18957,6.88,14999,195,51,-459,-1494,19.5,1895.7,23,1,1,5,3,7,1,0,0,1,17540,7.56,17492,243,63,24.3,1754.0
0,25,0,0,3,7,4,1,0,0,0,16489,7.38,17106,183,46,2167,-244,18.3,1648.9,15,2,1,7,3,13,0,0,0,1,17079,7.07,17695,210,52,21.0,1707.9
0,28,2,0,5,9,0,0,0,0,0,12471,6.74,13059,214,39,-2032,-3178,21.4,1247.1,30,2,1,9,5,9,2,0,0,1,19827,7.13,22243,242,59,24.2,1982.7
1,29,4,0,7,6,6,0,1,0,0,16543,6.37,19161,247,36,-313,1627,24.7,1654.3,12,2,1,6,7,7,0,1,1,0,14293,6.74,15430,243,43,24.3,1429.3
0,19,4,0,6,7,5,0,0,0,1,16871,7.28,17606,193,61,108,494,19.3,1687.1,16,3,1,7,6,7,0,1,0,1,14845,7.55,17341,203,49,20.3,1484.5
0,23,3,1,3,7,8,1,0,1,0,14710,6.84,18726,217,56,-621,-735,21.7,1471.0,17,1,0,7,3,7,1,0,0,0,16980,6.51,18001,251,70,25.1,1698.0
1,22,3,0,4,9,6,0,1,1,0,16239,6.65,17403,185,55,-1644,235,18.5,1623.9,16,2,1,9,4,7,1,1,0,0,16904,7.01,19547,221,57,22.1,1690.4
1,18,3,0,2,7,5,0,0,0,0,16998,6.56,16929,203,64,-2432,-2419,20.3,1699.8,25,1,1,7,2,4,1,0,0,1,17032,6.88,15905,249,54,24.9,1703.2
1,16,2,1,5,1,7,2,0,0,1,19496,7.1,16759,221,66,2758,1200,22.1,1949.6,16,0,0,1,5,1,0,0,0,1,15112,5.83,15796,256,48,25.6,1511.2
0,14,0,1,4,7,2,0,0,0,1,14900,6.32,14742,234,60,-2003,-3561,23.4,1490.0,20,2,0,7,4,3,2,0,0,1,15423,7.35,19613,246,49,24.6,1542.3
1,27,4,0,6,7,6,1,0,0,1,17904,7.03,17823,249,69,1668,2258,24.9,1790.4,14,3,1,7,6,3,0,0,0,0,16128,6.48,16036,229,50,22.9,1612.8
1,30,2,1,12,6,13,2,0,0,1,20559,7.65,19553,233,85,4824,1923,23.3,2055.9,17,0,0,6,12,0,1,0,0,0,13466,6.46,13646,212,44,21.2,1346.6
1,22,1,0,8,6,8,2,0,1,1,21915,7.4,19033,246,77,3214,2579,24.6,2191.5,18,0,1,6,8,7,1,1,0,1,13362,6.26,16761,150,45,15.0,1336.2
0,18,0,0,3,9,6,1,0,0,1,14488,6.72,14227,193,38,-3792,-1327,19.3,1448.8,22,3,1,9,3,12,0,1,1,0,18294,7.07,21863,251,88,25.1,1829.4
0,25,5,0,5,9,3,0,0,0,0,14698,7.28,17508,224,58,-1133,-1986,22.4,1469.8,21,1,1,9,5,6,0,1,0,0,18195,7.19,19141,225,65,22.5,1819.5
1,12,3,1,8,2,7,0,1,0,0,16704,7.01,17798,225,65,361,-237,22.5,1670.4,21,1,0,2,8,4,0,0,0,2,15678,7.03,16397,182,34,18.2,1567.8
1,18,0,1,4,10,7,2,1,1,1,15462,7.09,18700,210,59,-924,-930,21.0,1546.2,21,0,0,10,4,14,0,1,0,1,17710,6.62,17840,214,70,21.4,1771.0
0,27,0,0,5,10,6,1,0,0,0,15001,6.38,13805,225,67,-1402,-2384,22.5,1500.1,25,5,1,10,5,10,1,1,1,0,18251,7.64,19785,226,68,22.6,1825.1
1,22,2,0,4,7,9,1,0,0,1,17963,7.13,19894,222,60,1020,86,22.2,1796.3,12,1,1,7,4,4,0,1,0,0,14445,6.07,19227,208,43,20.8,1444.5
1,14,3,0,6,2,7,0,0,0,1,16543,7.03,17317,256,61,-1927,-95,25.6,1654.3,17,3,1,2,6,5,1,0,1,0,14775,7.22,17126,249,59,24.9,1477.5
1,24,3,1,8,3,10,1,2,1,3,18267,7.05,18884,232,66,2654,3250,23.2,1826.7,16,2,0,3,8,0,0,0,0,1,13400,7.14,16272,175,37,17.5,1340.0
0,25,0,0,5,11,3,0,0,0,1,15405,6.67,16827,230,52,-646,168,23.0,1540.5,16,2,1,11,5,4,1,1,0,2,18786,7.16,21238,241,68,24.1,1878.6
1,10,3,0,11,4,8,0,0,0,0,19256,6.83,17910,215,59,1031,2821,21.5,1925.6,14,3,1,4,11,1,1,0,0,0,14618,6.14,16769,217,41,21.7,1461.8
0,18,0,1,4,9,9,0,1,0,0,14107,6.64,15497,218,39,-1106,-2710,21.8,1410.7,13,3,0,9,4,11,1,0,1,1,17226,7.36,18103,263,76,26.3,1722.6
0,16,3,0,6,8,2,0,0,0,1,18142,6.62,17520,241,53,-2045,-624,24.1,1814.2,31,2,1,8,6,11,1,0,0,2,18017,7.59,20258,242,87,24.2,1801.7
1,13,2,1,7,3,6,1,1,0,0,16352,7.46,18014,243,77,-1266,-699,24.3,1635.2,19,0,0,3,7,7,0,0,0,1,17348,7.19,17934,227,66,22.7,1734.8
1,23,1,1,10,4,5,2,0,0,1,16791,7.43,19052,268,60,4799,-153,26.8,1679.1,16,0,0,4,10,1,0,0,0,0,16530,6.14,17808,169,53,16.9,1653.0
0,17,3,0,2,6,2,1,0,0,1,14039,6.75,15743,188,53,-2023,-1005,18.8,1403.9,28,5,1,6,2,8,1,1,0,1,18231,7.15,19496,266,63,26.6,1823.1
0,20,3,0,5,7,3,0,0,0,1,18016,7.17,17224,233,47,946,1174,23.3,1801.6,25,3,1,7,5,6,2,0,0,0,15891,6.64,15269,228,49,22.8,1589.1
0,15,1,1,3,12,0,0,1,1,1,14234,6.75,15178,200,29,-2495,-1829,20.0,1423.4,23,3,0,12,3,8,2,0,0,0,17595,7.66,20119,227,69,22.7,1759.5
0,15,3,1,7,6,6,0,0,1,0,15798,7.2,15627,195,54,-812,61,19.5,1579.8,23,2,0,6,7,5,1,0,0,0,16697,6.63,20663,238,65,23.8,1669.7
1,14,3,1,7,5,9,1,1,0,0,19870,7.47,20928,229,54,1208,105,22.9,1987.0,16,1,0,5,7,0,1,0,0,0,14791,6.37,18020,235,55,23.5,1479.1
0,16,4,0,7,7,6,1,1,0,0,12798,7.49,17366,240,43,108,-1462,24.0,1279.8,26,2,1,7,7,7,0,0,0,0,18472,7.26,16302,177,57,17.7,1847.2
0,24,3,0,6,8,3,0,0,0,0,16522,7.15,19491,216,37,-128,-1034,21.6,1652.2,19,2,1,8,6,7,1,0,1,0,15972,6.37,20764,217,52,21.7,1597.2
0,19,1,0,4,11,0,0,0,0,0,14602,6.25,16858,219,33,-3244,-1837,21.9,1460.2,19,3,1,11,4,5,1,1,0,2,18847,7.38,17191,241,67,24.1,1884.7
0,18,0,0,3,8,0,1,0,0,0,18596,7.22,14342,195,53,-161,-1203,19.5,1859.6,21,1,1,8,3,4,1,0,1,1,16591,7.26,18634,242,48,24.2,1659.1
1,18,3,0,9,4,6,1,1,1,1,18373,7.15,20262,259,84,2996,3307,25.9,1837.3,10,0,1,4,9,0,0,0,0,0,13463,6.89,15125,154,50,15.4,1346.3
0,18,3,1,6,7,4,1,0,0,0,15673,7.59,17563,222,50,-60,405,22.2,1567.3,21,4,0,7,6,12,2,1,0,2,16133,6.13,15688,180,54,18.0,1613.3
0,22,2,1,5,10,3,0,0,0,1,15917,6.56,15875,207,54,-1500,-2160,20.7,1591.7,20,1,0,10,5,10,0,1,1,1,17485,7.28,19175,281,43,28.1,1748.5
0,22,0,0,4,7,6,0,0,0,0,16461,7.41,16672,222,44,1719,-578,22.2,1646.1,20,3,1,7,4,8,1,0,1,1,14971,6.53,18213,206,56,20.6,1497.1
0,14,2,0,0,10,2,0,1,0,0,14966,6.16,17123,246,38,-2883,-2540,24.6,1496.6,23,2,1,10,0,12,1,1,0,2,18714,7.24,20580,272,53,27.2,1871.4
0,5,0,0,0,10,8,0,0,0,1,14608,7.21,14723,236,34,-1856,-3679,23.6,1460.8,23,1,1,10,0,13,1,1,0,1,17808,6.47,19710,215,66,21.5,1780.8
1,19,4,0,11,3,14,1,0,0,3,17680,7.89,18916,217,60,2151,880,21.7,1768.0,16,0,1,3,11,2,0,0,0,0,14588,6.61,14130,212,49,21.2,1458.8
0,17,4,0,8,7,5,0,1,0,1,15187,7.58,17931,225,31,-248,1227,22.5,1518.7,20,0,1,7,8,8,1,1,1,1,15947,6.74,17471,218,50,21.8,1594.7
1,19,3,1,6,0,5,2,1,0,1,19473,7.92,19115,236,56,3863,3212,23.6,1947.3,16,3,0,0,6,3,0,0,0,0,14753,6.18,16351,183,58,18.3,1475.3
0,18,3,0,6,2,4,1,0,1,0,16584,7.02,17616,220,50,356,1299,22.0,1658.4,22,2,1,2,6,5,0,0,1,0,17138,6.67,17387,231,49,23.1,1713.8
0,24,2,0,5,6,5,0,0,0,0,16883,6.96,18864,211,49,-29,704,21.1,1688.3,22,0,1,6,5,8,1,0,0,0,19293,6.71,18622,217,52,21.7,1929.3
1,21,3,1,10,3,9,2,0,0,0,20341,7.2,19129,233,63,1685,2135,23.3,2034.1,21,0,0,3,10,3,0,1,0,0,15315,7.32,17326,227,50,22.7,1531.5
0,20,1,0,0,16,0,0,0,0,0,14622,5.91,11509,218,46,-5007,-4500,21.8,1462.2,18,2,1,16,0,12,1,0,0,2,20268,7.95,19388,236,62,23.6,2026.8
1,13,1,1,8,4,2,1,1,1,2,16741,6.94,16768,196,55,-256,1052,19.6,1674.1,14,0,0,4,8,5,1,1,0,1,17439,7.5,16406,195,37,19.5,1743.9
0,18,1,0,5,8,7,1,1,0,0,15888,7.29,16287,213,65,665,-73,21.3,1588.8,26,3,1,8,5,2,0,1,0,1,16197,6.94,18605,210,69,21.0,1619.7
1,13,5,1,8,1,8,2,0,1,1,20074,7.93,20261,234,46,2662,4010,23.4,2007.4,16,1,0,1,8,4,1,0,0,1,15856,7.04,17191,188,39,18.8,1585.6
0,20,3,1,10,4,7,2,1,0,1,18767,7.08,18098,216,68,1363,386,21.6,1876.7,22,2,0,4,10,4,0,0,0,1,14575,6.47,14120,210,55,21.0,1457.5
0,13,3,0,6,6,2,0,1,0,0,15306,6.56,16078,197,47,-3086,-1644,19.7,1530.6,21,3,1,6,6,6,1,0,1,0,17246,6.67,18993,231,74,23.1,1724.6
1,29,3,1,6,1,7,1,0,0,0,19069,7.83,18388,212,47,2482,1416,21.2,1906.9,13,3,0,1,6,3,0,0,0,0,13040,7.23,14701,208,43,20.8,1304.0
1,22,3,1,8,7,6,1,0,0,1,14952,6.83,16967,235,61,-480,468,23.5,1495.2,10,0,0,7,8,8,1,0,0,1,17781,6.45,16886,235,67,23.5,1778.1
1,23,0,1,2,7,0,1,1,0,0,16232,6.44,18653,180,52,-3023,-2520,18.0,1623.2,12,1,0,7,2,7,0,0,1,1,16581,7.17,18530,251,58,25.1,1658.1
0,18,2,0,1,7,6,1,0,0,0,16134,7.41,20775,266,51,-1359,-256,26.6,1613.4,30,3,1,7,1,7,1,0,0,0,16431,7.32,16641,236,71,23.6,1643.1
1,14,3,0,6,9,7,0,0,0,0,16068,6.9,17583,213,64,235,-641,21.3,1606.8,28,2,1,9,6,4,0,0,1,0,15746,6.11,16475,222,83,22.2,1574.6
1,18,5,0,11,0,10,1,1,0,1,19554,7.47,18187,220,65,2539,3337,22.0,1955.4,22,4,1,0,11,3,1,1,0,1,15273,6.57,18563,202,35,20.2,1527.3
0,22,6,1,3,8,12,1,1,1,1,18092,6.96,18231,203,66,1270,-507,20.3,1809.2,26,1,0,8,3,8,1,0,0,1,17915,7.1,16359,214,47,21.4,1791.5
0,29,3,0,2,3,5,0,0,0,0,14284,7.18,19755,234,60,861,456,23.4,1428.4,19,3,1,3,2,3,1,1,0,0,16067,6.64,17985,184,42,18.4,1606.7
1,24,1,0,7,3,8,0,1,0,1,19695,6.76,19007,225,49,295,2316,22.5,1969.5,13,1,1,3,7,6,1,0,0,0,16191,6.76,16359,183,44,18.3,1619.1
1,20,1,1,7,1,11,0,1,1,0,19186,7.11,16750,274,45,-558,996,27.4,1918.6,20,1,0,1,7,3,0,0,0,0,16091,6.49,17957,219,33,21.9,1609.1
1,21,1,1,11,1,8,1,2,0,1,16630,7.15,18303,222,49,1513,1013,22.2,1663.0,19,0,0,1,11,6,0,1,0,0,14990,7.25,16313,235,50,23.5,1499.0
1,23,2,1,9,0,13,1,0,0,0,18016,7.1,17633,258,66,1935,2793,25.8,1801.6,14,4,0,0,9,5,0,0,0,0,13700,7.45,14013,208,35,20.8,1370.0
1,31,0,1,9,4,9,1,0,1,1,17642,7.34,17052,222,53,1486,1394,22.2,1764.2,17,0,0,4,9,4,0,0,0,1,15517,7.36,17793,214,35,21.4,1551.7
0,27,1,0,7,6,7,0,0,1,1,16310,7.58,17555,206,59,1607,-914,20.6,1631.0,15,0,1,6,7,8,1,0,0,1,17734,6.63,18378,200,40,20.0,1773.4
1,24,4,1,12,2,8,0,1,0,1,16697,7.48,18017,250,57,1841,2835,25.0,1669.7,21,0,0,2,12,0,0,0,0,0,13181,6.81,18167,189,56,18.9,1318.1
1,20,2,0,4,2,5,1,1,0,0,15344,6.86,18003,248,37,-1391,1010,24.8,1534.4,28,0,1,2,4,7,0,1,0,1,16774,7.2,16681,255,40,25.5,1677.4
0,22,2,0,6,2,6,1,0,1,0,17380,6.77,18782,198,60,-647,740,19.8,1738.0,17,3,1,2,6,4,0,0,0,0,17424,6.22,17544,206,47,20.6,1742.4
1,26,0,1,6,2,7,1,0,0,1,17669,6.69,18084,211,74,3426,2934,21.1,1766.9,19,0,0,2,6,3,2,0,0,0,12774,6.03,14802,196,37,19.6,1277.4
1,21,4,1,11,4,11,2,0,0,2,18726,7.03,20864,234,63,4581,3949,23.4,1872.6,14,1,0,4,11,4,0,0,1,0,12832,6.67,14293,182,44,18.2,1283.2
0,16,3,0,8,7,11,0,1,0,0,17056,6.79,18590,159,52,-913,-875,15.9,1705.6,28,4,1,7,8,3,0,0,1,0,15882,6.37,17518,226,51,22.6,1588.2
0,24,2,1,7,11,1,1,0,0,1,16214,7.07,17020,217,62,-1065,-596,21.7,1621.4,27,3,0,11,7,11,1,0,1,0,17431,7.14,18382,254,46,25.4,1743.1
1,23,0,1,9,3,12,1,1,0,1,18148,7.03,19824,215,70,1978,1760,21.5,1814.8,15,2,0,3,9,0,0,0,1,0,14249,6.62,13650,201,34,20.1,1424.9
1,26,2,1,4,5,8,2,0,0,2,16914,7.32,19330,219,72,1074,1543,21.9,1691.4,18,1,0,5,4,1,0,0,0,1,14643,6.45,17434,212,49,21.2,1464.3
1,29,3,1,7,5,9,1,0,0,0,15638,7.43,19259,223,67,1563,481,22.3,1563.8,18,3,0,5,7,8,1,1,0,0,15377,7.5,17658,216,51,21.6,1537.7
1,22,2,1,4,5,4,0,0,0,0,16491,6.63,14899,249,47,-1633,-814,24.9,1649.1,29,4,0,5,4,9,1,1,0,0,16033,7.09,15900,252,49,25.2,1603.3
1,22,2,1,9,5,6,1,0,0,0,15911,7.1,19119,229,53,1233,1247,22.9,1591.1,17,0,0,5,9,5,0,0,0,0,16612,7.1,17054,219,53,21.9,1661.2
0,36,3,1,5,8,9,0,0,0,0,18961,7.34,18929,261,55,-191,906,26.1,1896.1,25,0,0,8,5,8,0,1,0,1,16771,6.69,16203,224,75,22.4,1677.1
1,20,2,1,4,9,5,0,0,0,1,15296,6.75,16927,232,49,-1929,-67,23.2,1529.6,28,3,0,9,4,8,0,0,0,0,18262,6.7,17899,224,65,22.4,1826.2
0,15,3,0,11,7,8,1,1,1,2,17002,6.94,18773,229,51,1512,1902,22.9,1700.2,18,4,1,7,11,2,1,1,0,1,15941,6.78,17381,187,51,18.7,1594.1
0,19,1,1,8,9,5,1,1,1,1,16093,6.83,15271,266,62,-173,67,26.6,1609.3,25,3,0,9,8,9,0,1,0,1,17921,7.26,15261,204,75,20.4,1792.1
1,27,0,0,8,8,5,0,0,0,1,16772,6.6,18124,225,55,232,239,22.5,1677.2,16,5,1,8,8,6,1,1,0,1,15959,7.07,18332,260,44,26.0,1595.9
1,15,3,1,7,5,9,1,0,0,0,15487,6.7,17115,237,55,956,1108,23.7,1548.7,22,2,0,5,7,5,0,0,0,1,14548,6.71,14286,223,50,22.3,1454.8
1,19,4,0,6,6,10,1,0,0,1,18818,7.01,20462,249,52,3239,1636,24.9,1881.8,20,1,1,6,6,1,0,0,0,1,16660,7.03,14507,178,38,17.8,1666.0
1,27,3,1,10,2,10,0,0,0,1,17580,7.1,21334,281,63,1574,3056,28.1,1758.0,16,3,0,2,10,7,0,0,0,1,13788,6.46,14849,208,32,20.8,1378.8
0,18,2,0,9,10,5,0,1,1,0,19425,6.96,19322,224,47,293,653,22.4,1942.5,22,3,1,10,9,7,2,1,1,0,17110,7.35,17875,199,50,19.9,1711.0
1,21,2,1,5,2,8,1,1,0,0,17502,7.51,20532,228,54,575,231,22.8,1750.2,13,3,0,2,5,7,0,0,0,1,15596,6.69,14997,226,49,22.6,1559.6
0,26,2,1,5,5,9,1,1,1,1,15664,6.48,17309,185,47,-1211,-382,18.5,1566.4,25,0,0,5,5,7,0,0,1,0,15218,6.36,17796,218,48,21.8,1521.8
0,14,2,0,1,5,7,1,0,0,0,15920,6.19,17361,213,44,-1083,-1354,21.3,1592.0,17,2,1,5,1,8,0,1,0,1,19065,6.92,21604,218,73,21.8,1906.5
1,14,3,1,9,5,5,0,0,0,1,17671,7.55,18092,208,53,855,728,20.8,1767.1,24,2,0,5,9,5,1,0,0,0,16313,6.65,16780,211,27,21.1,1631.3
1,13,6,1,9,9,9,1,1,0,0,15011,6.81,19575,187,67,-637,-515,18.7,1501.1,28,1,0,9,9,3,1,1,1,0,15946,7.09,17367,202,68,20.2,1594.6
1,28,2,1,11,0,9,2,0,1,1,22159,7.77,21516,246,68,6668,5111,24.6,2215.9,9,3,0,0,11,0,0,0,0,0,14387,6.73,15468,190,40,19.0,1438.7
1,24,8,0,8,2,9,0,1,1,1,17048,7.62,16289,268,49,1640,765,26.8,1704.8,23,0,1,2,8,2,1,1,0,0,15988,6.49,14950,211,42,21.1,1598.8
1,18,0,0,3,4,8,1,1,0,1,17020,7.26,19520,249,60,-354,2200,24.9,1702.0,16,4,1,4,3,7,0,0,0,0,15386,6.52,17211,268,57,26.8,1538.6
1,15,3,0,4,5,5,1,0,0,1,17242,6.97,15838,238,68,627,-633,23.8,1724.2,21,0,1,5,4,7,1,0,1,1,17322,7.18,19031,237,52,23.7,1732.2
1,19,0,1,10,3,6,0,1,0,1,16870,7.21,20167,245,55,447,-397,24.5,1687.0,23,1,0,3,10,3,0,1,0,0,13983,7.04,17056,206,28,20.6,1398.3
0,24,2,1,5,8,0,0,0,0,0,16147,6.71,17281,173,47,-904,-1127,17.3,1614.7,13,2,0,8,5,8,1,0,0,0,19201,7.11,17802,198,75,19.8,1920.1
0,12,3,0,4,13,4,0,0,0,0,12487,6.32,15073,185,28,-2056,-1666,18.5,1248.7,13,4,1,13,4,9,1,1,1,0,20891,7.08,20449,234,72,23.4,2089.1
0,15,2,1,3,7,4,0,0,0,0,15062,6.69,18678,215,48,-1802,-936,21.5,1506.2,17,1,0,7,3,5,2,1,0,0,18692,7.49,17526,201,66,20.1,1869.2
0,14,3,1,5,7,6,1,0,0,1,15445,6.81,17746,197,48,324,471,19.7,1544.5,28,0,0,7,5,3,0,1,0,0,16024,7.4,15408,208,65,20.8,1602.4
0,14,0,0,1,11,0,0,0,0,0,14324,6.46,13606,202,24,-3596,-2582,20.2,1432.4,22,3,1,11,1,14,1,0,0,1,20130,7.03,20451,266,58,26.6,2013.0
0,21,0,1,6,6,7,0,0,0,0,16886,6.44,17154,205,41,-2045,-2469,20.5,1688.6,26,2,0,6,6,8,1,1,1,0,17153,6.87,19441,234,44,23.4,1715.3
0,30,3,0,8,7,6,0,0,0,1,15777,7.22,19441,248,66,-211,-680,24.8,1577.7,20,2,1,7,8,7,1,0,0,0,19540,6.54,19579,234,51,23.4,1954.0
1,21,2,0,4,6,3,0,1,0,0,16056,6.83,17843,185,63,953,-2152,18.5,1605.6,19,1,1,6,4,4,1,0,0,1,17520,7.55,18382,281,63,28.1,1752.0
1,18,1,0,4,8,4,1,1,0,2,14967,6.41,14165,174,64,-359,-121,17.4,1496.7,28,1,1,8,4,4,0,1,0,0,15844,7.38,16341,226,41,22.6,1584.4
0,24,1,0,4,7,3,0,0,1,0,14745,6.6,17459,237,53,-1075,-1495,23.7,1474.5,20,2,1,7,4,2,1,1,0,0,18095,7.09,18362,227,54,22.7,1809.5
1,27,3,1,5,0,9,1,1,1,0,19667,7.04,20360,244,45,3426,2759,24.4,1966.7,17,0,0,0,5,7,0,0,0,0,16648,6.31,16718,196,50,19.6,1664.8
1,18,1,0,9,1,9,1,0,0,0,16278,6.72,18548,252,62,1961,1201,25.2,1627.8,11,1,1,1,9,2,1,0,0,1,14840,6.24,17909,192,39,19.2,1484.0
0,30,2,0,9,3,5,0,1,0,2,15700,7.32,13415,194,75,-2022,-1521,19.4,1570.0,25,2,1,3,9,5,1,0,0,1,17013,7.61,18852,213,76,21.3,1701.3
0,20,4,0,8,5,7,1,0,0,1,17149,7.32,16403,260,42,22,-237,26.0,1714.9,17,2,1,5,8,1,1,0,0,1,17483,6.06,16941,230,43,23.0,1748.3
0,21,5,0,6,8,9,1,1,0,0,14670,6.53,18132,236,38,-1273,658,23.6,1467.0,20,0,1,8,6,7,0,1,1,1,16598,6.99,17925,229,54,22.9,1659.8
1,21,4,0,8,6,2,0,1,0,1,15623,6.39,18543,207,40,-2953,-485,20.7,1562.3,25,2,1,6,8,10,0,1,0,2,15648,7.23,18610,229,65,22.9,1564.8
0,20,2,0,5,7,3,0,1,0,1,14151,6.39,15313,211,56,-2058,-1436,21.1,1415.1,19,0,1,7,5,9,0,1,0,0,15741,7.52,19462,218,60,21.8,1574.1
1,30,3,0,10,2,4,1,0,1,0,18370,7.33,17765,226,40,9,2852,22.6,1837.0,16,3,1,2,10,9,1,0,0,0,13783,6.68,14916,178,35,17.8,1378.3
1,16,1,1,5,5,4,1,0,0,1,15996,6.87,15819,199,58,-949,-1894,19.9,1599.6,18,1,0,5,5,12,1,1,0,0,19833,7.31,18388,226,59,22.6,1983.3
0,22,1,0,4,13,2,1,0,0,0,14118,6.76,16846,201,44,-2063,-1207,20.1,1411.8,21,3,1,13,4,2,2,0,0,1,16840,7.15,18212,249,53,24.9,1684.0
0,21,3,0,6,4,8,0,0,1,1,16793,6.56,18216,224,54,-648,499,22.4,1679.3,21,2,1,4,6,6,1,1,0,1,17666,6.61,19348,228,48,22.8,1766.6
1,25,2,1,8,3,7,1,1,0,1,17289,6.53,18432,218,60,1043,-989,21.8,1728.9,15,2,0,3,8,5,0,0,1,0,17455,6.62,19594,207,34,20.7,1745.5
0,15,2,0,0,8,6,0,0,1,1,12283,6.22,14370,163,39,-3148,-2731,16.3,1228.3,31,2,1,8,0,7,1,1,1,1,19248,7.62,21367,251,71,25.1,1924.8
0,18,1,0,7,6,5,0,0,0,0,16581,7.16,16635,238,53,104,1029,23.8,1658.1,25,2,1,6,7,5,0,1,0,1,16419,6.93,17915,239,69,23.9,1641.9
1,25,4,0,6,3,9,1,0,1,0,16885,7.93,19390,179,61,1621,1318,17.9,1688.5,18,3,1,3,6,5,0,1,0,0,14295,6.89,17191,231,54,23.1,1429.5
1,23,2,1,8,6,9,0,1,1,1,18012,6.58,19929,188,68,-361,1115,18.8,1801.2,14,1,0,6,8,8,0,0,0,0,16447,6.78,15468,227,71,22.7,1644.7
1,20,5,1,16,0,16,0,1,1,2,16900,7.89,20731,257,67,4167,3735,25.7,1690.0,14,1,0,0,16,0,0,0,0,0,11167,6.15,14721,174,25,17.4,1116.7
1,29,2,1,10,2,10,1,0,0,1,18773,7.44,19686,229,46,1355,928,22.9,1877.3,20,2,0,2,10,2,0,0,1,0,13572,6.13,16578,220,36,22.0,1357.2
0,27,2,1,12,1,9,2,1,0,1,16965,6.95,18296,252,66,1262,3278,25.2,1696.5,27,1,0,1,12,0,1,0,0,1,13997,6.73,15286,144,50,14.4,1399.7
1,25,5,0,14,0,12,1,1,0,2,19868,7.77,19697,249,78,4620,3952,24.9,1986.8,17,0,1,0,14,0,0,0,0,0,11377,6.52,14051,192,30,19.2,1137.7
1,19,1,1,3,6,9,1,0,1,0,19206,7.16,19260,258,84,-352,1367,25.8,1920.6,12,3,0,6,3,7,0,0,0,0,15939,6.65,14839,204,44,20.4,1593.9
1,22,0,1,6,7,10,1,0,0,1,14933,7.03,17193,203,58,-1166,-651,20.3,1493.3,18,5,0,7,6,5,0,0,0,1,15608,7.27,16568,250,50,25.0,1560.8
1,25,1,0,9,7,7,0,0,0,1,18133,7.4,18781,241,70,2239,644,24.1,1813.3,14,2,1,7,9,5,0,0,1,0,15638,7.02,17340,211,67,21.1,1563.8
0,11,3,1,0,4,3,0,0,0,1,14471,7.39,17861,241,52,-1045,-905,24.1,1447.1,19,2,0,4,0,6,1,1,0,1,15614,7.33,19997,233,65,23.3,1561.4
1,22,3,1,6,3,13,0,1,0,1,18265,7.17,18299,230,57,-892,124,23.0,1826.5,18,0,0,3,6,5,2,1,0,1,18970,7.43,18454,256,59,25.6,1897.0
0,22,1,1,4,5,2,0,0,0,1,16041,6.79,15928,231,64,-624,-719,23.1,1604.1,18,2,0,5,4,2,1,1,1,1,17531,7.32,17034,219,50,21.9,1753.1
1,9,1,0,4,5,9,1,1,0,1,20227,6.81,18982,232,78,835,1273,23.2,2022.7,23,1,1,5,4,8,0,0,0,0,18062,6.52,17165,210,50,21.0,1806.2
0,20,3,0,2,5,6,0,0,0,0,15765,6.71,17938,229,57,-2562,-1162,22.9,1576.5,10,5,1,5,2,7,1,0,1,2,16151,7.06,19433,233,52,23.3,1615.1
1,22,4,0,7,6,5,0,0,0,0,16605,6.83,18482,189,64,-1828,-603,18.9,1660.5,24,3,1,6,7,6,0,1,0,0,15911,6.63,19872,203,62,20.3,1591.1
0,24,2,1,0,7,4,1,0,1,1,16919,6.91,17701,231,32,1176,1909,23.1,1691.9,24,1,0,7,0,4,0,0,1,1,16467,6.74,16634,214,74,21.4,1646.7
0,24,3,1,6,9,12,1,0,0,1,18579,7.15,17121,214,43,350,-714,21.4,1857.9,15,0,0,9,6,7,0,1,1,0,17410,6.27,15459,198,49,19.8,1741.0
0,15,2,0,4,12,3,0,0,0,0,13920,7.04,13798,190,37,-2930,-3025,19.0,1392.0,25,2,1,12,4,13,0,1,0,2,19236,6.97,21098,265,73,26.5,1923.6
0,12,5,0,3,10,2,0,0,0,1,16057,6.02,16671,164,50,-2776,-2732,16.4,1605.7,23,5,1,10,3,8,1,1,0,2,19346,7.07,18552,208,52,20.8,1934.6
0,9,0,1,7,7,0,0,0,0,1,12778,6.42,17196,222,37,-1286,-2679,22.2,1277.8,16,2,0,7,7,5,1,1,0,1,18109,7.33,19367,260,59,26.0,1810.9
0,24,1,1,3,8,0,1,0,1,1,15367,7.29,16525,225,45,-1654,-1040,22.5,1536.7,28,1,0,8,3,6,0,1,0,2,15398,7.13,18087,257,57,25.7,1539.8
0,24,1,0,5,8,9,0,0,0,0,16535,7.05,20132,247,59,1770,640,24.7,1653.5,29,1,1,8,5,4,1,1,0,0,16304,6.68,15961,205,49,20.5,1630.4
1,26,3,0,6,7,4,0,1,1,1,17698,7.37,18298,214,66,1824,428,21.4,1769.8,23,4,1,7,6,4,0,0,0,1,16618,7.18,17873,195,56,19.5,1661.8
1,19,2,1,8,6,7,0,1,0,2,19472,6.82,17915,213,63,2019,1018,21.3,1947.2,12,2,0,6,8,6,0,0,0,1,15721,6.51,14306,198,43,19.8,1572.1
1,26,3,0,6,6,6,0,0,0,0,19843,7.25,18700,248,66,2867,-31,24.8,1984.3,23,2,1,6,6,3,1,0,0,0,15221,6.2,18861,234,54,23.4,1522.1
1,15,3,1,8,3,9,2,0,1,0,16591,7.08,18674,221,59,1977,917,22.1,1659.1,17,1,0,3,8,2,0,1,0,1,12696,7.18,16625,204,36,20.4,1269.6
1,17,2,0,6,6,8,0,0,1,1,18777,7.04,18994,217,53,216,626,21.7,1877.7,15,1,1,6,6,3,0,0,0,1,15314,6.82,17423,220,67,22.0,1531.4
1,21,2,1,5,5,8,0,0,0,1,16432,6.84,21152,228,71,2171,1680,22.8,1643.2,26,3,0,5,5,8,1,0,0,0,15276,6.75,18148,242,71,24.2,1527.6
1,26,4,0,6,5,10,0,0,0,1,19614,7.75,20916,214,63,2312,4278,21.4,1961.4,17,2,1,5,6,0,1,1,0,1,15547,7.1,14047,233,59,23.3,1554.7
1,30,1,1,9,7,6,1,1,1,1,17856,6.96,20224,217,49,1749,1421,21.7,1785.6,14,0,0,7,9,3,1,0,0,0,14395,6.84,15692,180,43,18.0,1439.5
0,20,2,0,5,9,3,1,0,0,1,18925,7.39,16255,223,55,1858,69,22.3,1892.5,19,2,1,9,5,5,0,0,0,0,17405,6.72,15819,163,45,16.3,1740.5
0,18,1,0,6,5,8,2,0,0,3,17504,7.24,20997,260,73,3554,2091,26.0,1750.4,15,3,1,5,6,6,1,0,0,2,15104,6.37,14699,212,47,21.2,1510.4
0,11,1,0,0,12,3,1,0,0,1,14381,6.94,15457,178,28,-4374,-3307,17.8,1438.1,18,2,1,12,0,9,1,1,0,2,18825,7.05,18985,216,72,21.6,1882.5
1,16,2,1,6,10,6,0,0,1,0,14627,7.05,19001,210,44,-748,-1297,21.0,1462.7,22,3,0,10,6,11,0,0,0,0,17979,6.68,17700,222,67,22.2,1797.9
0,30,3,0,7,5,1,0,1,0,1,14560,6.37,14921,246,43,-2228,-355,24.6,1456.0,24,0,1,5,7,6,0,0,0,0,16861,7.03,17126,221,39,22.1,1686.1
1,26,3,1,10,7,8,2,1,1,1,16698,7.24,18095,236,65,2941,2244,23.6,1669.8,15,0,0,7,10,0,0,0,0,0,15207,7.13,15522,193,46,19.3,1520.7
1,29,2,1,10,3,7,1,0,0,1,18502,7.24,20463,245,59,3350,2735,24.5,1850.2,19,0,0,3,10,3,0,0,0,0,13788,7.07,14856,234,51,23.4,1378.8
1,16,1,0,4,9,3,1,0,0,0,14218,6.76,13565,215,33,-2490,-2261,21.5,1421.8,27,3,1,9,4,9,0,1,0,1,16216,7.23,18301,233,74,23.3,1621.6
1,23,5,1,9,2,11,0,0,1,0,19054,7.32,21345,225,51,1528,1717,22.5,1905.4,11,2,0,2,9,1,0,0,0,0,16668,6.32,15461,212,46,21.2,1666.8
0,21,0,0,4,6,0,0,0,0,0,15214,6.08,16807,234,59,-328,-1382,23.4,1521.4,27,3,1,6,4,10,0,1,1,1,18533,7.65,20457,259,53,25.9,1853.3
0,15,0,0,4,12,7,0,0,1,0,14702,6.5,16250,217,48,-1139,-671,21.7,1470.2,18,1,1,12,4,9,1,1,1,1,19282,7.21,17153,226,60,22.6,1928.2
0,18,2,1,4,7,3,1,0,0,1,16599,6.69,16090,217,57,-160,-418,21.7,1659.9,24,2,0,7,4,6,0,1,0,1,17506,6.74,17199,218,59,21.8,1750.6
0,16,1,1,3,6,8,0,0,0,0,15750,6.82,16249,210,51,-1492,1016,21.0,1575.0,20,3,0,6,3,5,1,1,0,1,15779,6.61,18354,252,41,25.2,1577.9
0,15,2,1,6,10,5,1,0,0,1,15044,6.62,14053,183,31,-1713,-1455,18.3,1504.4,27,1,0,10,6,6,1,0,0,1,17813,7.15,19106,230,70,23.0,1781.3
1,22,2,0,8,4,7,1,1,1,1,16294,7.32,18062,228,66,1125,1992,22.8,1629.4,9,4,1,4,8,7,0,0,1,0,16952,5.94,16031,207,56,20.7,1695.2
1,17,3,1,10,1,8,0,0,0,0,18065,7.27,19564,230,53,32,1755,23.0,1806.5,22,1,0,1,10,6,0,1,0,0,14310,6.72,15030,218,47,21.8,1431.0
0,24,3,0,6,3,6,1,1,1,1,16026,6.32,18434,225,66,1887,1304,22.5,1602.6,22,1,1,3,6,0,1,1,0,0,16251,6.4,15715,208,59,20.8,1625.1
0,21,2,0,4,4,1,1,0,1,1,17796,6.98,18131,235,48,-1201,-1797,23.5,1779.6,22,1,1,4,4,5,1,0,0,0,16694,6.63,17842,224,62,22.4,1669.4
0,19,0,0,3,7,9,0,0,0,1,15180,7.37,15698,221,47,-276,-185,22.1,1518.0,33,2,1,7,3,2,1,0,1,1,16726,6.75,17215,193,57,19.3,1672.6
1,16,2,1,7,10,4,1,1,0,0,15093,6.95,15122,232,59,547,736,23.2,1509.3,18,2,0,10,7,7,1,0,0,1,16265,6.91,18525,252,66,25.2,1626.5
1,24,0,1,8,1,14,1,2,0,1,20623,7.11,21229,238,60,5269,2479,23.8,2062.3,19,1,0,1,8,3,0,0,0,1,13674,6.69,14242,181,32,18.1,1367.4
0,12,0,0,0,14,3,0,0,1,0,11896,5.89,12960,202,57,-5688,-4602,20.2,1189.6,32,5,1,14,0,7,1,1,1,2,20556,7.81,23006,261,63,26.1,2055.6
1,18,2,0,8,7,2,0,1,0,0,16789,6.97,16056,207,61,-1969,-665,20.7,1678.9,30,4,1,7,8,9,0,1,0,0,17951,7.21,19516,266,71,26.6,1795.1
1,26,4,0,7,6,7,1,1,0,1,16582,7.02,16390,231,42,725,1571,23.1,1658.2,18,3,1,6,7,3,0,1,1,0,17083,6.94,17509,235,73,23.5,1708.3
0,12,5,1,5,6,5,1,0,0,0,13032,6.43,16439,174,49,-1223,-541,17.4,1303.2,25,1,0,6,5,8,2,1,1,0,17452,7.73,17308,251,66,25.1,1745.2
1,30,1,0,3,8,10,0,0,0,0,15863,6.9,19381,209,51,286,1075,20.9,1586.3,22,1,1,8,3,5,1,1,0,1,18158,7.13,16902,236,50,23.6,1815.8
0,19,1,1,2,9,5,0,0,0,0,13525,6.73,16334,216,47,1138,-772,21.6,1352.5,13,3,0,9,2,12,1,0,0,1,18822,6.77,19254,205,44,20.5,1882.2
0,21,2,0,7,8,4,0,0,1,1,16129,6.59,14603,227,42,-2328,-1643,22.7,1612.9,19,1,1,8,7,6,2,0,0,1,17807,7.21,19924,239,70,23.9,1780.7
1,16,5,0,1,7,7,1,0,0,0,17641,6.93,16068,218,51,417,-510,21.8,1764.1,17,2,1,7,1,7,0,1,0,1,17058,6.41,15786,219,55,21.9,1705.8
1,27,5,1,6,6,7,0,0,0,0,18077,7.12,18381,218,73,594,274,21.8,1807.7,17,3,0,6,6,7,2,1,1,0,15056,6.81,18261,197,63,19.7,1505.6
0,19,0,0,4,6,2,1,0,0,1,15290,6.58,15659,226,58,-1364,-972,22.6,1529.0,28,2,1,6,4,6,0,0,0,2,16043,7.23,17357,199,56,19.9,1604.3
0,17,2,0,3,10,8,1,0,0,0,16101,6.66,15780,209,53,-130,-206,20.9,1610.1,15,5,1,10,3,10,1,0,0,1,17408,6.61,19326,239,58,23.9,1740.8
1,17,3,1,5,5,10,0,1,0,0,14650,7.46,14562,243,41,-869,293,24.3,1465.0,20,2,0,5,5,4,0,0,1,1,15855,7.04,18628,218,70,21.8,1585.5
1,19,3,1,4,3,6,2,0,1,0,17122,6.58,17863,228,19,-431,-983,22.8,1712.2,18,0,0,3,4,7,0,0,0,0,16241,6.57,16138,204,88,20.4,1624.1
0,19,2,0,0,8,0,0,0,0,0,14791,6.54,16216,200,34,-2899,-2049,20.0,1479.1,28,2,1,8,0,13,1,1,1,2,17484,7.39,20074,231,60,23.1,1748.4
1,22,2,0,8,6,7,1,0,0,0,16385,7.22,16952,210,72,-129,245,21.0,1638.5,17,2,1,6,8,3,0,0,0,0,15415,6.7,16399,179,69,17.9,1541.5
1,19,3,1,7,6,3,1,1,0,1,14947,6.58,16014,190,48,965,6,19.0,1494.7,20,0,0,6,7,5,0,0,0,2,15581,7.3,18411,220,61,22.0,1558.1
1,19,4,1,5,3,8,1,1,0,0,17044,7.03,19393,227,57,2828,1485,22.7,1704.4,17,2,0,3,5,3,0,0,0,0,14765,6.5,16109,218,51,21.8,1476.5
1,17,1,0,8,4,8,0,0,0,0,19171,6.8,18969,238,66,796,1747,23.8,1917.1,14,3,1,4,8,1,1,0,0,0,13727,6.0,15693,243,42,24.3,1372.7
1,20,5,1,10,4,10,1,2,0,1,17241,6.84,19112,245,62,1960,911,24.5,1724.1,10,0,0,4,10,6,0,1,1,0,16647,7.05,16447,190,45,19.0,1664.7
1,20,3,1,5,11,7,0,1,0,1,16518,7.15,16316,217,41,-939,-816,21.7,1651.8,25,2,0,11,5,8,1,0,0,1,19558,7.37,19086,236,59,23.6,1955.8
1,23,1,1,5,10,7,0,0,0,0,15784,6.65,16535,211,57,-1552,-921,21.1,1578.4,18,4,0,10,5,7,0,0,0,0,17467,6.98,18818,234,58,23.4,1746.7
0,22,3,0,2,7,1,0,0,0,0,13046,6.59,16721,224,53,-3478,-1719,22.4,1304.6,24,2,1,7,2,10,1,1,0,0,17908,7.22,16967,210,68,21.0,1790.8
0,19,3,1,6,10,6,2,0,0,0,14670,6.41,17183,203,74,-1001,-1813,20.3,1467.0,23,2,0,10,6,9,1,0,0,1,18403,7.01,18620,245,42,24.5,1840.3
1,24,4,1,9,4,8,1,0,0,0,18015,7.35,18004,214,76,2969,1874,21.4,1801.5,25,2,0,4,9,5,0,0,0,0,14650,6.75,16632,252,44,25.2,1465.0
1,22,5,1,5,0,9,0,0,0,1,17829,7.07,18950,223,60,2768,2649,22.3,1782.9,22,0,0,0,5,3,0,0,0,0,14124,6.75,16009,197,44,19.7,1412.4
0,9,1,1,3,10,4,0,0,1,0,15739,6.87,16751,210,48,-3007,-2552,21.0,1573.9,22,1,0,10,3,8,1,1,1,1,16105,7.52,18450,244,66,24.4,1610.5
0,18,2,0,5,11,5,1,1,0,1,15267,6.47,17624,215,39,1312,-1680,21.5,1526.7,23,5,1,11,5,7,0,0,1,1,17943,6.88,18174,217,57,21.7,1794.3
0,18,0,1,3,5,8,1,2,0,0,16488,7.45,16075,247,52,-977,616,24.7,1648.8,15,2,0,5,3,7,1,0,0,0,14441,6.18,16687,205,47,20.5,1444.1
0,16,4,1,7,4,8,1,0,0,0,16947,6.84,18194,247,63,724,163,24.7,1694.7,19,2,0,4,7,3,1,0,1,0,16068,6.89,19510,195,55,19.5,1606.8
0,14,3,0,3,6,0,0,0,0,0,13639,6.57,14678,177,44,-2946,-2785,17.7,1363.9,19,5,1,6,3,8,1,0,1,0,18388,7.03,19362,222,87,22.2,1838.8
0,17,3,0,1,9,0,0,0,0,0,13563,6.62,12969,189,34,-3279,-2351,18.9,1356.3,29,0,1,9,1,7,1,1,0,1,21236,6.53,22369,254,83,25.4,2123.6
0,15,1,0,8,5,9,1,0,0,1,16756,7.33,20154,226,51,1642,118,22.6,1675.6,16,1,1,5,8,3,1,0,0,0,16981,6.92,16988,226,40,22.6,1698.1
0,13,2,1,0,15,3,0,0,0,0,15318,5.91,14490,171,36,-2460,-1286,17.1,1531.8,27,4,0,15,0,8,1,1,0,1,20220,7.66,21764,264,63,26.4,2022.0
0,27,3,0,2,5,8,1,0,1,1,15705,6.46,15873,205,58,-1119,-1168,20.5,1570.5,19,2,1,5,2,5,1,0,0,1,17538,7.68,18532,245,60,24.5,1753.8
0,12,1,0,8,8,6,1,0,0,1,17314,6.81,17649,232,62,-1981,112,23.2,1731.4,20,2,1,8,8,9,1,1,1,1,15836,6.33,17054,229,48,22.9,1583.6
0,20,4,0,9,6,8,1,1,1,0,17861,7.4,17444,234,58,797,-610,23.4,1786.1,26,2,1,6,9,2,0,0,1,0,17795,6.42,16866,198,76,19.8,1779.5
0,14,3,1,3,11,7,0,0,1,1,15079,6.8,19060,227,59,767,702,22.7,1507.9,17,2,0,11,3,10,0,0,0,2,17965,6.86,15564,249,38,24.9,1796.5
1,16,0,1,7,7,1,1,0,1,0,14614,7.4,18513,216,50,-173,-2184,21.6,1461.4,23,2,0,7,7,9,1,1,1,0,15643,6.96,19165,200,46,20.0,1564.3
1,21,3,1,8,4,4,0,1,1,0,15889,7.83,18557,258,51,2077,647,25.8,1588.9,18,3,0,4,8,6,1,1,0,0,14743,6.57,15353,179,41,17.9,1474.3
1,16,1,0,2,7,8,0,0,0,0,15913,6.96,19050,197,54,-38,-686,19.7,1591.3,20,0,1,7,2,8,0,0,0,1,16263,7.09,16933,202,45,20.2,1626.3
0,22,0,1,1,8,6,0,0,0,1,16350,7.48,16682,231,52,-125,-1532,23.1,1635.0,21,0,0,8,1,4,1,0,0,1,16604,6.51,21015,237,65,23.7,1660.4
1,27,3,0,7,8,9,0,1,0,0,14395,6.79,15361,230,58,139,-591,23.0,1439.5,21,1,1,8,7,10,1,0,0,0,17439,6.68,19037,222,50,22.2,1743.9
0,25,2,0,3,6,11,1,0,0,1,17505,7.08,18014,229,51,1116,-98,22.9,1750.5,29,1,1,6,3,6,0,0,1,1,14481,7.18,18455,204,57,20.4,1448.1
1,29,5,0,8,0,9,1,2,1,0,17811,7.46,19002,241,48,4020,3409,24.1,1781.1,10,0,1,0,8,1,0,0,1,0,17113,6.41,14622,206,55,20.6,1711.3
1,15,3,0,8,5,7,1,1,1,1,18236,7.58,17570,231,62,1813,1502,23.1,1823.6,15,0,1,5,8,5,0,1,1,0,16355,7.31,16308,227,59,22.7,1635.5
1,21,4,0,10,4,5,1,1,0,1,17480,7.58,19828,195,44,2769,85,19.5,1748.0,16,2,1,4,10,0,0,1,0,0,14171,6.24,16924,179,50,17.9,1417.1
0,21,2,1,5,6,6,1,0,0,1,16197,6.73,19406,206,47,-1504,159,20.6,1619.7,26,3,0,6,5,7,1,1,0,1,16925,7.4,17442,199,60,19.9,1692.5
0,23,3,0,8,8,0,1,0,0,0,16521,6.57,15810,228,36,-1425,-223,22.8,1652.1,21,3,1,8,8,8,1,0,1,0,15867,7.24,17510,197,57,19.7,1586.7
0,28,1,1,4,2,3,1,0,1,2,15191,6.98,17503,189,64,-596,-1373,18.9,1519.1,17,3,0,2,4,8,1,0,0,1,17923,6.65,15756,214,65,21.4,1792.3
0,25,2,1,6,7,6,1,0,0,2,15806,7.09,17421,240,62,572,-394,24.0,1580.6,31,3,0,7,6,7,0,0,1,1,15766,6.98,20430,245,52,24.5,1576.6
0,22,1,0,5,10,2,1,0,0,0,14348,7.09,18717,217,57,-3691,-17,21.7,1434.8,14,2,1,10,5,11,1,1,0,0,18212,7.43,17496,226,57,22.6,1821.2
1,36,4,0,10,5,8,2,2,0,2,18031,7.79,18575,269,50,1822,2692,26.9,1803.1,14,1,1,5,10,2,1,0,0,0,13155,6.88,18818,232,66,23.2,1315.5
1,22,3,1,10,6,7,1,1,0,1,17528,7.03,20870,225,45,409,3215,22.5,1752.8,29,3,0,6,10,6,0,0,0,0,14264,6.77,14524,193,61,19.3,1426.4
1,18,1,1,4,5,3,1,0,0,1,16645,6.64,14714,217,74,-195,792,21.7,1664.5,13,2,0,5,4,7,1,0,0,1,17430,6.52,19070,217,58,21.7,1743.0
1,22,2,1,9,1,2,0,1,0,1,20100,7.23,17505,222,60,-46,-1397,22.2,2010.0,15,0,0,1,9,6,1,0,0,1,13824,6.21,15485,236,44,23.6,1382.4
1,16,5,0,4,8,8,0,0,0,1,18327,6.51,18898,197,37,-597,1376,19.7,1832.7,28,2,1,8,4,2,0,0,0,1,15522,7.27,19542,211,48,21.1,1552.2
1,22,0,0,7,5,7,2,1,0,0,15774,7.63,15670,233,55,585,987,23.3,1577.4,13,3,1,5,7,13,0,0,0,0,15614,6.54,13113,181,61,18.1,1561.4
0,9,2,0,4,10,4,0,0,0,0,13283,6.28,15385,216,38,-2348,-2392,21.6,1328.3,14,3,1,10,4,6,0,1,1,0,17832,7.35,19433,228,57,22.8,1783.2
1,17,4,1,8,10,6,0,1,0,0,16873,6.9,15503,259,61,264,-1486,25.9,1687.3,20,2,0,10,8,9,0,0,0,2,17395,7.02,17864,236,65,23.6,1739.5
1,19,3,0,7,3,6,0,0,0,0,15354,6.42,15631,217,43,-642,-433,21.7,1535.4,18,0,1,3,7,6,1,0,0,0,16414,6.86,17168,229,56,22.9,1641.4
0,26,5,1,8,9,8,0,0,0,1,16532,6.81,20538,209,53,982,2936,20.9,1653.2,21,3,0,9,8,3,0,0,0,1,14861,7.14,17538,254,58,25.4,1486.1
0,24,3,0,4,6,4,0,1,1,0,14239,6.97,17982,207,58,86,484,20.7,1423.9,21,1,1,6,4,6,1,1,0,1,16152,7.15,16725,235,68,23.5,1615.2
0,10,1,0,2,13,0,0,1,1,0,12767,5.94,14465,182,42,-4899,-4662,18.2,1276.7,18,4,1,13,2,7,2,1,0,1,17068,7.53,21118,214,59,21.4,1706.8
0,28,1,0,8,8,1,0,0,0,0,13365,6.49,17739,242,44,-1463,-2767,24.2,1336.5,22,3,1,8,8,3,0,0,1,1,16558,7.52,17195,212,65,21.2,1655.8
1,21,3,0,8,5,12,0,0,1,1,17727,7.48,18048,206,44,1615,871,20.6,1772.7,19,4,1,5,8,6,0,0,0,1,16919,6.58,18246,220,46,22.0,1691.9
1,21,3,1,7,3,9,0,0,0,0,17503,7.08,18841,240,58,374,-834,24.0,1750.3,20,3,0,3,7,7,0,0,0,0,16598,7.08,17994,259,49,25.9,1659.8
1,15,3,0,7,1,13,0,1,1,2,16896,7.19,20058,246,46,3619,2189,24.6,1689.6,24,1,1,1,7,0,0,0,0,1,13867,7.27,13950,196,31,19.6,1386.7
0,18,1,1,5,6,10,0,0,0,1,18044,6.56,17738,250,62,2226,469,25.0,1804.4,18,2,0,6,5,8,0,0,1,1,16914,6.49,18100,249,45,24.9,1691.4
1,25,0,0,5,7,5,1,0,0,0,17249,7.36,16673,214,56,2736,992,21.4,1724.9,20,2,1,7,5,5,1,0,0,1,20132,7.24,16064,205,44,20.5,2013.2
0,21,2,0,8,8,5,1,0,0,0,16935,7.49,17151,196,51,1186,62,19.6,1693.5,21,1,1,8,8,4,0,1,1,1,18274,6.87,17657,213,69,21.3,1827.4
1,23,0,1,6,2,8,0,0,0,2,18203,6.4,16804,273,51,4091,-90,27.3,1820.3,20,4,0,2,6,4,0,0,0,1,15526,7.02,16067,181,50,18.1,1552.6
0,20,1,1,6,9,4,0,0,0,0,15702,6.26,16880,223,55,-2021,-1261,22.3,1570.2,29,1,0,9,6,9,2,0,0,0,17258,6.82,18075,240,58,24.0,1725.8
1,13,0,1,6,6,8,1,0,0,1,16764,7.16,19289,251,56,877,259,25.1,1676.4,19,3,0,6,6,4,1,1,1,1,13869,6.55,16090,216,59,21.6,1386.9
0,17,3,0,4,10,2,1,1,0,0,13658,6.39,14971,241,39,-1467,-2130,24.1,1365.8,22,2,1,10,4,12,1,2,0,2,17719,7.07,18361,232,63,23.2,1771.9
1,30,4,0,9,4,6,2,0,0,1,17849,7.59,19187,226,39,3740,2108,22.6,1784.9,15,1,1,4,9,7,0,0,0,1,15087,6.29,16462,192,44,19.2,1508.7
0,26,2,0,6,4,4,0,1,1,0,18790,6.8,15222,237,58,1826,1220,23.7,1879.0,20,2,1,4,6,6,0,0,0,0,15258,7.18,18885,201,62,20.1,1525.8
0,18,4,0,2,8,4,1,0,0,0,15542,7.2,16692,227,62,-961,-2741,22.7,1554.2,18,4,1,8,2,9,2,0,0,1,16477,7.04,18790,244,61,24.4,1647.7
0,28,4,0,7,7,5,0,0,0,2,16663,6.39,21185,219,51,-556,-1051,21.9,1666.3,10,3,1,7,7,6,1,1,0,1,17083,6.43,17971,248,51,24.8,1708.3
1,15,3,0,7,7,5,0,0,1,1,19186,6.93,18388,244,54,12,2862,24.4,1918.6,11,2,1,7,7,5,1,0,0,1,15739,6.29,18056,216,35,21.6,1573.9
1,15,2,0,3,10,6,1,0,0,1,17077,6.74,18454,242,56,-265,-708,24.2,1707.7,19,4,1,10,3,7,0,1,0,1,15636,6.41,18039,232,49,23.2,1563.6
1,28,1,1,5,6,2,0,0,0,1,18321,7.01,16169,200,43,-2021,-801,20.0,1832.1,23,0,0,6,5,8,1,1,0,0,18011,7.47,18571,201,69,20.1,1801.1
0,22,3,1,12,5,7,2,0,0,0,15315,6.74,17428,247,48,-1005,-1139,24.7,1531.5,26,3,0,5,12,7,0,1,0,1,18631,6.62,15082,235,57,23.5,1863.1
1,19,2,0,6,8,4,0,0,1,2,16580,6.89,17131,228,67,1679,-186,22.8,1658.0,10,0,1,8,6,4,0,0,0,1,15582,6.88,17608,214,67,21.4,1558.2
0,19,3,0,9,4,2,0,1,0,1,15759,6.68,17305,214,55,-990,-1357,21.4,1575.9,31,1,1,4,9,7,0,0,0,1,16664,6.81,17732,231,40,23.1,1666.4
0,15,3,0,0,9,3,0,0,0,2,16401,6.11,14710,209,69,-1908,-72,20.9,1640.1,26,2,1,9,0,13,1,1,0,1,18955,6.7,17917,213,61,21.3,1895.5
0,19,1,0,2,7,3,1,0,0,1,15773,6.41,17219,180,49,-1300,-1285,18.0,1577.3,21,2,1,7,2,10,1,0,1,1,20368,7.27,19490,224,59,22.4,2036.8
1,21,4,1,8,4,8,1,1,0,1,17189,6.64,18243,252,61,-881,-330,25.2,1718.9,20,1,0,4,8,8,0,0,0,0,17057,6.89,15271,207,73,20.7,1705.7
1,20,2,1,6,6,5,0,0,0,1,17179,7.03,18196,216,49,-691,-607,21.6,1717.9,10,2,0,6,6,8,1,1,1,0,16564,6.94,18307,229,53,22.9,1656.4
1,14,2,1,4,4,1,1,1,0,0,14967,6.59,16525,194,50,-1021,-756,19.4,1496.7,22,1,0,4,4,6,1,0,0,0,16369,7.6,17315,227,55,22.7,1636.9
1,22,1,0,6,3,8,0,1,1,2,16586,7.2,18381,241,58,459,-1689,24.1,1658.6,18,1,1,3,6,5,0,0,0,0,16166,7.23,17885,225,44,22.5,1616.6
1,19,2,1,10,1,9,0,1,0,0,18729,6.92,20379,208,72,1404,1360,20.8,1872.9,15,3,0,1,10,3,1,1,0,1,15186,6.6,17047,187,65,18.7,1518.6
1,16,6,1,12,6,6,1,1,0,1,17316,7.01,17435,220,58,1592,114,22.0,1731.6,17,3,0,6,12,6,0,0,0,1,15916,6.47,16648,195,37,19.5,1591.6
1,27,1,1,10,5,8,0,1,1,1,15706,7.03,19206,229,67,876,1983,22.9,1570.6,13,6,0,5,10,9,1,0,0,0,15563,6.58,16369,202,40,20.2,1556.3
1,30,3,1,4,7,9,1,1,0,0,17637,6.61,17171,174,66,-1141,-81,17.4,1763.7,15,1,0,7,4,3,1,0,0,1,15974,6.54,16361,203,60,20.3,1597.4
0,29,1,0,4,7,3,1,1,0,1,14646,6.79,18787,228,71,-542,-1256,22.8,1464.6,22,1,1,7,4,7,0,0,0,1,16423,7.09,18739,243,54,24.3,1642.3
0,21,0,1,3,8,6,1,1,0,0,14876,6.11,15199,213,50,-3452,-1349,21.3,1487.6,20,1,0,8,3,7,1,0,0,1,17964,6.55,18911,199,70,19.9,1796.4
0,17,3,0,3,6,8,1,0,0,1,15729,6.91,16043,191,55,607,217,19.1,1572.9,18,5,1,6,3,8,1,0,0,0,15181,6.82,21084,224,59,22.4,1518.1
0,20,1,1,6,8,6,0,0,0,2,14378,6.96,18800,266,50,322,-2125,26.6,1437.8,19,1,0,8,6,3,1,0,0,0,16841,6.41,19156,190,57,19.0,1684.1
0,20,2,1,4,4,1,0,0,0,0,14178,6.88,16265,197,54,-792,-780,19.7,1417.8,24,3,0,4,4,8,1,0,0,1,16797,6.86,17814,229,58,22.9,1679.7
0,18,4,0,4,3,9,1,0,0,0,16064,7.33,18268,179,61,2708,-1227,17.9,1606.4,19,0,1,3,4,6,0,0,0,1,16387,6.76,17144,205,67,20.5,1638.7
0,25,2,0,6,11,6,0,0,0,0,16266,7.34,17233,202,48,-1640,-1205,20.2,1626.6,16,4,1,11,6,13,0,1,0,1,17976,6.73,19532,188,63,18.8,1797.6
0,6,2,1,3,10,4,0,1,0,1,14460,6.38,15617,188,32,-3320,-1210,18.8,1446.0,18,5,0,10,3,13,1,1,1,1,19337,7.29,19722,231,58,23.1,1933.7
0,20,1,0,6,0,8,2,0,1,2,20810,6.84,16333,236,56,1695,945,23.6,2081.0,15,3,1,0,6,3,1,0,0,0,15700,7.17,16228,215,52,21.5,1570.0
0,23,3,1,5,8,8,0,0,0,1,18160,6.63,17749,201,27,64,-62,20.1,1816.0,11,3,0,8,5,8,0,0,1,0,18529,7.65,17222,229,53,22.9,1852.9
0,14,1,1,2,4,2,0,1,0,1,15042,7.21,15560,209,49,-1545,-911,20.9,1504.2,21,2,0,4,2,7,0,1,0,0,17928,6.92,21261,274,58,27.4,1792.8
0,17,0,1,2,11,6,1,0,1,0,15194,6.28,14136,222,38,-2644,-1435,22.2,1519.4,13,2,0,11,2,4,1,0,0,0,17618,6.92,20936,255,62,25.5,1761.8
0,24,3,0,8,7,6,0,1,0,0,15982,7.9,20308,222,62,500,433,22.2,1598.2,13,2,1,7,8,3,0,1,0,1,17547,7.06,17271,204,56,20.4,1754.7
1,30,4,0,10,8,5,1,0,0,1,17503,7.29,20799,220,86,2460,1251,22.0,1750.3,17,3,1,8,10,5,1,0,1,0,15535,6.19,19232,205,37,20.5,1553.5
0,13,4,0,4,6,3,0,1,0,1,14868,6.92,15409,219,62,-799,-411,21.9,1486.8,23,3,1,6,4,5,2,1,0,1,15284,6.71,19422,255,64,25.5,1528.4
1,13,5,0,6,4,7,1,1,0,1,14082,7.39,14179,209,47,-1032,94,20.9,1408.2,14,0,1,4,6,5,1,0,0,1,17278,7.15,17217,217,51,21.7,1727.8
1,17,4,1,8,2,9,1,1,1,1,16713,7.04,18585,245,73,1878,2310,24.5,1671.3,20,2,0,2,8,6,0,0,0,0,16293,6.65,16493,215,48,21.5,1629.3
0,9,2,0,0,9,3,0,0,0,0,15737,6.59,17323,178,47,-3998,-2918,17.8,1573.7,13,4,1,9,0,6,1,0,0,0,17896,7.65,20404,259,74,25.9,1789.6
1,17,5,1,10,3,9,2,1,0,2,19958,7.82,18779,236,73,4577,2894,23.6,1995.8,20,0,0,3,10,6,0,0,0,0,14674,6.5,16136,191,37,19.1,1467.4
1,20,2,1,12,0,11,2,1,0,1,17522,7.17,20098,257,68,5015,4059,25.7,1752.2,11,1,0,0,12,1,0,0,0,0,14128,6.74,14114,188,33,18.8,1412.8
0,21,0,0,1,12,2,0,0,0,0,12140,5.65,12561,196,49,-2301,-3138,19.6,1214.0,22,0,1,12,1,13,2,1,0,1,18903,7.55,18995,247,78,24.7,1890.3
1,18,1,1,2,4,12,1,1,0,1,17276,6.95,17800,238,46,-571,-491,23.8,1727.6,15,5,0,4,2,6,0,0,0,0,17830,7.27,20219,230,68,23.0,1783.0
0,19,4,0,5,6,4,0,1,0,0,14670,6.31,16429,198,32,-2123,-1619,19.8,1467.0,27,1,1,6,5,7,1,1,1,0,18477,7.45,17490,212,64,21.2,1847.7
0,15,1,0,5,10,8,0,0,0,1,16507,6.98,16131,191,47,-374,929,19.1,1650.7,20,5,1,10,5,10,1,0,1,1,15269,7.38,18806,229,51,22.9,1526.9
0,22,2,0,1,9,7,0,1,0,0,13055,6.73,15015,249,56,-274,-1424,24.9,1305.5,20,0,1,9,1,6,1,0,1,1,16673,6.98,19149,217,52,21.7,1667.3
1,31,3,0,6,6,8,0,0,1,1,15607,7.46,18864,211,54,581,431,21.1,1560.7,8,3,1,6,6,6,0,0,0,0,14444,6.79,14709,241,54,24.1,1444.4
0,15,2,1,7,8,3,0,0,0,0,15571,7.19,18471,208,63,450,980,20.8,1557.1,12,2,0,8,7,9,1,0,0,0,15482,6.68,17185,209,51,20.9,1548.2
0,27,0,1,7,7,8,0,1,0,1,15318,6.12,15569,219,52,-2495,-2259,21.9,1531.8,9,3,0,7,7,8,0,0,0,0,18629,7.52,17599,233,46,23.3,1862.9
1,21,2,1,2,6,6,1,0,0,1,16630,6.72,18107,221,49,-11,247,22.1,1663.0,29,5,0,6,2,7,0,0,0,1,16069,7.09,14962,214,49,21.4,1606.9
1,21,2,1,9,1,6,1,1,0,0,14930,6.62,18081,231,59,811,925,23.1,1493.0,18,1,0,1,9,9,1,1,0,0,16625,6.77,18543,215,45,21.5,1662.5
0,20,4,1,0,6,1,0,0,0,0,14746,6.75,18570,187,17,-400,-2635,18.7,1474.6,17,3,0,6,0,10,1,1,0,1,19248,7.03,18891,233,52,23.3,1924.8
0,19,3,1,5,10,3,2,0,0,0,15304,6.08,17137,187,51,-3261,-2912,18.7,1530.4,18,2,0,10,5,11,1,2,0,0,19789,8.12,19560,251,77,25.1,1978.9
1,33,2,1,10,0,8,0,1,0,0,17734,7.77,20653,248,69,3855,4697,24.8,1773.4,24,0,0,0,10,4,0,0,0,1,12618,6.82,13798,148,53,14.8,1261.8
0,21,4,1,3,9,3,1,1,0,0,15549,6.17,16770,227,43,-2576,378,22.7,1554.9,35,3,0,9,3,6,1,0,0,1,18723,7.01,16724,227,69,22.7,1872.3
0,22,2,1,6,6,4,0,0,0,0,16447,6.83,17467,202,64,-738,1047,20.2,1644.7,24,2,0,6,6,8,0,1,1,1,16549,7.4,18752,210,49,21.0,1654.9
0,17,0,1,3,6,5,1,0,0,1,16798,6.53,16994,211,48,-709,1686,21.1,1679.8,21,1,0,6,3,8,0,0,1,0,15486,7.28,20449,208,68,20.8,1548.6
1,25,2,0,8,3,9,1,0,0,0,17638,6.88,18079,223,60,1711,2414,22.3,1763.8,19,1,1,3,8,6,0,0,0,0,17401,7.09,17377,237,48,23.7,1740.1
1,19,5,1,10,3,9,1,1,0,2,18927,7.16,17491,234,62,3011,4277,23.4,1892.7,17,0,0,3,10,0,0,0,0,0,14400,6.35,14953,184,48,18.4,1440.0
1,22,1,0,0,6,7,1,0,0,1,16876,7.05,20518,204,41,1900,1335,20.4,1687.6,33,3,1,6,0,4,0,0,0,2,17558,6.81,17123,207,63,20.7,1755.8
0,31,1,0,1,7,3,0,0,0,1,14320,6.14,13994,210,43,-3704,-2313,21.0,1432.0,23,6,1,7,1,11,1,1,1,3,20042,7.23,18503,262,51,26.2,2004.2
0,5,0,0,3,8,1,1,0,0,0,16705,6.39,17430,184,29,-2315,-2517,18.4,1670.5,23,4,1,8,3,7,1,1,0,1,21678,6.46,19161,255,59,25.5,2167.8
0,20,0,0,7,6,4,0,0,0,0,14519,7.41,15527,233,53,-924,-1642,23.3,1451.9,20,2,1,6,7,11,0,0,0,0,16572,7.35,17678,238,64,23.8,1657.2
1,21,1,0,6,7,4,0,0,1,0,14834,6.85,16592,201,54,-289,-89,20.1,1483.4,23,4,1,7,6,9,0,0,0,1,15874,7.03,17661,189,52,18.9,1587.4
0,15,0,0,5,10,3,1,0,0,1,14343,7.03,15385,236,49,-3133,-1950,23.6,1434.3,21,1,1,10,5,7,2,1,1,0,18990,7.54,20114,267,70,26.7,1899.0
1,21,1,0,6,4,12,1,1,0,1,16032,7.08,18697,239,52,2331,1265,23.9,1603.2,23,1,1,4,6,3,0,0,0,0,15654,6.39,16257,237,38,23.7,1565.4
0,18,4,1,5,10,1,0,0,1,0,13246,6.44,14109,179,38,-2782,-1364,17.9,1324.6,19,3,0,10,5,6,0,1,0,0,19377,7.09,18355,197,61,19.7,1937.7
1,22,3,1,11,2,10,2,1,1,2,21480,6.87,20543,237,67,1673,2591,23.7,2148.0,7,0,0,2,11,3,0,0,0,0,14330,5.92,16839,214,63,21.4,1433.0
1,25,4,0,6,0,9,0,0,0,0,19213,7.53,19129,239,43,2700,2130,23.9,1921.3,10,1,1,0,6,5,1,0,0,2,13629,6.91,14864,176,40,17.6,1362.9
0,17,4,0,8,9,5,0,0,0,1,16749,7.38,17914,213,55,-866,-319,21.3,1674.9,12,2,1,9,8,11,1,0,0,1,17437,6.99,16037,234,53,23.4,1743.7
1,31,1,1,8,7,6,0,1,0,1,16959,7.39,20569,257,69,387,201,25.7,1695.9,18,0,0,7,8,4,0,1,0,0,16180,6.53,14984,217,66,21.7,1618.0
0,16,0,1,3,6,6,0,0,0,1,15831,6.82,15853,239,43,-616,-1724,23.9,1583.1,27,5,0,6,3,11,2,0,0,2,17761,7.4,20551,209,68,20.9,1776.1
1,24,3,1,7,5,1,0,0,0,1,17697,7.52,18592,221,70,761,1377,22.1,1769.7,17,0,0,5,7,5,0,0,0,1,16317,6.36,16494,234,43,23.4,1631.7
0,16,1,0,3,10,2,0,0,0,0,14600,7.04,15377,244,55,1096,-191,24.4,1460.0,23,0,1,10,3,8,1,1,1,0,17340,7.61,17867,210,44,21.0,1734.0
0,22,3,0,5,8,7,0,0,0,1,15455,6.96,16131,196,61,-2197,-1657,19.6,1545.5,19,2,1,8,5,9,0,1,1,0,18063,6.96,20496,252,63,25.2,1806.3
1,23,4,1,6,8,8,0,0,1,1,15303,7.12,15572,194,59,109,319,19.4,1530.3,21,3,0,8,6,5,1,1,0,1,16479,6.57,20139,242,55,24.2,1647.9
1,21,0,1,6,9,9,1,0,0,1,15421,7.1,16660,234,49,-703,-1024,23.4,1542.1,22,1,0,9,6,8,0,0,0,1,14411,7.14,18539,205,61,20.5,1441.1
1,14,1,1,5,7,6,1,0,1,1,15285,6.45,17515,206,52,-1268,-912,20.6,1528.5,21,3,0,7,5,9,1,0,0,1,17059,6.95,18877,215,52,21.5,1705.9
1,18,2,0,9,9,9,1,0,1,2,15908,6.94,17110,244,55,1271,556,24.4,1590.8,18,5,1,9,9,2,1,0,0,0,15776,6.56,16127,217,44,21.7,1577.6
0,27,1,0,4,9,0,0,0,1,0,16217,7.35,15293,219,42,-586,-661,21.9,1621.7,27,3,1,9,4,6,0,1,1,1,17058,6.96,19776,275,76,27.5,1705.8
1,20,2,0,12,2,9,1,0,0,1,17196,7.13,20582,230,70,1387,2533,23.0,1719.6,9,0,1,2,12,2,0,0,0,0,12598,6.89,14201,214,33,21.4,1259.8
1,21,1,0,4,9,5,1,0,0,2,14686,6.2,15449,214,46,-2506,-1920,21.4,1468.6,22,5,1,9,4,10,2,1,1,2,18441,7.16,19332,239,67,23.9,1844.1
1,19,3,1,10,2,8,2,1,0,0,15931,7.5,19277,270,57,1625,1690,27.0,1593.1,16,0,0,2,10,5,0,0,0,0,13294,6.6,14500,211,40,21.1,1329.4
0,23,2,1,3,7,4,1,1,0,0,16276,6.59,17932,204,60,-1003,-759,20.4,1627.6,30,1,0,7,3,8,0,0,1,1,17993,6.72,19059,247,60,24.7,1799.3
1,17,3,1,2,4,9,0,0,0,1,16608,7.44,15976,228,60,-1513,-180,22.8,1660.8,16,2,0,4,2,10,1,0,1,0,14532,6.86,17091,196,40,19.6,1453.2
0,14,2,0,1,5,9,0,0,1,1,15516,6.29,15104,202,25,-2344,-1481,20.2,1551.6,30,1,1,5,1,6,0,0,0,1,15960,7.33,19770,225,36,22.5,1596.0
0,16,4,0,4,6,6,1,1,0,1,15953,6.4,17425,230,59,-752,-883,23.0,1595.3,22,1,1,6,4,2,0,0,0,0,19108,7.19,18516,264,69,26.4,1910.8
1,19,2,0,11,6,7,0,1,0,1,17980,7.79,21308,207,52,1032,1115,20.7,1798.0,18,0,1,6,11,0,0,0,0,0,17074,6.88,16647,221,51,22.1,1707.4
1,25,1,1,8,3,11,1,0,0,1,19242,6.96,20176,244,74,3106,3294,24.4,1924.2,23,0,0,3,8,1,0,0,0,0,14266,6.53,16918,186,45,18.6,1426.6
1,23,2,0,7,4,7,2,1,0,1,19129,6.99,18943,219,71,1810,2436,21.9,1912.9,18,2,1,4,7,2,0,0,0,0,15927,6.77,14382,176,52,17.6,1592.7
0,14,2,1,3,12,8,0,0,0,0,17296,6.7,17332,208,64,-2548,-1805,20.8,1729.6,20,0,0,12,3,10,1,1,1,0,15935,7.18,19185,213,65,21.3,1593.5
0,20,3,1,4,9,5,0,1,0,0,19052,6.16,17192,185,63,-2553,192,18.5,1905.2,13,1,0,9,4,6,0,0,1,1,15821,7.41,16688,216,40,21.6,1582.1
0,13,4,1,2,6,6,0,0,0,2,15646,6.88,18042,190,62,-1715,-1094,19.0,1564.6,16,1,0,6,2,7,0,0,0,1,17826,7.27,19969,261,61,26.1,1782.6
0,21,2,1,4,10,4,0,0,0,0,14238,6.18,15111,178,27,348,-1408,17.8,1423.8,29,2,0,10,4,10,0,1,1,1,18857,7.01,18467,258,72,25.8,1885.7
0,22,3,1,2,6,2,1,0,0,0,14981,6.82,15569,195,32,-3494,-2739,19.5,1498.1,29,2,0,6,2,4,2,0,0,1,16197,7.64,18206,221,70,22.1,1619.7
0,19,4,1,4,8,6,2,0,0,1,13151,6.26,18953,221,61,1215,-1124,22.1,1315.1,14,4,0,8,4,8,0,0,0,2,17741,6.83,17666,241,51,24.1,1774.1
0,22,1,0,5,2,6,1,0,0,0,15323,7.21,17977,205,43,108,-194,20.5,1532.3,26,3,1,2,5,8,0,1,0,1,17240,6.67,18754,203,49,20.3,1724.0
0,25,1,0,2,9,5,0,0,0,0,14079,6.35,15984,174,40,-4022,-3385,17.4,1407.9,29,3,1,9,2,12,2,1,1,1,21548,7.32,21031,230,70,23.0,2154.8
1,19,6,0,7,7,3,0,0,0,1,15782,6.83,16207,206,63,153,-539,20.6,1578.2,22,5,1,7,7,5,0,1,1,0,17001,7.0,17873,221,54,22.1,1700.1
1,18,4,0,5,2,10,2,0,1,1,19292,7.49,18594,243,89,3071,1698,24.3,1929.2,17,3,1,2,5,4,0,0,0,0,16013,6.72,15913,174,54,17.4,1601.3
1,25,3,0,7,1,6,1,0,0,1,17859,7.49,18993,206,65,1657,2306,20.6,1785.9,11,0,1,1,7,1,0,0,0,1,14821,6.52,18003,201,43,20.1,1482.1
0,13,3,0,5,6,8,1,0,0,0,15816,6.79,16956,206,53,-1785,-2383,20.6,1581.6,25,3,1,6,5,3,1,0,0,0,17983,6.38,17005,233,64,23.3,1798.3
0,16,0,1,4,7,5,0,0,0,0,14094,6.55,15264,231,26,-2580,-501,23.1,1409.4,22,1,0,7,4,11,1,1,0,1,20040,7.31,17257,239,55,23.9,2004.0
1,18,1,0,7,6,7,2,1,0,0,17646,6.84,16232,218,62,304,1091,21.8,1764.6,17,1,1,6,7,5,0,1,0,1,15584,7.19,18121,244,51,24.4,1558.4
0,12,0,0,3,14,1,0,0,0,0,12565,6.46,14926,208,41,-4070,-2900,20.8,1256.5,15,4,1,14,3,8,1,0,1,0,19892,6.76,19159,268,74,26.8,1989.2
1,21,3,1,5,3,12,0,0,0,0,16441,7.67,19086,211,71,1317,1148,21.1,1644.1,16,4,0,3,5,5,0,0,0,0,15045,6.15,17003,230,33,23.0,1504.5
1,24,1,0,6,9,7,0,1,0,2,17429,7.03,18560,248,59,663,-1096,24.8,1742.9,21,3,1,9,6,11,0,0,0,0,19300,7.11,16894,232,57,23.2,1930.0
1,29,3,1,15,1,8,1,0,0,0,19701,6.96,17672,197,76,2355,764,19.7,1970.1,19,3,0,1,15,0,0,0,0,1,13087,6.32,15516,191,41,19.1,1308.7
0,21,1,1,2,10,5,0,0,0,0,14732,6.47,13808,150,34,-4545,-2903,15.0,1473.2,28,3,0,10,2,14,2,0,0,1,17553,7.3,17648,265,61,26.5,1755.3
1,24,0,1,8,8,6,0,1,0,0,19932,6.9,17757,239,68,2234,1548,23.9,1993.2,19,0,0,8,8,1,1,0,0,1,15246,6.27,17540,212,55,21.2,1524.6
0,19,3,0,7,6,6,1,0,0,0,14981,6.49,14493,213,48,913,-351,21.3,1498.1,19,3,1,6,7,9,0,1,0,0,16168,6.03,16007,237,59,23.7,1616.8
0,8,0,0,4,9,0,0,0,0,0,17139,6.72,17718,217,42,-715,-505,21.7,1713.9,20,1,1,9,4,3,1,0,0,0,19465,6.65,18308,221,67,22.1,1946.5
0,19,0,1,1,7,5,0,0,0,0,14819,6.7,14910,189,43,-3079,-2009,18.9,1481.9,17,4,0,7,1,9,2,0,0,1,18057,6.98,19055,230,53,23.0,1805.7
1,10,0,1,7,5,6,0,0,0,0,15425,7.28,17522,240,59,313,1689,24.0,1542.5,15,2,0,5,7,5,1,0,1,0,15754,6.38,14917,214,56,21.4,1575.4
0,12,1,0,4,3,7,0,1,0,0,17736,7.24,18359,199,61,474,2671,19.9,1773.6,14,4,1,3,4,5,0,0,0,0,17793,7.36,18068,241,56,24.1,1779.3
1,23,3,1,11,2,6,1,1,1,1,19767,7.1,18241,262,53,3805,2462,26.2,1976.7,17,2,0,2,11,5,0,0,1,1,13140,6.76,14253,217,26,21.7,1314.0
1,23,4,1,9,4,8,0,1,1,2,16640,6.83,18259,273,73,3027,1947,27.3,1664.0,24,1,0,4,9,9,1,0,1,1,14357,6.94,15744,218,43,21.8,1435.7
1,17,0,1,1,9,5,0,0,0,0,14995,6.3,17827,174,59,-975,-2622,17.4,1499.5,23,4,0,9,1,6,0,0,1,0,16072,6.7,16899,265,54,26.5,1607.2
0,26,1,0,4,7,1,0,0,0,0,14606,6.6,13955,221,60,-2562,-2683,22.1,1460.6,15,2,1,7,4,12,1,0,1,2,18288,7.32,19468,243,60,24.3,1828.8
0,20,0,1,3,9,3,1,0,1,0,13424,6.75,14575,241,63,-3242,-2819,24.1,1342.4,19,2,0,9,3,8,1,0,0,1,18401,7.56,19274,240,56,24.0,1840.1
1,22,2,1,12,5,8,2,1,0,0,19556,7.43,19868,245,59,2065,552,24.5,1955.6,12,1,0,5,12,8,1,0,0,0,14760,6.33,13960,234,48,23.4,1476.0
1,25,2,1,7,5,8,0,0,0,1,17314,6.38,18778,201,64,-1421,-1157,20.1,1731.4,21,2,0,5,7,6,0,0,1,1,17876,6.98,17684,222,67,22.2,1787.6
1,31,4,1,11,0,7,1,1,0,1,17956,7.84,20505,220,59,2232,1827,22.0,1795.6,24,0,0,0,11,1,1,0,1,0,12707,7.14,16144,227,40,22.7,1270.7
0,24,0,1,10,3,8,1,0,1,1,17032,7.11,18279,233,61,487,860,23.3,1703.2,25,2,0,3,10,9,1,0,0,1,15956,6.57,17287,226,44,22.6,1595.6
0,17,3,0,6,7,3,1,0,1,1,17286,7.24,20084,236,65,-383,1224,23.6,1728.6,17,1,1,7,6,1,0,0,0,1,17595,6.73,19962,249,61,24.9,1759.5
0,17,0,0,6,7,6,0,0,0,0,17392,7.01,15934,196,53,-1789,311,19.6,1739.2,30,2,1,7,6,6,1,0,0,1,15973,7.41,17643,273,37,27.3,1597.3
1,14,1,1,7,2,8,2,1,1,1,15583,6.57,19687,245,67,1909,-136,24.5,1558.3,17,1,0,2,7,6,0,1,0,0,14628,6.66,16673,182,64,18.2,1462.8
1,20,2,1,4,6,7,0,0,0,0,16713,7.15,18147,224,47,-266,-377,22.4,1671.3,9,3,0,6,4,8,0,1,0,3,18441,6.43,17511,217,54,21.7,1844.1
0,14,3,1,5,6,5,1,0,0,1,15154,7.32,18221,170,53,-697,-1045,17.0,1515.4,18,3,0,6,5,6,1,0,0,1,16362,6.88,18680,247,47,24.7,1636.2
1,20,2,0,7,1,12,1,0,0,1,17457,6.73,21075,238,66,2587,392,23.8,1745.7,20,1,1,1,7,5,1,0,0,1,15674,6.82,16723,183,59,18.3,1567.4
0,21,0,0,5,6,5,1,0,0,0,16100,6.53,16428,178,57,-2428,-1153,17.8,1610.0,14,1,1,6,5,10,0,1,0,1,16957,6.38,16833,204,73,20.4,1695.7
0,8,1,0,4,9,6,0,0,0,0,16281,6.85,16022,200,37,-2052,-1502,20.0,1628.1,25,1,1,9,4,11,1,1,1,1,20074,7.09,19475,221,46,22.1,2007.4
1,15,1,0,7,4,6,1,1,0,0,17702,7.08,18126,251,53,319,1732,25.1,1770.2,10,5,1,4,7,2,0,0,0,0,15250,6.34,17903,220,47,22.0,1525.0
0,17,3,0,8,3,4,1,0,0,1,15853,7.06,18902,225,50,154,-52,22.5,1585.3,13,2,1,3,8,5,0,1,0,1,16419,7.05,15535,259,63,25.9,1641.9
1,21,4,0,6,9,4,1,1,0,1,16865,6.66,16267,210,62,-756,1417,21.0,1686.5,18,0,1,9,6,3,0,0,0,0,16385,5.97,16025,232,43,23.2,1638.5
0,17,3,1,2,5,3,0,0,0,1,16374,7.03,18348,228,70,740,-107,22.8,1637.4,19,4,0,5,2,6,0,0,0,1,17069,6.87,17361,243,54,24.3,1706.9
0,16,1,0,5,9,5,0,0,0,0,13646,6.05,12995,196,34,-3675,-2092,19.6,1364.6,31,4,1,9,5,9,1,0,0,3,19468,7.03,21150,237,52,23.7,1946.8
1,20,5,0,12,4,13,1,1,0,2,19908,7.22,20281,261,56,3359,1419,26.1,1990.8,22,4,1,4,12,0,0,1,0,0,11092,6.39,14970,177,41,17.7,1109.2
1,16,1,1,10,4,11,1,1,0,1,16683,7.4,18138,224,80,1947,358,22.4,1668.3,9,2,0,4,10,6,0,1,0,0,12585,6.54,15122,211,49,21.1,1258.5
1,19,5,0,5,4,7,1,1,1,1,20527,6.87,18244,221,70,2837,-33,22.1,2052.7,16,1,1,4,5,4,0,0,0,1,15665,6.55,16904,228,47,22.8,1566.5
1,18,0,0,5,3,4,0,0,0,1,17712,6.83,16395,222,55,-239,-1791,22.2,1771.2,15,1,1,3,5,10,1,0,1,2,16730,7.66,16756,210,51,21.0,1673.0
0,18,0,0,6,9,6,1,0,0,1,16195,7.2,17393,244,57,-1408,945,24.4,1619.5,27,2,1,9,6,7,0,0,0,1,17138,6.97,16540,235,45,23.5,1713.8
1,23,5,0,7,0,6,0,2,0,1,19039,6.97,19490,239,70,2432,1708,23.9,1903.9,27,0,1,0,7,0,0,0,0,0,17178,6.91,17262,206,34,20.6,1717.8
0,21,1,0,4,9,8,0,0,0,1,15555,6.68,18792,224,55,578,-1770,22.4,1555.5,20,4,1,9,4,4,1,0,0,2,16686,7.11,17333,216,58,21.6,1668.6
0,22,2,1,4,10,6,1,0,0,1,15409,5.93,15038,212,52,-1202,-850,21.2,1540.9,24,5,0,10,4,6,0,0,1,2,18290,7.39,17725,274,57,27.4,1829.0
1,21,1,1,13,0,7,2,0,0,1,19599,7.43,20000,270,80,1686,1355,27.0,1959.9,23,3,0,0,13,2,0,0,0,0,15836,6.43,14659,198,55,19.8,1583.6
0,12,6,0,6,3,10,0,0,0,1,16237,7.34,17715,185,38,485,-1533,18.5,1623.7,32,0,1,3,6,7,0,1,0,1,16622,6.68,18605,187,62,18.7,1662.2
1,30,6,0,9,1,7,1,0,0,1,18423,6.98,19304,211,78,4318,3218,21.1,1842.3,17,0,1,1,9,2,1,0,1,0,12582,5.54,17238,192,63,19.2,1258.2
0,19,4,0,2,11,3,1,0,0,0,15518,6.38,15751,184,34,-3582,-1034,18.4,1551.8,27,3,1,11,2,10,1,1,0,1,20094,7.03,19731,230,58,23.0,2009.4
1,16,2,1,6,4,9,0,0,0,0,16893,7.39,17828,244,73,768,-152,24.4,1689.3,22,1,0,4,6,5,1,0,0,0,16704,7.0,17518,198,49,19.8,1670.4
1,26,5,0,10,2,12,0,0,1,0,19465,7.92,22193,254,66,2823,3044,25.4,1946.5,24,3,1,2,10,0,0,0,0,0,14837,6.26,15486,202,43,20.2,1483.7
1,25,2,1,8,5,4,0,1,0,0,16305,6.89,18536,242,53,-976,-957,24.2,1630.5,16,1,0,5,8,4,1,0,0,0,16301,6.93,20281,218,67,21.8,1630.1
0,28,4,0,1,8,4,0,0,0,0,16178,6.51,17854,224,41,-864,576,22.4,1617.8,26,2,1,8,1,6,1,1,0,0,16867,7.51,18437,216,68,21.6,1686.7
0,19,1,0,6,7,1,1,0,0,0,14887,6.45,18885,227,57,-4202,-1079,22.7,1488.7,24,1,1,7,6,9,0,1,1,2,18183,6.94,19291,238,77,23.8,1818.3
1,27,5,0,13,2,9,1,1,1,1,16623,7.36,18665,243,66,1473,2066,24.3,1662.3,14,1,1,2,13,2,0,0,0,0,13706,6.89,13406,226,55,22.6,1370.6
0,12,1,0,5,5,7,0,0,0,1,12720,6.47,17491,223,50,-1910,-2501,22.3,1272.0,27,2,1,5,5,8,0,0,1,0,19753,7.6,15223,213,60,21.3,1975.3
0,20,1,0,4,4,1,0,0,0,0,15860,6.71,16485,185,46,-1654,-369,18.5,1586.0,21,0,1,4,4,2,0,0,0,1,16840,7.12,16169,248,58,24.8,1684.0
0,16,1,0,6,11,5,1,0,0,0,15632,6.34,15823,232,58,-1872,-545,23.2,1563.2,30,2,1,11,6,7,1,1,0,1,18249,6.86,18823,237,60,23.7,1824.9
1,25,3,0,10,2,8,1,1,1,1,19592,7.62,19091,241,62,4066,2409,24.1,1959.2,15,2,1,2,10,0,0,0,0,0,16119,6.77,14730,194,57,19.4,1611.9
1,30,2,1,7,1,8,1,0,0,0,18228,7.24,19083,260,58,3974,3452,26.0,1822.8,21,3,0,1,7,8,0,0,0,0,14948,6.44,16030,204,49,20.4,1494.8
1,21,3,1,4,2,3,0,1,0,1,15234,6.7,18421,245,67,143,408,24.5,1523.4,12,2,0,2,4,7,1,0,0,0,17287,6.52,19348,193,61,19.3,1728.7
0,13,1,0,3,8,2,0,0,1,1,12893,6.64,15950,210,54,-3333,-2832,21.0,1289.3,25,2,1,8,3,9,1,1,0,2,17408,6.1,17121,231,55,23.1,1740.8
1,17,4,1,10,1,14,2,1,1,2,19194,7.45,19923,226,88,3311,1802,22.6,1919.4,14,0,0,1,10,5,1,0,0,0,14163,6.89,14597,178,54,17.8,1416.3
0,27,4,0,7,5,4,0,0,0,0,17493,6.24,16180,238,54,109,-1802,23.8,1749.3,21,3,1,5,7,8,0,0,0,0,18600,6.4,18408,256,43,25.6,1860.0
0,20,2,0,4,7,4,0,0,1,1,15046,6.77,14559,188,70,-2471,-407,18.8,1504.6,27,2,1,7,4,2,1,1,0,1,19246,7.19,19711,244,71,24.4,1924.6
0,19,4,1,3,10,0,0,1,1,0,16002,6.91,14962,205,50,-2299,-2538,20.5,1600.2,22,1,0,10,3,9,0,1,1,2,18832,7.29,19539,205,67,20.5,1883.2
0,17,3,1,4,5,11,1,1,0,1,16464,6.48,15666,171,59,-2086,-465,17.1,1646.4,13,3,0,5,4,8,1,0,0,1,16857,6.77,18708,276,54,27.6,1685.7
0,18,4,1,5,9,4,1,0,0,0,14176,6.28,16912,210,47,-3169,-1388,21.0,1417.6,22,0,0,9,5,12,1,0,1,1,18000,7.46,21743,215,72,21.5,1800.0
0,14,2,1,4,9,5,0,0,0,1,14212,7.13,17053,230,57,-2271,-1508,23.0,1421.2,19,4,0,9,4,4,1,0,0,0,17007,7.04,17242,205,62,20.5,1700.7
1,23,0,0,12,3,10,1,1,0,0,16763,6.43,18046,243,70,1056,16,24.3,1676.3,19,1,1,3,12,4,0,0,0,1,16580,6.72,17913,190,35,19.0,1658.0
0,13,1,0,4,4,6,0,0,0,1,13272,7.6,17209,208,53,-326,1026,20.8,1327.2,26,3,1,4,4,8,0,0,1,0,16396,6.99,17441,225,54,22.5,1639.6
1,19,1,1,8,8,6,1,0,0,1,17445,6.62,17924,211,51,303,135,21.1,1744.5,21,2,0,8,8,5,0,1,0,0,15029,7.22,18045,240,54,24.0,1502.9
0,15,0,0,9,7,4,0,0,0,0,15798,6.55,14995,226,46,-456,-1120,22.6,1579.8,18,0,1,7,9,7,0,1,0,1,14329,7.74,18441,214,50,21.4,1432.9
1,4,0,0,8,5,2,0,0,1,2,17594,6.58,17253,246,59,-302,116,24.6,1759.4,19,3,1,5,8,7,0,1,0,0,15497,7.29,17077,221,45,22.1,1549.7
1,22,4,1,12,3,9,1,0,0,1,18934,6.96,19784,204,64,5711,3613,20.4,1893.4,8,1,0,3,12,4,0,0,0,0,14867,6.54,14290,193,28,19.3,1486.7
1,15,0,0,6,7,4,0,1,0,0,15283,6.94,18053,211,55,506,-1791,21.1,1528.3,18,2,1,7,6,5,0,1,0,1,19471,7.26,18934,225,67,22.5,1947.1
1,20,4,0,7,5,8,2,0,0,0,17098,7.17,15936,225,64,1021,1322,22.5,1709.8,31,0,1,5,7,7,1,0,0,1,14295,7.39,16510,208,58,20.8,1429.5
0,17,4,1,2,6,2,0,0,0,1,13877,6.27,14898,185,50,-2235,-1220,18.5,1387.7,29,4,0,6,2,6,1,1,0,1,18090,7.17,17766,245,71,24.5,1809.0
1,32,2,1,8,1,11,1,2,0,2,19531,6.78,20897,261,74,5325,1811,26.1,1953.1,14,4,0,1,8,0,0,0,0,0,13945,6.67,14655,213,53,21.3,1394.5
0,21,2,1,2,11,5,0,1,0,0,17431,6.61,16423,220,54,-768,-1759,22.0,1743.1,24,3,0,11,2,4,0,1,0,1,17253,7.44,17776,237,62,23.7,1725.3
1,24,2,0,10,1,6,1,1,0,1,17245,7.33,19986,234,53,2318,190,23.4,1724.5,22,0,1,1,10,4,2,0,1,0,14607,6.42,13552,216,49,21.6,1460.7
1,22,3,1,2,6,9,0,0,0,0,18069,6.86,17906,211,50,-412,252,21.1,1806.9,14,3,0,6,2,11,1,0,0,1,16826,6.6,18142,229,53,22.9,1682.6
1,26,1,0,9,8,6,1,1,0,0,18822,7.14,19327,234,64,298,247,23.4,1882.2,14,0,1,8,9,5,1,0,0,1,14343,6.76,17615,192,53,19.2,1434.3
0,24,2,1,7,6,9,0,0,1,1,16994,6.95,18039,221,71,639,1505,22.1,1699.4,13,0,0,6,7,9,0,1,0,0,16653,5.98,15197,200,54,20.0,1665.3
1,21,3,1,3,8,2,1,0,0,0,16119,5.99,15025,197,54,-1014,-7,19.7,1611.9,20,1,0,8,3,5,1,0,0,1,18695,6.53,15843,243,55,24.3,1869.5
1,26,2,1,11,2,10,0,1,0,1,17538,6.61,18707,222,55,1918,1917,22.2,1753.8,19,2,0,2,11,1,0,0,0,0,13719,6.03,20324,193,59,19.3,1371.9
0,6,0,0,1,6,0,0,0,0,1,15088,7.08,17172,194,56,-1139,-293,19.4,1508.8,22,2,1,6,1,7,1,0,0,0,16013,6.82,18238,265,51,26.5,1601.3
1,32,4,1,6,4,12,0,1,0,0,16464,7.18,19980,227,75,2316,720,22.7,1646.4,15,1,0,4,6,5,1,0,1,0,15023,6.64,14634,207,52,20.7,1502.3
0,27,0,0,4,8,7,1,0,0,1,14757,6.43,15859,233,56,257,-1275,23.3,1475.7,14,3,1,8,4,9,0,0,0,0,16623,7.36,19298,216,63,21.6,1662.3
1,22,2,0,7,8,6,1,0,0,1,17219,6.95,17528,194,48,2722,419,19.4,1721.9,20,1,1,8,7,6,1,1,1,0,14884,6.58,16519,213,36,21.3,1488.4
0,12,3,1,4,7,7,0,1,0,0,14773,7.41,16405,217,37,-2330,-633,21.7,1477.3,14,2,0,7,4,8,0,1,1,1,16835,7.51,17639,236,53,23.6,1683.5
0,26,2,0,9,5,3,1,1,0,1,15442,6.7,19715,266,73,318,-236,26.6,1544.2,14,0,1,5,9,11,1,0,0,1,17580,6.45,19879,193,34,19.3,1758.0
0,14,5,0,1,8,3,0,1,0,1,16198,6.63,15930,216,50,-885,33,21.6,1619.8,16,1,1,8,1,3,1,1,0,0,15898,7.31,21355,253,71,25.3,1589.8
1,23,3,0,16,7,8,0,0,0,0,17992,7.18,18210,227,46,-53,-1190,22.7,1799.2,14,1,1,7,16,7,0,0,0,1,14929,6.97,19004,220,39,22.0,1492.9
0,14,2,1,4,7,8,0,1,0,2,16722,6.69,17817,253,52,-382,365,25.3,1672.2,14,0,0,7,4,4,1,0,0,1,17854,6.57,16090,194,56,19.4,1785.4
1,30,3,0,11,7,5,0,0,1,0,15260,7.66,13910,170,72,450,-2223,17.0,1526.0,23,2,1,7,11,10,1,0,0,0,16475,7.28,16837,222,55,22.2,1647.5
1,13,2,0,8,4,7,1,0,0,2,18073,6.83,17800,252,70,1453,-61,25.2,1807.3,18,3,1,4,8,7,0,0,0,1,15019,7.98,19087,251,40,25.1,1501.9
1,21,2,0,6,8,9,1,0,0,2,15295,7.34,17492,205,55,193,1222,20.5,1529.5,23,2,1,8,6,5,0,1,0,0,17410,6.73,16091,203,45,20.3,1741.0
0,8,2,1,5,7,7,1,0,0,2,15877,7.02,15325,219,42,-1237,-3012,21.9,1587.7,21,2,0,7,5,8,1,1,0,0,15996,7.24,17245,229,53,22.9,1599.6
0,20,1,0,5,7,1,2,0,0,1,14518,7.15,20124,192,69,260,-2,19.2,1451.8,18,1,1,7,5,7,2,1,0,2,16170,6.97,18148,231,52,23.1,1617.0
0,16,2,0,5,7,4,1,0,0,1,14209,6.89,18127,179,59,-2881,-1183,17.9,1420.9,29,2,1,7,5,9,0,2,0,0,17438,7.82,17483,216,56,21.6,1743.8
1,30,2,1,10,0,11,0,0,0,1,18989,6.94,20951,242,70,4523,3337,24.2,1898.9,9,3,0,0,10,0,0,0,0,1,14288,6.2,15161,185,59,18.5,1428.8
1,20,0,0,10,5,5,1,0,1,2,18704,6.69,19077,235,36,198,975,23.5,1870.4,16,3,1,5,10,6,0,0,0,1,15667,6.8,15530,241,43,24.1,1566.7
0,26,4,1,7,3,4,0,0,0,0,16093,7.52,19832,228,58,-617,258,22.8,1609.3,14,1,0,3,7,0,1,0,0,1,16940,6.51,15030,213,41,21.3,1694.0
1,17,2,1,6,1,12,1,1,0,2,17753,6.86,20489,260,70,1221,2092,26.0,1775.3,19,5,0,1,6,5,0,0,0,0,14473,6.34,16984,200,32,20.0,1447.3
0,15,1,0,3,14,0,0,1,0,0,13152,7.05,14543,156,41,-3048,-4646,15.6,1315.2,20,3,1,14,3,11,1,0,1,1,18851,7.51,18223,246,76,24.6,1885.1
0,14,0,1,1,13,0,0,0,0,0,12718,5.78,14356,184,33,-4667,-4052,18.4,1271.8,32,4,0,13,1,10,1,1,0,1,20293,7.43,20261,224,56,22.4,2029.3
0,22,1,1,4,8,3,0,0,0,1,16104,6.67,17828,182,41,-640,-475,18.2,1610.4,15,3,0,8,4,9,0,0,1,1,16047,6.7,17115,235,54,23.5,1604.7
0,19,0,0,2,7,4,1,0,0,0,14270,6.62,14828,204,48,-2285,-1532,20.4,1427.0,23,0,1,7,2,10,0,0,1,2,17846,6.97,16792,257,53,25.7,1784.6
0,23,3,0,7,7,6,0,1,0,1,16894,6.71,20505,261,40,403,1363,26.1,1689.4,17,0,1,7,7,6,0,0,0,1,18690,7.16,17291,195,64,19.5,1869.0
1,22,4,1,9,5,11,0,1,0,2,18738,7.22,18854,249,61,619,869,24.9,1873.8,21,3,0,5,9,9,1,0,0,0,16612,7.02,15709,230,64,23.0,1661.2
1,25,2,1,8,3,6,0,0,0,0,19308,7.82,18118,209,47,2554,1444,20.9,1930.8,23,1,0,3,8,0,0,0,0,0,14024,6.53,16932,227,31,22.7,1402.4
0,13,1,1,6,8,5,0,0,0,1,17258,6.36,21981,209,42,-1463,-2067,20.9,1725.8,26,3,0,8,6,8,1,0,1,1,16460,7.43,19628,238,52,23.8,1646.0
1,23,0,1,9,2,2,0,0,0,1,16496,6.66,17393,213,48,-570,-141,21.3,1649.6,22,1,0,2,9,2,0,0,0,1,16624,6.72,17363,215,49,21.5,1662.4
1,28,3,0,9,1,2,0,0,0,1,17193,7.05,18886,253,44,716,-102,25.3,1719.3,13,3,1,1,9,5,1,0,0,2,16331,7.37,16612,210,63,21.0,1633.1
1,12,1,1,8,6,10,0,0,0,0,17097,7.16,17335,238,45,-1040,146,23.8,1709.7,8,0,0,6,8,4,1,1,1,0,14776,6.76,15975,216,68,21.6,1477.6
0,21,0,0,3,7,8,1,0,0,1,18079,6.42,16235,189,65,-863,-1216,18.9,1807.9,17,3,1,7,3,9,1,1,0,2,17126,7.11,18175,167,60,16.7,1712.6
1,26,3,1,11,4,10,1,0,0,2,19191,7.85,19881,243,62,1400,2424,24.3,1919.1,20,1,0,4,11,3,0,0,1,0,15281,5.63,14813,183,34,18.3,1528.1
0,27,1,0,5,8,9,0,0,1,2,17081,6.59,17550,223,42,-99,1284,22.3,1708.1,18,1,1,8,5,6,1,1,0,1,17275,6.62,17880,207,53,20.7,1727.5
1,27,1,1,11,3,7,1,1,0,0,19364,7.6,19888,247,72,2376,3681,24.7,1936.4,15,1,0,3,11,3,0,0,0,0,13029,6.49,16742,224,41,22.4,1302.9
0,19,0,0,3,11,9,0,0,1,0,15113,6.72,16796,213,43,-1770,-493,21.3,1511.3,29,4,1,11,3,8,1,1,0,1,15134,7.08,19083,246,53,24.6,1513.4
1,24,3,0,6,7,5,1,1,1,3,20260,7.45,19695,250,73,1465,2264,25.0,2026.0,20,3,1,7,6,1,0,0,0,2,13454,6.56,15643,219,44,21.9,1345.4
0,16,1,0,4,6,7,1,0,0,0,15001,6.54,19072,234,50,357,-314,23.4,1500.1,15,4,1,6,4,2,1,1,0,1,17114,7.09,16774,275,59,27.5,1711.4
0,17,3,0,2,7,12,0,0,0,1,15879,7.03,21394,220,49,-760,-1091,22.0,1587.9,20,1,1,7,2,7,0,1,0,0,19458,6.92,16363,244,63,24.4,1945.8
1,15,3,0,6,5,5,1,0,1,1,18476,6.36,19863,220,45,1549,1783,22.0,1847.6,18,1,1,5,6,2,0,0,0,0,14588,6.58,15258,205,42,20.5,1458.8
0,27,3,1,3,3,9,0,0,0,0,15271,6.78,16809,215,67,1178,-821,21.5,1527.1,28,0,0,3,3,8,0,1,0,1,17857,7.21,18313,200,66,20.0,1785.7
0,17,0,0,1,14,3,0,0,1,0,12471,6.01,13212,180,30,-5766,-4795,18.0,1247.1,19,1,1,14,1,15,1,1,0,1,19087,7.57,22838,251,75,25.1,1908.7
0,9,1,0,0,14,0,0,0,0,1,13404,6.29,14704,167,31,-6019,-3339,16.7,1340.4,33,4,1,14,0,13,2,1,1,2,18652,7.51,26341,293,69,29.3,1865.2
1,24,4,1,7,0,14,1,1,0,2,18045,7.87,18859,212,52,3087,878,21.2,1804.5,21,3,0,0,7,3,0,1,0,0,14985,6.99,16733,213,33,21.3,1498.5
1,28,2,1,9,7,6,0,1,0,1,16861,6.93,18110,243,51,2232,1629,24.3,1686.1,13,0,0,7,9,6,1,0,0,1,14122,6.82,13530,204,37,20.4,1412.2
1,29,5,1,14,1,10,1,0,0,1,21301,7.47,18318,270,71,4897,3342,27.0,2130.1,15,0,0,1,14,0,0,0,0,0,13957,6.9,16185,170,40,17.0,1395.7
1,15,0,0,4,6,8,0,1,0,1,16490,6.73,17223,228,75,-149,399,22.8,1649.0,25,3,1,6,4,6,2,0,0,0,15467,6.12,17434,259,47,25.9,1546.7
0,2,0,0,0,9,3,0,0,0,0,14268,7.07,13867,184,54,-2969,-2436,18.4,1426.8,18,3,1,9,0,5,0,0,0,1,18476,7.79,19447,235,56,23.5,1847.6
0,21,0,1,2,7,13,0,1,0,0,17408,6.93,17805,196,35,-1521,-327,19.6,1740.8,16,0,0,7,2,10,0,1,1,0,18868,6.92,18251,199,48,19.9,1886.8
1,16,1,0,4,11,3,0,0,0,0,15418,6.77,15950,235,64,987,-977,23.5,1541.8,23,1,1,11,4,6,1,0,0,1,16267,7.04,21095,196,53,19.6,1626.7
0,21,1,0,2,8,8,0,0,1,1,13434,6.93,17323,195,48,-1246,-792,19.5,1343.4,14,5,1,8,2,6,0,1,1,2,17810,6.98,19642,205,60,20.5,1781.0
1,28,4,1,15,2,4,1,1,1,1,18587,6.94,21417,238,56,1618,2355,23.8,1858.7,20,1,0,2,15,1,1,0,1,0,14905,6.33,14870,238,46,23.8,1490.5
1,30,3,1,13,1,3,2,0,1,2,19884,7.55,20192,240,72,3653,4219,24.0,1988.4,17,2,0,1,13,1,0,0,0,0,14703,6.2,12288,227,40,22.7,1470.3
1,30,1,0,6,3,7,1,0,0,1,15315,6.95,15555,198,51,1121,1216,19.8,1531.5,14,0,1,3,6,7,0,0,0,1,13179,6.55,17441,212,60,21.2,1317.9
0,26,0,0,10,7,8,1,0,0,0,15896,7.14,19877,230,71,-85,1682,23.0,1589.6,26,2,1,7,10,8,0,0,0,0,17308,6.97,16880,253,61,25.3,1730.8
0,26,0,1,2,7,7,0,0,0,1,14826,5.9,15879,194,53,-1615,-1951,19.4,1482.6,25,3,0,7,2,10,1,1,0,0,18399,7.26,20274,231,48,23.1,1839.9
1,30,3,1,8,4,13,1,0,0,1,18134,7.02,20616,209,53,894,3087,20.9,1813.4,27,0,0,4,8,3,0,1,0,0,14275,6.13,15398,170,27,17.0,1427.5
1,27,3,0,5,4,7,1,1,0,0,15654,6.82,15960,223,56,-227,1044,22.3,1565.4,16,1,1,4,5,5,0,1,0,1,16528,6.44,14659,204,63,20.4,1652.8
0,19,1,1,8,5,7,0,0,0,0,14986,6.28,19159,217,28,-2143,-58,21.7,1498.6,13,2,0,5,8,6,1,0,0,1,17274,6.58,18250,241,52,24.1,1727.4
1,15,4,0,7,3,8,1,0,0,0,16981,6.4,15292,259,52,1390,182,25.9,1698.1,14,2,1,3,7,8,0,0,0,0,16663,6.54,15583,193,37,19.3,1666.3
0,31,0,0,8,6,9,1,1,0,1,16172,7.15,14786,212,63,-63,-1757,21.2,1617.2,23,2,1,6,8,10,1,0,0,2,16704,7.03,18538,239,69,23.9,1670.4
1,21,1,0,7,2,3,0,1,0,1,16463,6.88,19490,180,71,-28,-822,18.0,1646.3,24,0,1,2,7,10,1,0,0,0,15399,6.98,18113,202,44,20.2,1539.9
0,23,1,0,5,4,1,1,0,0,0,12898,7.02,14171,229,41,-3473,-729,22.9,1289.8,28,4,1,4,5,9,1,1,0,1,19555,7.27,19643,240,65,24.0,1955.5
1,19,5,1,4,3,10,1,0,1,2,17310,7.16,20089,245,62,1961,1019,24.5,1731.0,24,1,0,3,4,4,0,1,1,1,15220,6.33,16851,217,50,21.7,1522.0
0,25,2,0,2,3,8,0,0,0,1,17066,7.29,18174,204,56,866,-564,20.4,1706.6,25,1,1,3,2,5,0,1,0,2,17713,7.29,19184,249,28,24.9,1771.3
1,10,0,1,5,7,12,0,0,1,0,18148,6.8,20010,281,72,1790,2105,28.1,1814.8,14,2,0,7,5,6,0,0,0,0,15390,6.06,16299,197,55,19.7,1539.0
1,18,3,1,5,6,5,0,1,0,1,14316,7.09,18877,209,45,-1038,334,20.9,1431.6,35,3,0,6,5,6,0,0,0,0,15037,7.02,16399,205,39,20.5,1503.7
0,19,5,1,2,8,4,0,0,0,1,18724,6.36,15939,248,66,246,28,24.8,1872.4,22,4,0,8,2,1,1,1,0,2,17028,6.73,17239,214,68,21.4,1702.8
0,20,1,0,6,9,5,0,0,0,0,15685,6.74,18244,209,51,-1583,-1578,20.9,1568.5,21,2,1,9,6,6,0,1,0,1,18860,7.12,19397,242,69,24.2,1886.0
1,27,1,1,7,2,5,0,1,1,2,18489,7.89,18342,259,62,927,1860,25.9,1848.9,26,0,0,2,7,3,1,0,0,0,13093,6.81,17187,228,44,22.8,1309.3
0,13,3,1,5,7,8,0,0,0,0,14689,6.56,17377,195,53,-577,-466,19.5,1468.9,13,3,0,7,5,8,0,0,0,0,16310,7.28,17327,247,75,24.7,1631.0
0,22,5,1,4,9,4,1,0,0,1,15996,6.89,19281,210,52,-1033,-1040,21.0,1599.6,34,4,0,9,4,12,0,1,0,2,19062,7.47,18204,251,33,25.1,1906.2
0,26,3,0,8,7,5,1,0,1,0,15926,6.81,17684,212,66,-1927,-692,21.2,1592.6,17,1,1,7,8,4,0,1,0,2,18285,7.14,18942,222,69,22.2,1828.5
1,32,0,1,2,8,8,1,0,1,0,17339,7.06,21005,197,47,-300,839,19.7,1733.9,23,1,0,8,2,6,1,0,0,1,15231,6.93,17733,179,57,17.9,1523.1
0,20,2,0,2,8,1,0,0,0,0,14726,6.45,12680,179,34,-3683,-2426,17.9,1472.6,25,2,1,8,2,10,1,0,1,0,21243,7.33,18666,196,82,19.6,2124.3
0,17,2,0,7,8,3,0,1,1,0,13843,7.68,19632,180,49,-1606,-44,18.0,1384.3,26,4,1,8,7,11,1,0,0,0,12813,7.02,19158,212,75,21.2,1281.3
1,15,1,0,9,3,10,0,1,0,0,19153,7.23,17964,245,80,1979,526,24.5,1915.3,17,0,1,3,9,3,1,0,1,0,17163,7.16,16367,237,48,23.7,1716.3
1,28,4,0,4,9,3,0,1,0,0,16863,6.5,15456,234,67,-1809,490,23.4,1686.3,22,4,1,9,4,3,1,0,0,0,15894,7.46,17058,235,73,23.5,1589.4
0,23,3,0,2,9,6,1,1,1,0,17006,6.63,20927,240,47,-419,-287,24.0,1700.6,19,1,1,9,2,10,1,0,0,1,18989,6.93,17517,260,67,26.0,1898.9
0,20,4,1,9,3,6,0,1,0,0,15888,7.43,16070,211,54,-2289,993,21.1,1588.8,20,4,0,3,9,5,1,1,0,1,15774,6.31,17648,207,72,20.7,1577.4
0,12,0,1,5,7,1,0,0,0,2,16713,6.77,16073,189,49,-584,237,18.9,1671.3,27,0,0,7,5,6,1,1,0,0,17379,6.28,16241,214,62,21.4,1737.9
0,13,2,0,3,6,1,0,0,0,0,12906,7.08,17508,186,52,-2123,-2753,18.6,1290.6,26,3,1,6,3,8,1,1,0,2,18515,7.24,18223,229,53,22.9,1851.5
0,23,1,0,11,8,7,1,0,1,0,17130,7.23,18684,227,51,421,-201,22.7,1713.0,26,1,1,8,11,2,1,0,0,1,19150,6.83,17205,222,55,22.2,1915.0
1,24,3,1,8,1,11,0,0,0,1,17762,7.03,18517,222,56,2552,1264,22.2,1776.2,20,1,0,1,8,7,1,0,0,0,15306,7.05,19750,215,48,21.5,1530.6
0,8,4,0,3,9,2,1,1,0,1,15807,6.43,14531,182,46,-2608,-2012,18.2,1580.7,25,4,1,9,3,10,1,1,1,1,18942,7.19,17839,267,65,26.7,1894.2
0,22,0,0,4,8,3,0,0,0,1,14407,6.99,16664,246,55,247,-2013,24.6,1440.7,17,4,1,8,4,5,0,0,0,2,16895,6.88,17564,215,56,21.5,1689.5
0,9,0,0,4,9,5,2,0,0,0,13682,6.18,15305,188,60,-3761,-745,18.8,1368.2,34,6,1,9,4,8,1,0,0,0,18053,7.27,19300,218,73,21.8,1805.3
1,29,4,1,6,6,10,2,1,0,0,17423,7.55,17234,261,56,1685,1990,26.1,1742.3,15,4,0,6,6,3,0,1,0,1,13963,6.49,15091,237,59,23.7,1396.3
1,21,2,0,7,7,8,0,1,0,0,16502,6.66,16681,206,56,624,-162,20.6,1650.2,14,4,1,7,7,8,1,0,0,0,16628,6.93,18669,236,70,23.6,1662.8
0,16,3,0,7,11,5,0,0,1,0,15736,6.64,18065,199,60,-1784,-2131,19.9,1573.6,23,3,1,11,7,9,1,0,1,1,16840,7.93,20663,245,67,24.5,1684.0
0,25,1,1,6,3,5,1,0,1,0,18440,7.05,18495,219,47,-699,-811,21.9,1844.0,19,1,0,3,6,6,0,1,0,0,16778,7.04,20211,217,42,21.7,1677.8
0,19,1,1,6,8,6,0,0,0,1,14413,6.74,16984,204,50,-2823,-2027,20.4,1441.3,28,3,0,8,6,8,0,0,0,1,17717,7.75,19240,199,65,19.9,1771.7
0,25,3,1,4,4,4,1,1,0,0,14336,6.3,15557,218,56,-927,-1442,21.8,1433.6,24,3,0,4,4,6,0,0,0,0,18602,7.66,19657,240,46,24.0,1860.2
0,17,2,0,1,9,5,1,0,1,1,16062,5.85,14362,209,53,-2542,-3923,20.9,1606.2,29,5,1,9,1,4,2,1,0,2,18430,7.16,20600,242,68,24.2,1843.0
0,19,0,0,0,6,3,0,0,1,0,14298,6.42,18305,228,64,-1883,-731,22.8,1429.8,25,1,1,6,0,11,0,0,0,1,17599,7.76,19582,220,64,22.0,1759.9
1,21,7,1,10,0,8,0,0,0,0,19211,7.35,18386,211,68,2747,2319,21.1,1921.1,16,2,0,0,10,7,0,0,1,0,14489,7.38,14631,219,38,21.9,1448.9
0,20,2,1,5,4,6,0,1,0,0,14313,7.06,14965,192,51,-972,-1724,19.2,1431.3,16,2,0,4,5,6,0,0,0,1,16611,7.3,19194,228,60,22.8,1661.1
1,29,0,0,9,4,2,1,0,0,1,16254,6.52,18553,244,62,5,1461,24.4,1625.4,15,1,1,4,9,7,0,0,1,0,14570,6.47,17829,216,49,21.6,1457.0
0,16,2,0,6,8,8,0,0,0,1,17260,6.67,16390,190,48,-1944,-710,19.0,1726.0,16,3,1,8,6,10,1,1,0,3,17926,7.35,19291,227,53,22.7,1792.6
1,25,3,0,12,5,7,0,1,0,1,18601,6.51,17610,226,71,1486,2423,22.6,1860.1,16,2,1,5,12,5,0,0,0,1,14659,7.02,15933,210,64,21.0,1465.9
0,14,3,1,2,10,0,0,0,0,0,15668,5.81,14757,182,48,-1112,-2075,18.2,1566.8,24,4,0,10,2,10,1,0,1,1,17767,7.81,18030,203,65,20.3,1776.7
1,10,3,1,7,8,7,1,0,1,1,17929,7.68,16073,238,54,544,177,23.8,1792.9,6,0,0,8,7,5,1,0,0,0,17235,7.02,16167,202,32,20.2,1723.5
1,21,2,0,5,3,5,0,1,0,0,16886,6.74,18062,191,48,-167,893,19.1,1688.6,18,1,1,3,5,4,1,0,1,1,17456,7.03,17816,227,43,22.7,1745.6
1,27,1,0,13,0,8,0,0,0,0,19357,7.54,19393,240,65,4463,4289,24.0,1935.7,22,0,1,0,13,1,0,0,0,1,12739,6.05,14895,247,41,24.7,1273.9
1,21,3,0,5,5,12,0,0,0,1,16858,7.33,20142,207,64,2394,1846,20.7,1685.8,17,2,1,5,5,5,0,0,0,0,18368,6.74,17977,213,55,21.3,1836.8
0,11,0,1,7,8,7,1,1,0,1,16189,7.38,17956,219,39,-1962,-1661,21.9,1618.9,37,4,0,8,7,4,2,1,0,1,15884,6.63,19086,241,69,24.1,1588.4
1,23,4,1,6,8,7,0,1,0,2,17287,6.99,18660,236,55,3070,3004,23.6,1728.7,18,2,0,8,6,4,0,1,0,1,14100,6.48,16926,261,38,26.1,1410.0
1,26,2,1,12,1,10,1,0,0,2,19099,7.18,20410,272,64,4920,2839,27.2,1909.9,15,0,0,1,12,2,1,0,0,0,14044,6.72,16662,201,33,20.1,1404.4
0,12,2,0,5,11,3,0,0,0,0,16258,6.28,17369,206,51,-4167,-4041,20.6,1625.8,23,3,1,11,5,7,1,1,1,0,17053,7.35,17832,196,55,19.6,1705.3
0,12,1,0,1,8,0,0,0,0,0,16104,6.6,18267,195,59,-2104,-1822,19.5,1610.4,17,5,1,8,1,9,0,0,0,1,20167,7.0,16445,230,60,23.0,2016.7
1,18,1,0,3,7,12,0,0,0,1,15105,6.84,19036,219,68,-865,-942,21.9,1510.5,13,0,1,7,3,7,1,1,0,0,16996,6.82,17216,241,58,24.1,1699.6
0,22,1,0,6,8,5,0,0,0,0,17783,6.8,18398,226,45,-195,-1505,22.6,1778.3,26,2,1,8,6,4,2,0,0,1,17743,6.66,18455,174,56,17.4,1774.3
0,21,3,1,6,7,10,0,0,0,1,15159,6.6,16721,233,61,-1639,1719,23.3,1515.9,22,1,0,7,6,7,1,0,0,0,17069,7.23,18855,194,66,19.4,1706.9
0,13,0,0,2,7,1,0,0,0,0,14535,6.19,18449,204,50,-491,-2859,20.4,1453.5,25,3,1,7,2,5,1,0,0,1,14910,7.74,18536,221,77,22.1,1491.0
1,23,4,1,8,4,10,0,1,1,1,18499,7.83,19491,256,63,2891,2049,25.6,1849.9,19,3,0,4,8,3,0,0,0,0,14915,6.14,16087,192,34,19.2,1491.5
0,22,0,0,1,11,0,0,0,0,0,15533,6.53,15746,201,54,-3519,-2896,20.1,1553.3,14,1,1,11,1,10,1,2,1,1,17264,7.61,21440,251,66,25.1,1726.4
1,14,2,0,6,7,0,0,0,0,1,17231,6.54,16758,196,41,-898,162,19.6,1723.1,21,1,1,7,6,4,0,0,0,1,16595,7.03,18231,202,61,20.2,1659.5
1,22,3,0,6,0,10,0,0,0,1,16617,6.48,17996,213,56,2586,947,21.3,1661.7,29,0,1,0,6,3,0,0,0,0,16702,7.32,17188,194,40,19.4,1670.2
1,27,2,0,7,6,6,1,1,1,2,17214,6.96,17662,216,44,991,-1581,21.6,1721.4,17,1,1,6,7,7,1,1,0,0,15488,6.98,18906,210,59,21.0,1548.8
0,12,0,1,3,10,3,0,1,0,0,14304,6.56,15291,204,62,-3225,-1869,20.4,1430.4,24,0,0,10,3,11,1,1,0,0,18447,7.69,18115,237,85,23.7,1844.7
0,23,2,0,2,7,0,0,0,1,2,14966,6.25,15105,203,56,-234,-1286,20.3,1496.6,24,3,1,7,2,8,1,1,1,1,20060,7.11,20381,223,59,22.3,2006.0
0,28,1,0,8,9,4,1,0,1,1,14715,7.11,18970,249,43,-2241,-58,24.9,1471.5,14,3,1,9,8,6,0,0,0,0,14716,6.85,18766,248,55,24.8,1471.6
0,17,2,1,6,6,5,1,0,0,0,16350,6.28,17337,213,37,-2713,-750,21.3,1635.0,28,2,0,6,6,6,1,0,0,1,19098,6.64,17623,234,64,23.4,1909.8
0,19,2,1,4,5,4,1,0,0,0,15813,6.98,18520,239,62,1167,-1023,23.9,1581.3,15,1,0,5,4,3,1,0,0,0,16845,6.99,18923,194,62,19.4,1684.5
0,22,2,1,1,10,4,0,0,0,0,15254,6.72,13805,212,38,-2585,-1609,21.2,1525.4,21,3,0,10,1,7,1,0,0,0,18890,6.77,19936,280,63,28.0,1889.0
1,21,2,0,9,2,6,0,1,1,0,17537,6.72,21713,243,67,1590,1435,24.3,1753.7,22,0,1,2,9,0,0,0,1,0,15181,7.26,16661,208,45,20.8,1518.1
1,8,1,0,3,8,3,0,1,0,1,17708,6.97,16740,202,74,284,648,20.2,1770.8,21,0,1,8,3,7,0,0,0,2,15975,6.29,17129,225,61,22.5,1597.5
1,20,3,1,10,8,6,0,0,1,0,16906,6.85,17601,230,48,-918,368,23.0,1690.6,19,2,0,8,10,3,1,0,0,0,15743,6.88,17208,236,62,23.6,1574.3
1,25,2,1,9,0,3,0,1,0,2,18886,7.46,19509,266,70,2083,2022,26.6,1888.6,26,4,0,0,9,2,0,0,0,0,14733,6.3,15036,200,48,20.0,1473.3
0,23,4,0,4,7,6,1,1,0,1,15088,7.05,17396,202,50,-374,-475,20.2,1508.8,30,2,1,7,4,6,0,0,0,1,16286,6.64,17543,224,68,22.4,1628.6
0,14,2,0,4,12,5,0,1,0,1,15661,5.85,16726,200,67,-1897,-2520,20.0,1566.1,18,3,1,12,4,5,1,1,0,0,18446,7.12,17737,219,60,21.9,1844.6
0,18,0,1,8,10,6,1,1,1,1,13557,6.92,16215,204,36,-1782,16,20.4,1355.7,19,2,0,10,8,9,0,0,0,1,16416,7.7,17682,246,66,24.6,1641.6
1,24,1,0,1,3,8,0,0,0,0,17194,7.01,16224,234,41,710,349,23.4,1719.4,24,4,1,3,1,8,1,1,0,0,14957,7.09,19198,215,57,21.5,1495.7
1,20,0,1,8,9,5,0,1,0,0,18924,7.5,16745,203,56,-243,97,20.3,1892.4,21,2,0,9,8,5,1,0,0,0,16247,6.79,16930,230,52,23.0,1624.7
1,11,3,1,7,0,0,0,0,0,1,15531,6.94,13027,201,64,-1397,-1000,20.1,1553.1,18,3,0,0,7,7,1,0,1,0,18181,6.37,18991,198,61,19.8,1818.1
1,22,2,0,1,12,1,1,0,0,0,14838,6.46,16945,184,40,-4665,-2499,18.4,1483.8,29,5,1,12,1,10,1,0,0,1,19994,7.23,20556,231,68,23.1,1999.4
0,18,2,1,5,5,2,1,0,1,0,14769,6.62,20040,195,44,1090,-325,19.5,1476.9,25,0,0,5,5,4,0,0,0,1,17830,6.47,18710,203,61,20.3,1783.0
1,26,3,1,7,6,10,0,1,1,2,17842,6.58,20386,197,40,1412,-490,19.7,1784.2,16,3,0,6,7,8,0,1,0,0,16485,7.47,20169,188,73,18.8,1648.5
1,13,2,1,8,6,5,0,0,0,1,17177,7.07,18795,220,60,-762,1855,22.0,1717.7,21,3,0,6,8,9,1,0,0,1,15250,6.96,18017,222,42,22.2,1525.0
1,22,4,1,7,4,11,1,1,0,0,18906,6.99,20061,252,48,2106,2448,25.2,1890.6,14,2,0,4,7,8,0,0,0,1,15259,7.32,15703,226,32,22.6,1525.9
1,26,4,1,10,3,14,2,1,0,1,19771,7.14,20493,213,88,3018,4127,21.3,1977.1,13,2,0,3,10,3,0,0,0,0,18269,6.73,15191,190,44,19.0,1826.9
1,21,3,0,7,3,6,1,0,0,1,17598,7.03,18878,232,61,1417,1338,23.2,1759.8,28,2,1,3,7,1,1,2,0,1,13783,6.2,15925,196,41,19.6,1378.3
1,17,2,1,11,2,9,0,1,0,0,18171,7.37,18943,278,64,3688,2287,27.8,1817.1,10,0,0,2,11,0,0,0,0,1,15755,6.17,16306,214,60,21.4,1575.5
1,10,1,0,14,6,8,0,1,0,1,16983,7.45,17780,218,57,1799,935,21.8,1698.3,18,0,1,6,14,5,0,0,0,0,17831,6.45,17431,203,53,20.3,1783.1
1,31,4,1,8,2,15,1,0,1,0,20777,7.4,16932,248,57,4802,3179,24.8,2077.7,24,2,0,2,8,3,0,0,0,1,13947,6.56,13980,216,57,21.6,1394.7
1,25,5,0,10,1,13,1,2,0,0,19314,7.46,19960,250,64,2685,2154,25.0,1931.4,20,3,1,1,10,2,0,1,0,1,15828,5.88,15279,180,56,18.0,1582.8
1,28,4,1,6,4,5,0,1,1,1,17567,7.01,18559,213,66,2263,1147,21.3,1756.7,21,2,0,4,6,0,0,0,0,0,17152,6.82,14988,172,47,17.2,1715.2
0,26,5,1,6,4,6,1,0,0,0,19060,6.91,18627,230,69,-401,2415,23.0,1906.0,14,0,0,4,6,5,1,0,0,1,15458,6.84,18088,180,63,18.0,1545.8
0,23,2,1,3,6,4,0,0,0,1,16996,6.76,17961,189,54,145,-1248,18.9,1699.6,15,0,0,6,3,9,1,0,0,1,17018,6.54,17328,217,60,21.7,1701.8
1,18,1,1,3,7,4,1,0,0,0,17267,6.96,17787,218,53,-2196,179,21.8,1726.7,18,2,0,7,3,4,0,0,0,1,17823,6.42,17045,210,62,21.0,1782.3
1,22,1,1,8,5,5,0,1,1,1,16381,6.39,17353,255,54,-2183,-1373,25.5,1638.1,27,5,0,5,8,7,1,1,0,1,15197,7.01,17149,211,50,21.1,1519.7
0,28,4,1,8,8,6,0,1,0,1,19281,6.71,17537,272,51,2366,-197,27.2,1928.1,20,2,0,8,8,1,0,0,0,0,17965,6.42,15989,205,50,20.5,1796.5
0,19,0,0,5,8,5,0,0,1,0,15008,7.06,16676,182,68,-185,-1347,18.2,1500.8,13,3,1,8,5,8,1,0,0,0,18218,7.34,19185,248,71,24.8,1821.8
0,29,4,1,4,2,5,0,2,0,1,15541,6.88,17695,193,48,-754,407,19.3,1554.1,17,1,0,2,4,7,1,0,1,1,15738,7.23,17440,219,59,21.9,1573.8
0,8,0,0,1,12,4,0,0,0,0,12155,5.34,13669,211,34,-4418,-5296,21.1,1215.5,22,2,1,12,1,14,2,0,0,2,19546,7.69,18973,292,50,29.2,1954.6
1,15,6,0,7,0,8,1,0,1,1,19169,7.5,19374,240,71,3225,3348,24.0,1916.9,15,0,1,0,7,4,0,0,0,0,13724,6.79,15538,204,39,20.4,1372.4
1,24,2,1,5,6,1,1,1,1,0,16845,6.86,14817,231,50,-777,971,23.1,1684.5,11,4,0,6,5,8,1,1,0,0,14967,7.02,19510,203,61,20.3,1496.7
1,17,3,1,8,5,6,0,1,0,1,16126,7.08,20772,232,73,285,-711,23.2,1612.6,17,2,0,5,8,5,0,1,0,0,15393,6.97,16156,208,62,20.8,1539.3
1,33,6,1,8,4,7,1,1,0,0,19409,7.26,17778,224,68,2691,2974,22.4,1940.9,16,2,0,4,8,3,0,0,0,0,16308,6.3,17013,229,37,22.9,1630.8
0,27,2,1,5,7,10,0,1,0,0,17332,7.57,18894,252,47,233,1235,25.2,1733.2,21,0,0,7,5,8,0,0,1,0,16576,6.86,15835,259,55,25.9,1657.6
1,31,2,0,8,3,11,1,1,1,1,20146,7.25,20252,206,74,2429,4142,20.6,2014.6,11,0,1,3,8,3,0,1,0,0,14766,6.57,16949,211,52,21.1,1476.6
0,22,0,1,5,13,7,1,1,0,0,16854,5.77,14856,199,47,-723,-2996,19.9,1685.4,26,1,0,13,5,7,1,0,0,0,18604,7.67,20245,239,78,23.9,1860.4
1,20,2,1,12,0,13,1,0,1,1,19122,7.99,21879,245,84,4479,2921,24.5,1912.2,17,1,0,0,12,2,0,0,0,0,12765,6.51,12303,187,38,18.7,1276.5
0,14,2,0,5,7,3,1,1,0,0,17406,7.53,19590,214,54,1381,851,21.4,1740.6,23,0,1,7,5,4,1,0,0,1,13444,7.24,14837,224,44,22.4,1344.4
1,28,1,0,8,9,4,0,1,0,1,15444,6.72,16248,214,59,-395,107,21.4,1544.4,21,0,1,9,8,3,1,0,1,1,15596,6.47,16671,209,42,20.9,1559.6
1,15,1,0,10,4,5,1,0,0,0,18267,7.07,18862,241,72,2520,764,24.1,1826.7,17,3,1,4,10,2,0,0,0,0,15148,6.18,16144,221,42,22.1,1514.8
0,26,1,1,4,10,8,0,0,1,0,12506,6.94,15421,210,38,-1018,-811,21.0,1250.6,16,2,0,10,4,5,2,1,0,1,17235,7.44,19118,220,60,22.0,1723.5
0,23,3,0,9,9,8,1,0,0,0,14830,7.77,17842,232,69,-908,-311,23.2,1483.0,13,4,1,9,9,10,2,1,0,0,17426,6.08,17808,211,63,21.1,1742.6
1,23,1,0,9,2,10,1,0,1,1,19516,7.45,20237,277,64,2575,888,27.7,1951.6,15,0,1,2,9,0,0,0,0,1,14834,6.72,16913,203,34,20.3,1483.4
0,18,1,0,3,9,1,0,0,0,0,14757,6.18,14345,201,47,-2836,-2121,20.1,1475.7,29,3,1,9,3,7,1,0,0,0,20705,8.0,16368,283,78,28.3,2070.5
1,23,4,0,8,4,6,1,0,0,0,18315,7.27,18943,223,35,47,2263,22.3,1831.5,17,2,1,4,8,8,0,1,0,1,14669,6.8,18972,180,39,18.0,1466.9
1,20,0,0,9,5,5,0,0,1,1,17574,6.79,17895,223,47,-22,708,22.3,1757.4,28,1,1,5,9,5,1,1,0,0,15763,6.97,15718,222,52,22.2,1576.3
1,31,6,0,10,1,12,1,0,0,2,19854,7.12,20417,216,57,2604,3324,21.6,1985.4,12,0,1,1,10,0,0,0,0,1,12917,6.85,16656,191,51,19.1,1291.7
0,24,0,1,1,8,3,0,0,0,0,15431,6.44,16168,214,58,-2357,-2908,21.4,1543.1,19,2,0,8,1,13,1,1,1,1,16565,7.34,17780,231,78,23.1,1656.5
1,24,3,0,12,0,11,0,1,0,2,18268,7.58,20564,229,46,3525,1962,22.9,1826.8,19,2,1,0,12,0,0,0,1,0,16721,6.03,13647,203,43,20.3,1672.1
0,16,4,0,7,5,6,0,0,0,1,16421,7.12,16172,244,43,-947,-282,24.4,1642.1,20,1,1,5,7,7,1,0,0,1,18182,8.14,14903,240,66,24.0,1818.2
0,26,4,0,8,6,7,0,0,0,0,16985,6.31,15007,200,53,-1628,-667,20.0,1698.5,20,2,1,6,8,13,1,0,0,2,16641,7.23,17862,190,52,19.0,1664.1
0,7,2,0,4,7,5,1,0,0,1,15195,6.37,15712,209,53,-1968,-2437,20.9,1519.5,19,3,1,7,4,9,1,1,0,2,17081,7.12,18503,230,66,23.0,1708.1
0,20,0,0,0,9,7,0,0,0,0,14924,6.04,16214,230,57,-2093,-2783,23.0,1492.4,20,3,1,9,0,7,1,1,0,0,17578,7.48,18929,231,69,23.1,1757.8
1,25,1,0,7,3,9,1,1,1,0,18377,7.37,15432,228,61,1321,1489,22.8,1837.7,17,3,1,3,7,4,1,0,0,0,16821,7.42,13826,214,57,21.4,1682.1
0,14,1,0,4,10,2,1,0,1,0,12236,6.75,15649,215,43,-979,-907,21.5,1223.6,30,3,1,10,4,11,0,1,0,1,18170,7.22,19833,227,61,22.7,1817.0
0,26,5,0,10,9,9,1,0,0,1,14282,7.22,17587,244,49,986,1676,24.4,1428.2,26,0,1,9,10,9,0,1,0,1,16136,6.79,17585,208,47,20.8,1613.6
1,19,1,0,7,10,5,0,1,1,2,15189,6.74,15739,199,67,-996,697,19.9,1518.9,25,2,1,10,7,4,1,0,0,0,17599,7.11,19705,234,44,23.4,1759.9
0,15,2,0,5,6,3,0,0,0,1,12924,6.69,14743,245,55,-1595,-713,24.5,1292.4,30,0,1,6,5,12,1,0,1,1,17977,7.42,20074,207,67,20.7,1797.7
0,24,0,0,0,7,5,1,0,1,1,17868,6.87,17541,179,51,-1154,-1849,17.9,1786.8,15,2,1,7,0,11,1,0,0,1,17473,6.37,18103,226,64,22.6,1747.3
1,15,0,0,5,2,9,2,0,0,1,19160,7.1,16273,221,50,200,461,22.1,1916.0,29,3,1,2,5,4,0,1,0,0,17088,7.03,16508,255,46,25.5,1708.8
0,24,2,1,5,7,7,1,0,0,0,16354,6.54,17868,214,53,1198,-272,21.4,1635.4,27,4,0,7,5,9,1,0,0,1,15402,6.83,18324,261,73,26.1,1540.2
0,10,2,0,5,6,8,1,1,0,1,14352,7.22,18831,241,52,-268,-2495,24.1,1435.2,14,3,1,6,5,6,0,1,0,1,17274,6.47,18360,207,69,20.7,1727.4
1,23,2,1,8,5,7,1,1,0,0,16102,7.5,20115,223,56,397,-395,22.3,1610.2,27,3,0,5,8,7,1,0,0,0,16089,6.93,17460,202,39,20.2,1608.9
1,22,0,0,12,1,11,1,1,1,1,16989,7.26,19188,206,54,2702,621,20.6,1698.9,24,1,1,1,12,9,0,0,0,0,13175,6.33,16268,196,42,19.6,1317.5
1,17,2,1,7,5,7,0,0,1,0,15847,6.74,18744,217,63,-1330,66,21.7,1584.7,25,2,0,5,7,4,1,1,0,1,15303,6.81,17163,209,74,20.9,1530.3
0,20,4,0,2,10,2,1,0,0,0,12543,7.3,15715,216,43,-1345,-1013,21.6,1254.3,14,4,1,10,2,10,1,0,0,0,19563,7.09,18793,227,62,22.7,1956.3
1,20,1,1,4,7,5,0,0,0,2,18448,7.18,17551,207,51,256,103,20.7,1844.8,21,4,0,7,4,3,1,0,0,0,15041,6.81,20974,222,54,22.2,1504.1
1,26,4,0,5,3,5,2,0,1,2,16829,6.45,19219,208,67,1759,2515,20.8,1682.9,20,2,1,3,5,4,0,0,0,0,16192,6.59,17574,210,63,21.0,1619.2
0,20,0,0,3,6,0,0,1,0,0,13924,6.77,15728,201,49,-2115,-2124,20.1,1392.4,23,3,1,6,3,8,1,0,1,1,17179,6.83,19813,240,57,24.0,1717.9
0,20,0,0,6,8,11,0,1,0,0,15725,7.08,15429,184,65,-2208,-395,18.4,1572.5,27,4,1,8,6,1,1,0,0,2,17973,6.53,20335,204,61,20.4,1797.3
1,20,0,0,7,7,9,1,0,0,1,15274,6.66,15117,219,33,-1354,-1188,21.9,1527.4,22,4,1,7,7,6,0,0,1,1,15488,6.91,19902,221,56,22.1,1548.8
0,17,4,1,5,4,8,1,0,1,1,14368,6.4,18230,212,53,122,-501,21.2,1436.8,17,4,0,4,5,10,1,0,1,1,17632,7.19,17559,217,60,21.7,1763.2
0,17,3,0,4,7,6,0,0,1,1,17045,7.14,16699,200,51,172,-1032,20.0,1704.5,23,2,1,7,4,8,1,0,0,0,16344,7.05,17912,277,70,27.7,1634.4
1,23,1,0,11,3,6,0,0,1,0,16604,7.18,18434,251,64,-11,1779,25.1,1660.4,18,1,1,3,11,5,2,0,0,0,15254,6.87,15095,225,57,22.5,1525.4
0,16,2,0,0,8,0,0,0,0,0,13754,6.93,16110,216,44,-1688,-1364,21.6,1375.4,24,4,1,8,0,11,1,1,1,0,19189,7.1,17989,239,58,23.9,1918.9
0,22,3,1,4,9,2,0,0,0,1,15634,6.58,14110,178,48,-2090,-3276,17.8,1563.4,17,1,0,9,4,6,1,1,1,1,19540,7.77,21534,252,66,25.2,1954.0
0,20,4,0,6,7,4,0,0,0,0,14300,6.22,17587,210,61,560,-650,21.0,1430.0,16,4,1,7,6,9,2,0,1,0,19233,6.81,17828,211,53,21.1,1923.3
0,22,1,0,5,7,7,0,1,0,0,15690,7.12,17173,213,47,-522,-1084,21.3,1569.0,13,3,1,7,5,2,2,0,0,0,18308,6.2,18287,230,48,23.0,1830.8
0,10,0,0,3,12,3,0,0,0,0,15908,6.78,14216,222,55,-4064,-2296,22.2,1590.8,17,2,1,12,3,11,1,1,1,1,18539,6.93,20280,258,62,25.8,1853.9
0,24,0,0,6,8,7,0,0,1,0,15738,6.41,16072,213,45,-383,849,21.3,1573.8,28,4,1,8,6,8,0,1,0,0,15999,7.33,17666,243,44,24.3,1599.9
1,16,3,0,4,9,6,1,1,0,0,14658,7.69,18681,218,54,902,-42,21.8,1465.8,22,2,1,9,4,8,1,0,0,1,16856,7.05,18903,222,79,22.2,1685.6
0,14,5,0,4,4,1,1,1,0,1,15476,6.48,16234,214,36,-47,-143,21.4,1547.6,15,3,1,4,4,6,0,0,1,1,17959,7.41,19167,233,46,23.3,1795.9
1,29,2,1,5,6,6,1,0,0,1,15846,6.69,18020,233,42,-1414,1693,23.3,1584.6,23,4,0,6,5,1,0,1,0,1,15945,7.09,16497,212,44,21.2,1594.5
0,22,1,0,9,7,6,1,1,0,0,13607,7.29,17708,180,44,-1252,-1956,18.0,1360.7,28,2,1,7,9,9,0,1,0,0,18071,7.0,16469,221,69,22.1,1807.1
1,28,6,1,8,4,10,1,0,0,1,16695,6.8,18759,262,50,2493,2967,26.2,1669.5,14,1,0,4,8,4,0,0,1,0,14411,6.11,14985,158,54,15.8,1441.1
1,23,3,0,8,5,6,1,1,1,1,16918,6.99,20880,230,55,1188,488,23.0,1691.8,16,3,1,5,8,5,0,0,0,1,18737,6.74,16739,211,40,21.1,1873.7
0,18,0,1,6,11,3,1,1,1,0,12927,6.46,17640,185,61,-1621,-2141,18.5,1292.7,19,4,0,11,6,9,1,1,1,0,15545,6.97,19341,229,41,22.9,1554.5
1,19,2,1,6,4,5,0,0,1,0,15475,6.92,17021,193,54,115,-218,19.3,1547.5,20,1,0,4,6,2,1,0,0,1,17952,6.47,18589,197,62,19.7,1795.2
1,24,4,0,6,4,2,0,0,0,1,14971,6.58,17803,223,58,294,404,22.3,1497.1,14,0,1,4,6,8,1,0,0,0,16077,6.99,18864,253,70,25.3,1607.7
1,28,3,1,10,4,8,0,1,0,1,17788,7.91,12819,230,82,1668,1684,23.0,1778.8,21,4,0,4,10,3,0,1,0,0,14380,6.45,17387,229,34,22.9,1438.0
0,18,3,1,3,7,7,1,0,1,0,16204,6.44,17219,207,54,-2562,-940,20.7,1620.4,21,4,0,7,3,10,1,1,0,0,17913,7.36,19212,251,51,25.1,1791.3
1,32,0,0,4,2,6,1,0,0,1,16859,7.35,21752,232,60,992,38,23.2,1685.9,21,0,1,2,4,5,1,0,0,1,12461,7.28,15686,205,45,20.5,1246.1
0,19,0,1,4,7,3,1,1,0,0,16352,6.41,17733,236,46,687,1972,23.6,1635.2,23,2,0,7,4,5,1,0,0,1,17043,6.57,16342,218,57,21.8,1704.3
1,16,2,1,13,2,11,1,0,0,1,19737,7.21,18778,223,67,2237,3309,22.3,1973.7,18,4,0,2,13,5,1,1,1,0,13680,6.69,14719,178,34,17.8,1368.0
1,14,2,1,8,4,12,2,1,1,1,17046,7.69,19713,194,71,2906,1962,19.4,1704.6,19,3,0,4,8,7,0,1,0,1,14624,6.43,13359,236,49,23.6,1462.4
0,12,3,1,7,2,5,1,0,1,0,16731,7.0,15498,223,50,267,1657,22.3,1673.1,15,5,0,2,7,5,0,1,1,1,14252,6.28,15877,230,51,23.0,1425.2
0,17,3,1,3,6,3,0,0,0,0,17495,7.3,18805,218,56,177,-20,21.8,1749.5,21,2,0,6,3,9,1,1,1,1,15384,6.98,18102,228,40,22.8,1538.4
1,20,6,1,10,5,7,1,1,1,0,19129,6.96,17920,229,46,422,450,22.9,1912.9,24,2,0,5,10,5,0,0,0,0,14664,6.24,16844,224,46,22.4,1466.4
0,23,1,1,5,7,6,0,0,0,1,17638,7.09,16235,206,57,1294,-766,20.6,1763.8,16,0,0,7,5,9,1,0,0,1,16357,6.93,15768,238,40,23.8,1635.7
1,23,2,1,9,4,8,1,0,1,2,17845,7.39,18826,242,62,2641,2517,24.2,1784.5,9,2,0,4,9,5,0,1,0,0,13587,6.66,15628,214,35,21.4,1358.7
1,24,1,1,6,5,2,1,0,1,2,15664,6.58,18104,247,60,509,-57,24.7,1566.4,22,3,0,5,6,6,1,1,0,1,15471,7.64,17578,216,42,21.6,1547.1
1,19,3,0,11,8,8,2,1,0,0,16744,7.21,18106,205,33,-890,-352,20.5,1674.4,30,4,1,8,11,9,1,1,0,0,15536,6.94,16925,265,76,26.5,1553.6
1,19,3,0,6,7,6,1,0,0,0,16926,6.5,16835,204,52,-980,-1323,20.4,1692.6,21,4,1,7,6,7,1,0,0,1,15872,7.08,17863,220,52,22.0,1587.2
0,15,1,0,3,10,7,0,0,0,1,15795,6.76,16824,208,56,-3034,-1113,20.8,1579.5,25,4,1,10,3,11,1,0,0,0,20433,6.96,19711,230,63,23.0,2043.3
1,28,5,1,1,1,7,1,0,0,1,14809,6.98,18823,247,63,-413,982,24.7,1480.9,27,2,0,1,1,5,1,1,0,0,16880,7.43,16492,242,50,24.2,1688.0
0,11,1,1,7,2,8,0,0,0,0,13347,6.81,14837,194,48,-98,-987,19.4,1334.7,21,2,0,2,7,5,0,0,0,1,16656,7.52,17618,235,50,23.5,1665.6
1,24,4,0,7,6,8,2,0,0,1,19405,7.19,19938,238,36,1863,-70,23.8,1940.5,9,2,1,6,7,1,0,0,0,0,15453,6.05,14622,228,56,22.8,1545.3
0,17,4,0,1,8,2,0,0,0,1,14993,7.3,16338,182,61,-4371,-1788,18.2,1499.3,24,2,1,8,1,9,1,1,0,1,17899,6.67,20132,214,53,21.4,1789.9
1,24,0,0,5,2,5,0,0,0,1,16841,7.18,17427,245,45,-454,-1400,24.5,1684.1,22,3,1,2,5,9,0,0,0,1,14580,7.32,18005,211,70,21.1,1458.0
1,22,3,1,12,3,13,0,0,0,1,17572,7.06,20511,211,72,1114,1186,21.1,1757.2,18,0,0,3,12,3,0,0,0,0,16059,6.34,14389,199,66,19.9,1605.9
0,16,0,1,1,10,1,0,0,0,1,12410,6.29,14626,175,34,-2747,-3687,17.5,1241.0,19,4,0,10,1,10,1,0,1,1,19528,7.28,19717,208,62,20.8,1952.8
1,23,4,1,7,2,14,2,2,0,0,19136,7.41,20970,230,57,4043,1573,23.0,1913.6,16,3,0,2,7,4,0,0,0,0,14405,6.18,19027,196,39,19.6,1440.5
1,26,0,0,5,8,4,1,0,0,0,14951,6.65,15202,212,51,-1278,-992,21.2,1495.1,17,2,1,8,5,5,1,1,0,1,17343,6.59,18803,225,48,22.5,1734.3
1,20,3,0,4,5,3,1,1,0,0,16373,6.49,19414,192,40,1203,-1330,19.2,1637.3,19,2,1,5,4,9,0,0,0,0,17611,7.03,17872,238,50,23.8,1761.1
1,31,3,0,8,7,9,0,1,0,1,19996,7.77,20223,252,46,1187,661,25.2,1999.6,19,1,1,7,8,8,1,0,0,0,15214,6.54,16368,231,53,23.1,1521.4
1,23,4,0,7,2,6,1,0,1,1,17781,7.41,16849,226,71,2078,585,22.6,1778.1,14,1,1,2,7,8,0,0,0,0,16881,6.74,17511,254,58,25.4,1688.1
1,21,3,1,3,0,7,1,0,0,1,16051,6.74,16358,215,65,792,1396,21.5,1605.1,23,1,0,0,3,6,0,1,0,0,16876,6.39,14279,250,44,25.0,1687.6
1,21,3,1,8,4,8,0,0,0,0,17153,7.22,19039,234,52,2559,1541,23.4,1715.3,17,0,0,4,8,3,0,0,0,0,16291,5.98,13869,202,52,20.2,1629.1
0,24,2,0,7,4,8,0,0,1,2,17060,7.47,20348,239,52,1455,1294,23.9,1706.0,15,2,1,4,7,3,1,1,0,0,16918,7.18,17027,204,49,20.4,1691.8
1,21,3,1,7,0,14,1,2,1,2,16738,7.19,21204,226,45,2256,2000,22.6,1673.8,18,0,0,0,7,2,0,0,1,0,12648,6.71,15457,217,44,21.7,1264.8
0,22,1,0,3,6,8,1,1,0,1,17882,6.4,18209,251,54,1268,-43,25.1,1788.2,15,0,1,6,3,2,0,1,1,2,15673,6.83,17168,215,60,21.5,1567.3
1,24,3,1,11,0,10,2,0,1,2,21311,7.1,20160,241,61,3657,1648,24.1,2131.1,21,3,0,0,11,0,0,0,0,1,13593,6.16,15431,191,50,19.1,1359.3
1,23,2,0,7,4,7,1,0,1,1,18328,6.71,17594,211,75,2657,432,21.1,1832.8,13,2,1,4,7,4,1,0,0,0,15610,7.04,16856,230,51,23.0,1561.0
0,18,0,0,2,12,4,0,0,0,0,13202,6.43,16026,167,45,-4203,-2148,16.7,1320.2,28,2,1,12,2,9,2,1,0,1,18457,7.75,18618,247,67,24.7,1845.7
1,27,1,1,13,1,12,0,0,0,0,19422,7.1,19611,239,72,4966,3483,23.9,1942.2,11,1,0,1,13,6,0,0,0,0,13818,5.67,15060,187,34,18.7,1381.8
0,19,0,0,0,8,4,1,0,0,0,15463,7.05,18592,180,56,-459,-89,18.0,1546.3,13,5,1,8,0,1,0,0,0,2,18951,6.77,18476,200,66,20.0,1895.1
1,31,0,0,9,2,11,2,1,1,1,18706,7.34,19990,209,59,3031,1329,20.9,1870.6,12,4,1,2,9,6,1,1,0,0,16411,6.8,15587,188,53,18.8,1641.1
1,22,2,0,8,6,6,0,0,0,0,16443,7.15,15682,201,62,651,-2539,20.1,1644.3,20,4,1,6,8,8,0,0,1,0,14705,6.98,17755,234,52,23.4,1470.5
1,35,3,1,8,5,10,1,0,1,1,18352,7.38,19322,261,66,1664,2109,26.1,1835.2,11,4,0,5,8,3,1,1,1,0,13117,7.13,18344,187,48,18.7,1311.7
0,19,0,0,1,6,1,0,1,0,0,15231,6.35,16592,238,53,-3124,-1787,23.8,1523.1,21,4,1,6,1,9,1,1,1,1,17636,6.62,19935,206,58,20.6,1763.6
1,26,3,0,6,2,10,1,0,0,0,18592,6.28,16517,229,63,2358,1427,22.9,1859.2,18,1,1,2,6,9,0,0,0,0,15965,6.93,18602,231,68,23.1,1596.5
0,16,2,1,4,8,4,1,0,1,0,13713,7.13,16596,204,74,-2075,-1546,20.4,1371.3,15,5,0,8,4,4,1,0,0,1,19473,6.98,18314,206,54,20.6,1947.3
1,30,1,1,6,7,11,1,0,0,2,17211,7.05,20617,255,41,1506,2999,25.5,1721.1,17,2,0,7,6,0,0,1,0,0,14397,6.25,14656,204,56,20.4,1439.7
0,17,2,1,8,8,10,0,1,0,0,18344,7.25,18660,231,46,123,-748,23.1,1834.4,20,1,0,8,8,7,0,1,0,0,14459,6.54,15225,237,60,23.7,1445.9
1,24,4,0,8,0,9,2,1,0,0,17323,7.09,18782,238,56,2031,1009,23.8,1732.3,20,0,1,0,8,6,0,0,0,0,16068,6.66,17539,218,41,21.8,1606.8
0,14,0,0,0,14,5,0,0,0,1,13485,6.43,14488,199,51,-2960,-5068,19.9,1348.5,20,3,1,14,0,12,2,0,0,1,23068,7.08,20439,267,62,26.7,2306.8
1,22,2,1,8,5,3,1,0,0,1,15823,7.21,15950,239,55,502,482,23.9,1582.3,30,3,0,5,8,5,0,1,0,0,18678,6.85,16011,220,71,22.0,1867.8
1,20,3,1,6,9,7,1,1,0,2,15336,6.73,17732,214,64,-408,-705,21.4,1533.6,18,2,0,9,6,6,1,0,0,1,14916,6.73,17117,173,40,17.3,1491.6
0,17,1,1,10,3,5,0,0,0,1,17161,6.7,18334,225,55,43,130,22.5,1716.1,12,1,0,3,10,4,0,0,0,0,15312,7.33,20059,226,47,22.6,1531.2
1,21,4,0,8,1,6,1,1,0,1,17965,7.61,18277,241,54,1001,2766,24.1,1796.5,23,0,1,1,8,2,1,0,0,2,15526,7.12,14616,219,42,21.9,1552.6
0,27,2,1,3,7,1,1,0,0,1,19365,7.13,18140,197,59,133,-1846,19.7,1936.5,23,5,0,7,3,6,1,1,1,2,17242,7.39,16796,248,72,24.8,1724.2
1,22,2,0,4,5,6,0,1,0,1,16688,7.06,16222,250,52,907,434,25.0,1668.8,16,3,1,5,4,3,2,1,0,0,17835,7.12,20448,210,63,21.0,1783.5
1,16,6,0,9,3,11,2,1,1,2,19730,6.72,19174,218,73,525,1776,21.8,1973.0,15,3,1,3,9,0,1,1,0,0,12948,6.41,15063,203,38,20.3,1294.8
0,21,2,0,0,13,5,0,0,0,0,13215,6.26,14841,188,29,-4020,-3041,18.8,1321.5,24,3,1,13,0,9,1,1,0,2,20994,7.61,19363,264,86,26.4,2099.4
1,17,0,0,8,7,5,1,1,0,0,18919,6.68,19530,230,72,1018,516,23.0,1891.9,14,1,1,7,8,2,0,0,1,0,14445,6.59,17340,232,65,23.2,1444.5
0,23,1,1,4,5,4,0,0,0,0,15182,6.59,17852,213,61,-1719,-567,21.3,1518.2,22,3,0,5,4,5,0,0,0,2,15503,7.06,20447,223,67,22.3,1550.3
0,21,5,1,3,12,2,0,0,0,0,13826,6.39,15286,187,47,-895,-2028,18.7,1382.6,24,2,0,12,3,4,0,0,1,1,18223,7.06,18317,257,72,25.7,1822.3
1,24,1,0,7,3,5,1,0,0,1,15469,6.62,19202,232,44,641,956,23.2,1546.9,24,2,1,3,7,3,1,0,0,0,17008,6.77,15932,207,53,20.7,1700.8
1,32,3,1,11,2,8,0,2,0,1,17422,7.2,18530,211,57,2494,1931,21.1,1742.2,9,2,0,2,11,4,0,0,1,1,14216,6.37,17861,179,41,17.9,1421.6
1,18,4,1,7,9,8,1,0,0,0,17398,6.85,18027,245,59,2446,2422,24.5,1739.8,17,0,0,9,7,4,0,0,0,0,14655,6.83,16149,227,52,22.7,1465.5
0,23,3,0,6,7,5,0,1,1,1,14981,6.7,16944,254,65,952,-1573,25.4,1498.1,18,4,1,7,6,11,0,0,0,0,18609,6.81,15943,220,58,22.0,1860.9
1,28,4,0,9,3,4,1,1,0,0,18729,6.82,18705,242,58,1659,1437,24.2,1872.9,15,0,1,3,9,3,0,1,0,0,15193,7.46,15459,222,53,22.2,1519.3
0,19,4,0,5,5,10,0,0,0,1,14006,7.57,20238,222,68,1688,1407,22.2,1400.6,22,1,1,5,5,8,1,1,0,0,15583,6.98,17680,216,30,21.6,1558.3
1,16,2,1,7,8,6,0,0,0,1,17046,6.96,18007,249,48,-333,-905,24.9,1704.6,23,1,0,8,7,7,0,0,0,0,17464,7.04,17989,217,72,21.7,1746.4
0,17,0,0,6,8,6,0,1,1,0,15148,6.9,18090,188,49,-2411,-709,18.8,1514.8,22,1,1,8,6,4,0,0,0,1,16364,7.42,19417,240,63,24.0,1636.4
0,20,2,1,7,10,6,0,1,0,0,17512,6.69,17680,201,50,-2158,-554,20.1,1751.2,21,2,0,10,7,9,1,0,0,1,17028,7.84,19367,248,62,24.8,1702.8
1,15,2,1,5,2,9,1,1,0,3,17479,7.1,20080,249,86,795,559,24.9,1747.9,14,3,0,2,5,4,0,0,0,0,14095,6.71,15466,218,49,21.8,1409.5
0,23,1,1,4,5,6,0,0,0,1,16240,6.97,17221,224,66,-870,192,22.4,1624.0,17,3,0,5,4,10,0,0,0,2,17061,7.08,17992,230,75,23.0,1706.1
0,11,4,0,4,6,2,0,0,0,0,16315,7.17,12706,220,55,-2989,-2636,22.0,1631.5,31,3,1,6,4,12,1,1,0,2,17487,7.27,16980,237,67,23.7,1748.7
0,23,1,0,2,8,6,0,0,0,0,12868,6.87,17437,184,50,-1784,-1973,18.4,1286.8,26,3,1,8,2,8,1,1,1,1,16800,7.37,20770,264,59,26.4,1680.0
1,24,5,1,8,4,9,1,0,0,0,17584,7.14,19122,204,73,1439,1532,20.4,1758.4,19,0,0,4,8,5,0,0,0,0,15275,6.84,15357,215,42,21.5,1527.5
0,28,2,1,4,5,3,0,1,0,0,16770,6.43,18279,209,36,-1328,516,20.9,1677.0,24,2,0,5,4,3,1,0,0,1,17686,7.05,16705,239,64,23.9,1768.6
0,24,2,0,7,6,4,0,1,0,0,17138,7.22,14740,216,33,296,1191,21.6,1713.8,18,3,1,6,7,2,1,0,0,1,17338,6.92,16372,236,31,23.6,1733.8
1,21,0,1,3,5,13,0,1,1,0,19571,7.04,20975,238,66,2828,3978,23.8,1957.1,17,1,0,5,3,5,0,0,0,0,15471,6.19,16894,208,44,20.8,1547.1
0,13,5,1,5,6,3,0,1,0,0,13910,6.42,18209,222,43,-2357,-1305,22.2,1391.0,23,5,0,6,5,7,0,1,0,1,17597,6.98,18353,224,74,22.4,1759.7
0,21,2,0,9,5,4,1,0,0,1,15679,6.82,20040,206,47,1296,-88,20.6,1567.9,21,0,1,5,9,7,1,0,0,2,18217,6.89,17835,232,52,23.2,1821.7
1,20,0,0,4,5,4,1,1,0,1,17140,6.91,15756,212,61,-1470,-839,21.2,1714.0,30,5,1,5,4,7,0,1,0,1,16596,6.31,17506,229,40,22.9,1659.6
1,27,4,1,7,5,8,1,0,0,0,16044,7.34,15368,232,36,2053,225,23.2,1604.4,10,2,0,5,7,4,0,1,0,1,15849,6.44,16904,193,52,19.3,1584.9
1,18,3,0,12,3,7,1,0,0,1,17361,6.86,17856,194,73,1205,3390,19.4,1736.1,20,0,1,3,12,1,0,1,0,0,14785,6.45,15080,191,32,19.1,1478.5
0,27,0,1,3,11,4,1,0,0,0,14609,6.76,15898,219,62,-2779,-1287,21.9,1460.9,19,2,0,11,3,8,1,1,1,2,20389,6.91,17992,238,63,23.8,2038.9
0,28,4,0,8,7,13,1,0,0,2,17852,6.94,19110,189,47,1131,-499,18.9,1785.2,19,0,1,7,8,5,0,1,0,1,14119,6.84,17407,197,44,19.7,1411.9
1,21,0,0,12,2,4,0,0,1,1,19060,8.23,18147,212,79,1765,3281,21.2,1906.0,19,0,1,2,12,4,0,0,0,1,16675,7.02,15995,207,55,20.7,1667.5
1,29,1,1,10,8,5,1,1,0,0,16181,6.81,18255,250,64,737,1047,25.0,1618.1,14,2,0,8,10,6,0,1,0,2,16529,6.5,17645,219,49,21.9,1652.9
0,16,1,0,3,9,6,0,0,0,1,16970,7.24,16860,227,51,126,-969,22.7,1697.0,16,3,1,9,3,5,0,0,0,1,16380,6.61,17927,214,51,21.4,1638.0
1,22,3,0,6,8,2,1,1,0,1,18904,7.61,17852,241,56,-314,-23,24.1,1890.4,21,2,1,8,6,4,0,1,0,0,16381,6.74,16838,224,51,22.4,1638.1
0,14,6,0,9,6,8,1,0,0,0,18124,6.63,17864,206,57,-972,643,20.6,1812.4,20,4,1,6,9,6,0,0,0,0,17216,6.53,19192,203,54,20.3,1721.6
0,30,2,0,8,5,9,0,0,0,1,17053,7.04,16517,216,61,2281,1022,21.6,1705.3,15,0,1,5,8,4,1,0,1,1,17518,6.53,16255,235,43,23.5,1751.8
1,13,3,1,9,2,4,0,0,1,1,17834,7.22,17753,219,63,2002,2257,21.9,1783.4,20,2,0,2,9,5,0,0,0,1,16739,6.76,18147,217,69,21.7,1673.9
1,11,6,0,0,7,4,0,0,1,1,17327,6.34,16115,216,68,-3019,-663,21.6,1732.7,23,3,1,7,0,8,1,0,1,0,17028,8.0,17408,203,40,20.3,1702.8
0,19,3,0,4,1,8,0,0,1,1,18720,7.01,18053,246,55,1151,1484,24.6,1872.0,22,3,1,1,4,1,1,0,1,0,15856,6.21,15645,185,51,18.5,1585.6
0,29,3,0,12,6,10,1,0,0,0,17920,7.09,18219,245,62,2583,1332,24.5,1792.0,18,0,1,6,12,5,0,1,0,0,16009,6.89,15775,220,44,22.0,1600.9
0,25,0,1,8,5,13,1,0,0,0,19230,7.23,18015,225,58,-452,-1866,22.5,1923.0,17,2,0,5,8,9,1,1,0,1,17503,6.77,14561,229,37,22.9,1750.3
0,18,4,0,3,9,1,0,0,0,0,16049,7.1,13375,203,31,-3186,-2948,20.3,1604.9,27,2,1,9,3,14,0,0,0,0,18403,7.21,21498,243,74,24.3,1840.3
1,25,1,1,3,5,7,0,0,0,1,17810,6.81,18745,217,60,-133,763,21.7,1781.0,5,2,0,5,3,7,0,0,0,0,15319,6.64,18162,216,62,21.6,1531.9
0,20,3,0,6,2,6,1,0,0,1,16340,6.61,19609,214,52,-637,958,21.4,1634.0,22,1,1,2,6,10,0,0,1,0,18295,6.95,16444,221,63,22.1,1829.5
0,20,2,1,5,10,3,1,0,0,0,13938,7.37,15633,177,53,-1292,-1629,17.7,1393.8,21,2,0,10,5,13,1,1,0,3,15991,7.16,15771,193,51,19.3,1599.1
1,28,2,1,2,8,5,0,0,0,0,17481,7.01,17626,206,51,1268,-328,20.6,1748.1,12,2,0,8,2,7,0,0,1,1,18763,6.87,17086,187,58,18.7,1876.3
0,16,1,1,1,11,4,0,0,0,0,13588,6.83,16593,236,57,-2715,-2781,23.6,1358.8,17,1,0,11,1,8,1,1,0,0,19053,7.8,19430,205,75,20.5,1905.3
0,17,3,0,8,1,7,0,1,0,1,15492,6.47,19727,221,43,-455,-706,22.1,1549.2,14,1,1,1,8,7,0,0,0,1,17101,6.44,15605,192,34,19.2,1710.1
1,23,5,0,8,9,7,0,0,1,0,17498,6.38,17704,215,37,882,1041,21.5,1749.8,21,2,1,9,8,6,0,1,0,0,17850,6.67,18200,188,52,18.8,1785.0
0,20,5,0,1,9,3,1,0,0,0,16147,6.36,16604,195,56,-3398,-4481,19.5,1614.7,24,3,1,9,1,14,2,0,0,2,18366,7.01,18197,245,60,24.5,1836.6
1,21,2,0,9,7,4,2,0,0,1,15316,7.19,18834,214,54,-724,1025,21.4,1531.6,18,0,1,7,9,5,0,0,1,0,15059,6.41,18554,189,56,18.9,1505.9
0,25,1,1,8,0,8,1,0,0,0,18377,6.9,16664,214,64,-1553,1680,21.4,1837.7,21,3,0,0,8,6,1,0,0,1,15783,6.6,17432,201,49,20.1,1578.3
1,20,1,1,3,6,10,0,0,0,0,16328,6.81,16988,209,92,1820,-380,20.9,1632.8,23,3,0,6,3,5,0,1,0,1,14463,6.55,15191,201,53,20.1,1446.3
1,20,6,1,9,7,8,0,1,0,1,16490,6.41,15608,218,49,-1100,-580,21.8,1649.0,26,4,0,7,9,6,0,0,0,1,15855,6.8,17758,191,52,19.1,1585.5
0,20,2,0,7,7,6,1,1,0,1,16793,7.0,14539,224,46,-1481,-1930,22.4,1679.3,23,0,1,7,7,7,0,1,1,1,19381,7.3,18503,241,64,24.1,1938.1
0,20,3,0,5,7,3,0,0,0,1,15372,6.89,16063,192,53,-1582,-2275,19.2,1537.2,25,3,1,7,5,11,2,1,0,0,15784,6.59,21700,207,64,20.7,1578.4
0,27,3,1,5,6,3,2,0,0,1,16585,6.54,17023,229,37,-577,-2226,22.9,1658.5,27,6,0,6,5,10,1,1,0,0,16846,6.83,19196,223,44,22.3,1684.6
0,22,5,1,8,3,8,1,0,0,1,16158,6.88,16540,227,51,-359,-692,22.7,1615.8,12,3,0,3,8,3,1,1,0,1,15866,7.12,16800,206,70,20.6,1586.6
0,19,2,1,7,3,3,0,0,0,0,17926,6.65,16887,197,63,-415,822,19.7,1792.6,19,2,0,3,7,5,1,1,0,0,17389,7.44,16966,238,50,23.8,1738.9
1,22,0,1,5,6,4,2,0,0,1,18019,6.55,15829,236,50,-462,-86,23.6,1801.9,25,1,0,6,5,10,0,0,1,2,17269,7.02,19957,233,67,23.3,1726.9
1,24,5,0,9,10,11,0,1,1,0,15641,6.87,18059,221,52,-1461,-1283,22.1,1564.1,29,1,1,10,9,5,1,0,0,1,15851,7.58,16013,206,57,20.6,1585.1
0,23,3,0,1,9,7,0,0,0,0,15296,7.52,17326,196,35,975,215,19.6,1529.6,18,0,1,9,1,3,1,0,1,0,14636,7.23,17258,244,34,24.4,1463.6
1,29,4,1,10,1,11,1,1,1,2,19453,7.63,21405,245,78,5270,3969,24.5,1945.3,6,1,0,1,10,1,0,0,0,0,13478,6.3,14945,182,45,18.2,1347.8
0,11,4,1,5,7,0,0,0,0,0,16004,6.91,16045,230,64,-264,-1,23.0,1600.4,21,2,0,7,5,7,1,0,0,1,18471,7.08,17396,244,62,24.4,1847.1
0,6,2,0,5,12,3,1,0,0,1,14373,6.67,16344,216,31,-1263,161,21.6,1437.3,17,1,1,12,5,7,0,1,0,0,18450,6.78,20006,253,36,25.3,1845.0
1,33,6,1,15,0,15,1,0,1,3,21812,7.64,21799,249,80,6105,4614,24.9,2181.2,9,0,0,0,15,2,0,0,0,0,12817,5.8,13154,198,37,19.8,1281.7
1,23,3,1,4,6,3,0,1,0,1,17286,7.22,16252,229,67,1430,1443,22.9,1728.6,17,2,0,6,4,7,0,0,0,0,15751,6.51,15256,196,56,19.6,1575.1
0,17,3,0,2,6,4,0,1,0,0,15057,6.64,15716,191,48,-1558,-2572,19.1,1505.7,17,2,1,6,2,10,1,1,0,0,19194,7.47,19095,245,70,24.5,1919.4
1,25,3,0,10,5,4,1,1,0,1,17703,7.3,18211,225,63,525,310,22.5,1770.3,15,0,1,5,10,3,0,0,0,0,13509,6.51,15591,207,39,20.7,1350.9
0,28,1,0,1,5,3,1,0,0,0,16082,6.26,14520,208,64,-883,-1555,20.8,1608.2,24,1,1,5,1,9,0,0,0,0,18533,7.11,19499,231,55,23.1,1853.3
0,29,2,1,7,9,4,1,0,0,0,16724,7.09,17987,263,79,1642,1599,26.3,1672.4,9,4,0,9,7,6,0,0,0,0,15428,7.17,16720,215,55,21.5,1542.8
0,24,1,0,4,5,6,0,0,0,0,13067,6.84,16667,202,56,2569,-394,20.2,1306.7,16,3,1,5,4,6,1,1,0,1,16953,6.96,16194,211,67,21.1,1695.3
0,15,2,0,6,6,1,0,0,0,1,16703,7.0,15907,238,41,-1277,-757,23.8,1670.3,25,2,1,6,6,11,1,0,1,1,16445,7.27,17194,219,52,21.9,1644.5
1,19,2,1,10,1,9,0,1,0,1,17195,7.43,21351,185,62,3769,2858,18.5,1719.5,15,1,0,1,10,0,0,0,0,0,14299,6.39,15074,162,50,16.2,1429.9
1,9,3,0,7,4,9,1,0,0,0,17556,6.79,19600,224,60,-56,-541,22.4,1755.6,22,2,1,4,7,1,0,1,1,0,16699,6.74,16117,217,51,21.7,1669.9
1,25,3,1,8,5,8,1,1,1,1,16548,7.54,18498,238,49,1868,2193,23.8,1654.8,12,2,0,5,8,3,0,0,0,1,12835,6.34,17437,206,57,20.6,1283.5
1,26,3,0,7,5,8,1,0,0,0,18200,7.48,18536,242,64,81,957,24.2,1820.0,18,3,1,5,7,4,1,1,0,2,17600,7.03,15216,199,53,19.9,1760.0
0,25,2,1,5,7,6,1,0,1,0,15022,6.59,16500,225,43,1291,-742,22.5,1502.2,17,4,0,7,5,6,1,0,0,0,16390,6.91,19612,235,58,23.5,1639.0
1,25,1,1,7,6,7,2,1,0,1,16487,6.71,18220,172,77,1811,2902,17.2,1648.7,20,2,0,6,7,9,0,1,0,1,17644,7.14,17354,223,56,22.3,1764.4
1,22,2,1,12,0,8,1,0,1,0,19167,6.96,20021,259,49,1342,1738,25.9,1916.7,15,2,0,0,12,7,1,0,0,0,13471,6.77,13765,217,48,21.7,1347.1
1,17,0,0,4,7,7,1,1,1,1,17397,6.7,16363,202,81,769,-1067,20.2,1739.7,15,1,1,7,4,10,1,1,0,1,16287,6.93,17249,232,58,23.2,1628.7
1,19,3,1,11,2,7,2,0,0,2,19872,7.35,19237,224,54,3573,-124,22.4,1987.2,16,3,0,2,11,6,1,1,0,0,14834,6.8,13017,188,32,18.8,1483.4
0,21,1,1,6,3,7,1,1,1,2,16474,7.48,18688,199,40,2050,2286,19.9,1647.4,20,3,0,3,6,6,1,0,0,1,16255,6.59,16355,218,66,21.8,1625.5
1,16,2,0,11,6,12,1,0,0,1,15523,6.92,16419,233,68,-172,-194,23.3,1552.3,25,1,1,6,11,2,0,0,1,1,18560,6.37,15993,211,57,21.1,1856.0
1,29,1,1,7,6,8,2,1,0,0,17631,7.38,18248,232,47,-724,670,23.2,1763.1,25,3,0,6,7,2,2,0,1,0,15009,7.41,17583,209,43,20.9,1500.9
1,14,0,1,4,0,9,1,0,0,1,16337,7.52,19177,214,59,-426,1572,21.4,1633.7,27,4,0,0,4,10,2,1,0,0,18106,7.01,18822,184,56,18.4,1810.6
0,17,5,0,3,12,4,1,0,0,0,13299,6.95,16819,183,49,-3799,-636,18.3,1329.9,13,4,1,12,3,8,0,2,0,1,16124,6.98,19930,252,66,25.2,1612.4
1,10,2,1,3,9,4,0,1,0,0,16544,7.22,18369,223,42,75,-180,22.3,1654.4,25,4,0,9,3,8,0,0,0,1,17536,6.87,16797,232,51,23.2,1753.6
1,22,4,1,5,3,6,0,1,0,0,19758,7.27,16769,188,32,-61,820,18.8,1975.8,20,0,0,3,5,7,0,0,1,1,16516,6.84,15976,234,54,23.4,1651.6
0,19,1,1,6,5,1,0,0,0,0,15427,6.82,16918,272,48,-1444,-1211,27.2,1542.7,22,3,0,5,6,12,1,1,0,1,17296,7.05,16499,240,51,24.0,1729.6
0,19,5,1,10,8,10,1,0,1,1,15968,6.6,19279,226,63,646,806,22.6,1596.8,19,2,0,8,10,6,0,1,0,2,17598,7.15,15906,252,44,25.2,1759.8
0,15,0,1,8,7,8,1,0,0,1,15895,7.31,16141,248,51,1567,-289,24.8,1589.5,19,3,0,7,8,5,0,0,0,1,15157,6.65,18829,237,58,23.7,1515.7
1,22,3,0,7,5,5,1,1,1,1,16650,7.39,16840,243,59,1858,303,24.3,1665.0,25,0,1,5,7,8,0,1,1,0,14893,6.36,15108,181,42,18.1,1489.3
1,19,1,1,9,6,9,1,1,1,0,18679,6.57,18384,224,65,593,760,22.4,1867.9,24,0,0,6,9,3,0,0,0,1,14145,6.62,17202,233,54,23.3,1414.5
1,20,6,1,8,6,8,1,1,1,1,18805,6.87,17489,208,38,465,-353,20.8,1880.5,30,0,0,6,8,6,0,0,0,1,17339,7.03,18943,240,62,24.0,1733.9
0,27,1,1,8,7,3,0,0,0,0,15187,6.56,17292,223,42,-2539,-2263,22.3,1518.7,26,3,0,7,8,9,2,0,1,0,19041,7.14,20303,275,59,27.5,1904.1
1,24,4,0,9,1,11,1,0,0,1,19411,7.21,21234,242,79,2966,2275,24.2,1941.1,13,0,1,1,9,2,1,0,0,0,13501,6.91,15183,213,39,21.3,1350.1
1,22,3,0,9,9,7,1,1,0,1,16286,7.2,17376,239,49,314,1246,23.9,1628.6,24,1,1,9,9,8,2,0,0,2,15113,6.92,16910,233,48,23.3,1511.3
0,18,2,1,3,8,7,0,0,0,0,18611,7.16,17101,217,56,0,435,21.7,1861.1,19,2,0,8,3,11,0,1,0,0,17118,6.26,17698,231,50,23.1,1711.8
1,15,3,0,8,7,6,0,1,0,0,17225,7.06,16657,251,47,-667,-317,25.1,1722.5,24,2,1,7,8,7,1,0,0,0,16867,7.09,18544,208,48,20.8,1686.7
0,19,4,1,4,6,5,1,0,0,1,17811,6.71,15517,223,49,412,-571,22.3,1781.1,26,3,0,6,4,7,2,0,1,1,17777,6.11,17228,241,48,24.1,1777.7
1,36,4,1,8,5,8,1,1,0,0,16897,7.03,18754,223,64,3830,3339,22.3,1689.7,17,1,0,5,8,1,0,0,0,0,13763,6.48,15210,221,29,22.1,1376.3
1,21,3,1,8,1,11,1,1,0,1,20186,7.69,17652,256,50,1851,147,25.6,2018.6,12,1,0,1,8,3,0,0,0,0,14377,6.02,15108,184,35,18.4,1437.7
1,23,3,0,5,8,12,0,0,0,2,17954,6.7,17798,232,73,-4,-279,23.2,1795.4,24,1,1,8,5,3,0,0,0,1,16169,6.59,17361,233,65,23.3,1616.9
1,16,5,1,7,5,3,1,0,0,2,17877,6.37,16641,208,62,174,333,20.8,1787.7,21,5,0,5,7,3,1,0,0,0,16404,6.8,19239,225,64,22.5,1640.4
0,7,2,1,10,3,7,0,0,0,0,19426,6.99,18941,221,72,1294,-323,22.1,1942.6,12,5,0,3,10,2,0,0,0,0,13369,7.11,17795,233,43,23.3,1336.9
1,16,0,0,2,6,5,1,0,0,0,15617,6.86,18864,205,54,107,1168,20.5,1561.7,30,2,1,6,2,8,1,1,0,0,16500,6.12,14529,237,63,23.7,1650.0
0,32,0,0,5,7,7,0,0,0,0,16651,6.93,17851,202,37,-1341,790,20.2,1665.1,23,2,1,7,5,5,0,0,0,1,14510,7.27,18014,238,57,23.8,1451.0
1,24,1,0,4,5,8,1,0,0,0,15709,7.27,18505,237,53,187,44,23.7,1570.9,20,1,1,5,4,7,0,2,0,1,14355,6.76,14635,217,29,21.7,1435.5
1,27,0,0,7,4,5,1,0,0,2,17736,7.12,18026,244,57,-171,-822,24.4,1773.6,17,2,1,4,7,6,0,0,0,1,16097,7.32,18160,209,60,20.9,1609.7
1,19,1,0,10,6,5,0,1,0,1,15780,7.2,17878,231,64,620,274,23.1,1578.0,20,3,1,6,10,7,0,0,0,0,14334,6.93,17479,252,47,25.2,1433.4
0,9,2,0,6,8,5,1,0,0,0,14725,6.77,20627,220,56,-2150,2378,22.0,1472.5,22,3,1,8,6,6,0,0,0,0,18776,6.46,18090,212,39,21.2,1877.6
1,16,3,1,6,4,5,1,0,0,0,16111,7.08,19156,223,46,-246,1885,22.3,1611.1,21,4,0,4,6,7,1,0,0,0,15261,6.62,16007,237,50,23.7,1526.1
0,21,2,0,1,4,0,1,0,0,0,14865,6.74,16047,217,61,-980,-1038,21.7,1486.5,26,1,1,4,1,9,1,1,0,1,18437,6.81,18470,233,45,23.3,1843.7
0,23,1,1,12,4,10,1,0,0,1,16458,7.62,17758,237,58,767,664,23.7,1645.8,19,2,0,4,12,4,0,0,1,0,16667,6.57,17571,216,46,21.6,1666.7
1,18,3,0,7,6,6,0,1,0,2,15412,6.33,15280,188,46,-114,-104,18.8,1541.2,3,2,1,6,7,7,0,1,1,1,16326,7.67,19029,255,68,25.5,1632.6
0,16,3,1,0,3,8,1,0,0,0,16730,6.58,16786,208,53,-1510,115,20.8,1673.0,20,4,0,3,0,9,1,0,0,1,13590,6.62,16353,221,61,22.1,1359.0
0,24,4,1,6,6,4,0,0,0,1,14179,7.43,15035,221,55,-439,-637,22.1,1417.9,19,1,0,6,6,6,1,0,0,1,17240,7.65,18252,196,55,19.6,1724.0
0,15,3,1,1,12,5,0,1,0,0,16496,7.11,15828,188,48,-2174,-671,18.8,1649.6,16,4,0,12,1,10,1,0,1,1,18019,7.51,21036,247,58,24.7,1801.9
1,24,2,0,7,4,6,2,0,1,1,18320,7.17,15411,262,69,2401,1494,26.2,1832.0,14,0,1,4,7,2,1,0,0,0,16803,7.07,14207,200,47,20.0,1680.3
0,19,3,1,1,8,3,1,1,0,2,16580,6.59,17883,262,57,-751,-2881,26.2,1658.0,17,0,0,8,1,8,1,1,1,2,17519,6.4,17954,241,73,24.1,1751.9
1,17,2,0,0,9,10,1,0,0,2,15794,7.05,16466,233,57,-925,-1074,23.3,1579.4,17,1,1,9,0,8,1,1,1,1,17893,6.65,17666,215,66,21.5,1789.3
0,18,4,1,9,5,8,1,1,1,1,19607,7.59,22367,217,56,2583,752,21.7,1960.7,18,1,0,5,9,6,1,1,0,0,15875,6.27,16855,186,45,18.6,1587.5
0,17,3,0,9,4,7,0,1,0,0,14345,6.76,16737,225,45,-1655,-2062,22.5,1434.5,17,3,1,4,9,7,1,0,0,0,18182,7.14,19810,223,64,22.3,1818.2
0,29,2,0,4,11,6,1,0,0,1,16333,7.54,17072,230,52,-549,828,23.0,1633.3,27,1,1,11,4,6,0,0,0,0,17377,6.85,18317,235,63,23.5,1737.7
0,24,2,0,6,9,0,0,0,0,0,14221,6.6,14786,193,56,-1395,-1540,19.3,1422.1,22,2,1,9,6,10,0,1,0,2,19219,7.07,19340,224,60,22.4,1921.9
1,27,2,1,10,6,7,1,1,0,1,18438,7.18,18333,218,49,1947,-321,21.8,1843.8,14,2,0,6,10,3,1,1,0,1,15061,6.34,16465,237,57,23.7,1506.1
1,18,1,1,9,3,9,0,0,1,1,18361,7.64,21086,214,63,1714,1413,21.4,1836.1,26,4,0,3,9,5,1,0,0,1,15974,6.7,14131,244,40,24.4,1597.4
1,14,0,1,12,0,9,1,1,0,0,18551,7.04,18767,221,61,1646,805,22.1,1855.1,17,4,0,0,12,6,0,1,0,2,15216,6.58,18672,229,56,22.9,1521.6
1,27,1,1,9,5,3,0,0,0,1,18079,7.67,19636,203,63,1960,-99,20.3,1807.9,22,0,0,5,9,8,0,0,0,1,15717,6.87,16015,208,56,20.8,1571.7
0,25,2,0,10,3,4,1,0,0,0,17609,7.19,17645,210,59,-39,1503,21.0,1760.9,19,2,1,3,10,6,1,0,1,0,17021,6.04,16346,194,53,19.4,1702.1
0,20,3,1,2,10,6,1,1,0,0,16072,6.56,18794,227,56,-681,-1203,22.7,1607.2,24,1,0,10,2,7,0,0,0,1,18231,6.97,16942,203,74,20.3,1823.1
0,17,3,0,6,5,2,2,1,1,0,14853,7.22,17510,194,46,-1547,-3354,19.4,1485.3,19,0,1,5,6,7,2,1,1,1,17813,7.2,21689,224,73,22.4,1781.3
1,15,2,1,12,3,12,1,0,1,1,19627,7.05,18203,254,46,3077,2420,25.4,1962.7,22,2,0,3,12,3,0,0,1,1,13192,7.13,15798,191,46,19.1,1319.2
0,26,1,0,6,6,7,1,0,0,0,16651,6.69,19264,208,55,1538,469,20.8,1665.1,17,0,1,6,6,7,1,0,1,1,15443,6.14,14921,235,58,23.5,1544.3
0,25,1,0,0,8,6,1,0,0,1,15017,6.74,18032,225,57,-1978,-293,22.5,1501.7,26,4,1,8,0,7,1,1,1,1,18112,6.94,19318,179,61,17.9,1811.2
1,17,1,0,3,5,9,0,1,1,0,17423,6.7,14841,231,68,384,509,23.1,1742.3,22,3,1,5,3,5,1,1,1,1,16378,6.93,16849,249,66,24.9,1637.8
0,16,0,0,4,3,2,0,0,0,1,15935,6.74,16236,216,53,159,-1738,21.6,1593.5,18,4,1,3,4,9,0,1,0,0,16657,7.12,17953,236,52,23.6,1665.7
0,24,0,0,5,5,5,1,0,0,2,14502,6.46,13881,200,65,-2433,-1596,20.0,1450.2,13,2,1,5,5,6,0,0,0,0,19788,7.81,18006,262,71,26.2,1978.8
1,17,4,1,5,4,7,0,1,1,0,18377,6.65,18925,224,58,946,-929,22.4,1837.7,12,5,0,4,5,5,0,0,0,1,15912,6.56,15610,185,59,18.5,1591.2
0,28,5,1,5,4,6,0,1,0,0,12736,6.22,17782,231,49,-443,-603,23.1,1273.6,23,5,0,4,5,1,1,1,1,1,16136,6.89,18218,258,51,25.8,1613.6
1,18,3,0,3,8,4,0,0,0,0,16234,6.95,16071,189,51,-815,-950,18.9,1623.4,22,2,1,8,3,7,1,0,1,1,17497,7.6,19409,236,49,23.6,1749.7
0,15,1,1,2,8,3,0,0,0,0,11899,6.75,15454,203,45,-3491,-1868,20.3,1189.9,29,2,0,8,2,8,1,0,1,0,19445,7.11,19179,259,60,25.9,1944.5
0,17,0,0,2,7,0,1,0,1,0,14291,6.72,15782,193,65,-1145,-1445,19.3,1429.1,20,4,1,7,2,8,1,1,1,1,19276,7.88,18018,222,61,22.2,1927.6
1,17,2,1,4,4,8,0,1,0,0,17119,6.9,17439,217,51,-1232,-783,21.7,1711.9,27,1,0,4,4,7,0,0,0,0,15465,6.14,20934,208,66,20.8,1546.5
0,25,3,1,8,3,2,1,1,0,0,17048,6.58,20513,212,53,-449,650,21.2,1704.8,19,4,0,3,8,5,0,0,0,1,18141,6.88,15330,236,62,23.6,1814.1
0,23,3,0,7,8,9,0,1,1,1,14497,6.83,16072,226,41,-2162,-563,22.6,1449.7,26,3,1,8,7,7,0,0,0,1,17684,6.95,16988,260,74,26.0,1768.4
1,27,3,1,5,3,5,1,1,1,1,17974,6.85,18510,200,69,761,213,20.0,1797.4,14,1,0,3,5,6,1,0,0,0,15935,6.29,16030,191,45,19.1,1593.5
0,21,4,0,6,6,3,2,0,0,0,15475,6.63,18223,214,41,-999,-1596,21.4,1547.5,29,0,1,6,6,8,1,0,0,1,17463,7.41,18243,232,72,23.2,1746.3
0,19,5,0,4,5,8,0,1,0,1,15745,6.36,19484,228,44,-407,1202,22.8,1574.5,18,2,1,5,4,4,0,1,0,0,17285,6.57,18090,180,44,18.0,1728.5
0,20,1,1,2,6,6,1,1,1,1,15119,7.2,17441,200,39,-409,176,20.0,1511.9,25,0,0,6,2,5,0,1,0,0,17718,6.86,17068,228,45,22.8,1771.8
0,16,6,1,7,9,6,0,0,0,0,14270,6.44,16917,179,37,102,-940,17.9,1427.0,27,5,0,9,7,5,0,0,1,1,16996,7.45,16710,213,66,21.3,1699.6
1,28,0,1,11,3,7,0,1,1,1,17445,7.14,17619,239,59,1004,704,23.9,1744.5,20,1,0,3,11,2,0,0,1,1,15297,6.6,14450,202,37,20.2,1529.7
0,22,0,0,2,10,3,0,0,0,0,17965,6.12,15522,197,48,-2539,-1399,19.7,1796.5,29,3,1,10,2,8,2,0,1,0,17152,7.13,18455,217,71,21.7,1715.2
0,21,3,0,11,6,6,0,0,0,2,17687,6.78,21978,209,44,1872,-273,20.9,1768.7,18,2,1,6,11,6,1,0,0,0,15300,7.25,16389,226,47,22.6,1530.0
0,13,2,0,3,8,6,0,0,1,0,14572,7.07,16465,211,49,-2143,-9,21.1,1457.2,24,2,1,8,3,7,1,1,1,1,17581,6.76,19012,197,62,19.7,1758.1
1,30,2,1,8,2,6,1,0,1,1,16229,7.44,20778,219,63,619,-1785,21.9,1622.9,23,4,0,2,8,5,0,0,0,1,14695,6.75,15980,156,61,15.6,1469.5
0,20,1,1,9,7,6,0,0,1,0,15217,7.26,16717,202,53,1073,-1446,20.2,1521.7,16,3,0,7,9,9,1,0,0,1,16750,7.11,18201,214,52,21.4,1675.0
1,21,6,1,6,5,4,1,0,0,1,16614,7.01,17568,229,35,2975,3038,22.9,1661.4,20,1,0,5,6,6,0,0,0,2,15316,6.9,17696,195,43,19.5,1531.6
0,26,1,1,6,5,4,1,1,0,0,13650,6.25,14253,199,57,-11,-544,19.9,1365.0,18,2,0,5,6,10,1,1,0,1,15512,7.92,18971,237,66,23.7,1551.2
0,16,0,0,4,9,5,1,0,0,1,14755,6.89,16210,238,57,-3215,-748,23.8,1475.5,20,1,1,9,4,8,1,1,0,1,15889,6.96,19969,198,50,19.8,1588.9
0,19,5,0,5,9,7,1,1,0,2,16861,6.45,15394,232,57,933,1214,23.2,1686.1,7,4,1,9,5,6,0,0,1,0,16807,7.0,18184,255,50,25.5,1680.7
1,21,4,1,7,3,13,1,0,1,2,17012,6.98,20767,217,75,3563,512,21.7,1701.2,8,4,0,3,7,6,0,0,0,0,15539,7.35,15331,220,57,22.0,1553.9
1,17,4,0,5,5,13,1,0,0,1,20235,7.05,19439,266,76,3558,2713,26.6,2023.5,19,1,1,5,5,2,0,0,0,0,14466,6.72,16257,203,65,20.3,1446.6
1,22,2,1,9,7,8,0,0,0,0,18073,7.44,17780,215,40,112,-885,21.5,1807.3,11,3,0,7,9,7,0,0,0,0,17519,6.85,20322,221,43,22.1,1751.9
1,20,1,0,11,3,12,2,1,0,1,18952,7.13,18662,275,75,3390,4249,27.5,1895.2,20,2,1,3,11,0,0,0,0,0,12938,6.9,16042,180,35,18.0,1293.8
1,17,2,0,5,5,6,0,0,1,2,13718,6.89,15298,198,45,-231,-81,19.8,1371.8,26,4,1,5,5,5,0,0,0,1,15833,6.36,16845,217,47,21.7,1583.3
1,19,0,0,7,3,9,0,1,0,2,18414,6.72,17549,221,49,2168,1442,22.1,1841.4,11,3,1,3,7,5,1,1,1,0,14020,6.66,16419,215,61,21.5,1402.0
0,15,2,0,5,6,5,1,1,0,2,16077,7.04,17810,178,53,490,-273,17.8,1607.7,24,2,1,6,5,7,2,1,0,0,17001,7.05,18794,242,55,24.2,1700.1
1,17,3,1,9,7,8,0,1,1,0,15887,7.26,19266,213,49,1680,904,21.3,1588.7,21,3,0,7,9,6,1,0,0,1,16654,7.44,16984,260,51,26.0,1665.4
0,17,2,1,0,10,1,0,0,0,0,11571,6.17,14324,263,51,-4021,-3437,26.3,1157.1,29,5,0,10,0,13,1,1,1,0,20676,7.09,18618,246,74,24.6,2067.6
0,17,1,1,6,12,5,0,0,0,1,16849,6.97,14459,202,51,-2071,-327,20.2,1684.9,30,3,0,12,6,11,1,0,0,1,18685,6.99,17276,223,70,22.3,1868.5
1,21,3,0,8,6,7,1,0,0,1,16238,7.51,18234,237,72,1258,372,23.7,1623.8,25,1,1,6,8,4,0,1,0,1,15644,6.66,17297,221,65,22.1,1564.4
0,29,0,0,3,10,4,0,0,0,0,13928,6.42,17362,191,45,-3880,-2505,19.1,1392.8,26,1,1,10,3,8,1,0,1,2,18303,7.4,19332,220,48,22.0,1830.3
1,20,4,0,9,2,9,1,0,0,0,16041,7.4,20532,222,68,750,-843,22.2,1604.1,20,5,1,2,9,2,0,0,0,2,14631,7.22,18422,195,53,19.5,1463.1
0,25,3,1,7,5,6,1,1,1,0,16880,7.12,21666,233,56,2160,703,23.3,1688.0,20,3,0,5,7,3,0,1,0,0,14557,6.93,15693,229,59,22.9,1455.7
0,23,1,1,2,7,5,1,1,0,2,15164,6.3,17320,231,64,-723,-1150,23.1,1516.4,21,4,0,7,2,8,1,0,0,1,15234,7.25,15787,208,63,20.8,1523.4
0,18,2,0,4,7,4,1,0,1,0,14971,6.79,15253,202,53,-2798,-1964,20.2,1497.1,27,0,1,7,4,6,1,2,0,0,19383,7.07,19788,242,59,24.2,1938.3
1,20,3,1,5,6,3,0,0,0,1,14404,6.6,17240,235,50,-1346,-1916,23.5,1440.4,15,2,0,6,5,8,0,1,0,1,16548,7.21,17417,221,33,22.1,1654.8
0,18,2,1,3,5,8,0,0,0,0,12167,6.21,15310,194,67,-1300,-969,19.4,1216.7,33,3,0,5,3,8,1,1,0,1,18026,7.05,17670,222,71,22.2,1802.6
1,21,1,1,8,6,4,0,0,1,1,16700,6.95,18979,216,45,-367,-5,21.6,1670.0,16,2,0,6,8,2,1,1,0,1,18065,7.28,16953,211,56,21.1,1806.5
1,17,2,0,7,5,10,0,1,0,0,15838,7.06,19481,214,54,2550,-2,21.4,1583.8,21,1,1,5,7,8,1,0,0,1,18119,7.24,17736,261,73,26.1,1811.9
0,17,3,1,5,4,2,0,0,1,0,14433,7.52,16877,224,59,245,-1995,22.4,1443.3,22,3,0,4,5,7,0,1,0,1,16916,7.47,20110,243,56,24.3,1691.6
1,23,2,0,10,3,6,2,1,1,2,18849,7.27,20646,246,71,2816,1331,24.6,1884.9,24,0,1,3,10,5,0,0,0,0,14547,6.44,11492,196,49,19.6,1454.7
0,9,0,0,5,12,4,1,0,0,0,15393,6.29,18129,243,40,-1874,-1423,24.3,1539.3,16,3,1,12,5,6,1,0,0,0,15645,7.05,17995,187,52,18.7,1564.5
1,30,3,0,10,0,10,1,1,0,2,19661,7.09,17779,256,50,1259,249,25.6,1966.1,17,1,1,0,10,5,1,1,0,0,14534,6.66,18296,195,23,19.5,1453.4
0,29,3,0,4,8,5,2,0,0,0,11956,7.01,17587,209,44,-1704,-1864,20.9,1195.6,27,6,1,8,4,8,0,1,0,0,20531,6.69,18149,242,57,24.2,2053.1
0,21,5,0,6,9,9,0,1,0,1,16464,7.58,17864,211,57,931,698,21.1,1646.4,24,1,1,9,6,7,0,0,0,1,15500,6.74,16910,203,46,20.3,1550.0
1,26,4,1,6,2,6,0,0,1,1,17545,7.51,18419,228,57,3168,3172,22.8,1754.5,18,3,0,2,6,2,0,0,0,1,16271,6.82,15365,219,44,21.9,1627.1
1,28,1,1,7,4,11,1,1,0,0,16819,7.33,17236,222,63,2352,1085,22.2,1681.9,18,1,0,4,7,4,0,0,1,0,14981,7.13,18127,222,52,22.2,1498.1
1,13,5,1,6,8,1,1,0,0,0,16880,6.65,17456,213,66,-2481,-1617,21.3,1688.0,13,2,0,8,6,8,1,1,0,0,17394,7.15,17961,217,55,21.7,1739.4
1,26,4,1,8,6,5,1,0,1,1,17571,6.86,19118,253,62,1301,2319,25.3,1757.1,24,0,0,6,8,4,1,1,0,1,17850,7.13,15307,176,49,17.6,1785.0
1,19,0,1,4,9,6,1,1,0,0,16979,7.18,20916,247,57,1869,268,24.7,1697.9,21,3,0,9,4,4,1,0,1,0,13148,6.91,16741,237,56,23.7,1314.8
0,30,0,0,4,3,2,0,0,0,0,14686,6.84,15720,243,58,-1526,-1018,24.3,1468.6,16,1,1,3,4,5,1,1,1,1,18108,7.59,19649,240,47,24.0,1810.8
1,20,2,1,5,5,9,1,0,1,0,18409,6.51,19858,207,53,530,1187,20.7,1840.9,12,0,0,5,5,4,0,0,0,0,16319,6.78,15572,198,32,19.8,1631.9
1,28,4,0,13,1,8,1,0,1,2,16859,6.93,21695,261,60,3936,2532,26.1,1685.9,18,3,1,1,13,4,0,0,0,0,14005,5.99,16273,186,36,18.6,1400.5
1,20,0,0,8,5,9,2,1,0,1,18329,6.93,17635,209,53,1480,-103,20.9,1832.9,23,1,1,5,8,5,1,0,0,0,15769,6.58,16876,216,51,21.6,1576.9
0,32,2,0,8,5,9,1,0,0,1,16230,7.06,19562,235,59,962,-50,23.5,1623.0,14,4,1,5,8,2,0,1,1,0,15788,6.98,15798,213,48,21.3,1578.8
1,19,4,0,7,4,6,0,0,1,0,17006,6.85,16599,223,73,2427,1415,22.3,1700.6,15,1,1,4,7,2,0,0,0,0,18119,6.46,15852,239,45,23.9,1811.9
0,23,0,1,1,7,2,0,0,0,0,16021,6.66,18212,212,56,-2896,-2563,21.2,1602.1,19,2,0,7,1,9,0,1,0,1,16967,6.81,20054,237,86,23.7,1696.7
1,24,3,1,6,3,7,0,1,0,0,18650,7.11,17886,251,68,2001,1228,25.1,1865.0,16,0,0,3,6,0,0,1,0,0,15454,6.92,16086,205,47,20.5,1545.4
0,20,3,0,5,13,7,1,1,0,0,15446,6.78,15190,204,36,-1929,-961,20.4,1544.6,26,3,1,13,5,9,1,1,0,1,19423,7.14,15379,264,61,26.4,1942.3
0,20,0,0,4,4,2,0,1,0,0,16058,7.06,16654,200,45,-1400,350,20.0,1605.8,25,1,1,4,4,6,1,1,1,0,17411,6.76,17125,213,71,21.3,1741.1
1,21,1,1,12,4,4,0,1,1,2,19182,7.06,20478,234,80,3312,3099,23.4,1918.2,14,2,0,4,12,0,1,0,0,1,14898,6.78,13315,147,29,14.7,1489.8
0,7,1,1,6,4,4,1,0,0,1,17267,6.88,16063,241,54,775,-1917,24.1,1726.7,20,3,0,4,6,7,1,1,0,0,17659,6.62,17591,201,55,20.1,1765.9
0,24,0,0,5,8,2,0,1,0,0,16093,6.79,18226,218,41,-791,-1694,21.8,1609.3,17,1,1,8,5,1,0,1,0,1,15588,7.44,17891,228,66,22.8,1558.8
1,20,2,1,9,8,4,1,1,1,1,18916,7.43,19490,215,72,3116,-398,21.5,1891.6,19,2,0,8,9,4,0,0,1,0,15878,6.66,17076,230,63,23.0,1587.8
0,24,2,0,3,10,4,1,0,0,1,13949,6.66,16453,216,33,-472,-2298,21.6,1394.9,22,2,1,10,3,12,2,0,0,1,18157,6.68,17179,248,61,24.8,1815.7
1,21,0,0,4,4,2,0,0,0,0,16073,6.49,15532,230,57,-2058,-486,23.0,1607.3,17,3,1,4,4,7,1,0,0,0,17765,7.35,17204,268,47,26.8,1776.5
1,28,4,1,11,3,9,2,0,0,0,18083,7.19,20149,290,50,1431,2982,29.0,1808.3,25,3,0,3,11,5,1,0,1,0,14188,6.43,14898,229,46,22.9,1418.8
0,24,2,0,10,6,3,1,0,1,1,15600,6.9,18810,199,63,-444,-602,19.9,1560.0,25,3,1,6,10,6,0,0,0,0,16142,6.91,18482,230,56,23.0,1614.2
0,5,2,1,5,12,10,0,0,0,1,14295,6.53,16168,204,45,-3621,-2029,20.4,1429.5,20,1,0,12,5,9,1,1,0,0,18464,8.04,19904,244,60,24.4,1846.4
1,24,2,1,1,5,10,1,0,0,2,19011,7.54,18142,212,66,199,-298,21.2,1901.1,21,0,0,5,1,8,1,0,0,0,15251,7.11,17272,245,60,24.5,1525.1
0,17,3,0,3,7,3,1,1,0,0,16558,6.6,16468,240,46,-599,-855,24.0,1655.8,30,2,1,7,3,3,1,0,1,1,17194,6.35,18272,190,62,19.0,1719.4
1,29,5,1,10,6,7,1,0,0,3,18506,7.38,19846,227,48,1329,2486,22.7,1850.6,22,3,0,6,10,0,1,0,0,0,15263,6.44,14831,216,53,21.6,1526.3
0,22,1,0,2,11,4,1,0,0,1,15180,6.1,16981,202,46,-1193,-531,20.2,1518.0,22,2,1,11,2,8,0,1,0,1,16788,6.99,16457,233,74,23.3,1678.8
1,25,4,0,6,5,10,1,0,1,1,17471,6.87,20042,240,48,2777,1460,24.0,1747.1,20,2,1,5,6,3,0,1,1,1,15184,6.6,14886,204,52,20.4,1518.4
1,22,4,1,9,1,8,1,1,0,1,19178,7.16,20395,232,64,4366,1361,23.2,1917.8,18,0,0,1,9,1,0,0,0,1,14731,6.0,16254,188,34,18.8,1473.1
1,14,2,1,5,2,1,0,0,0,1,15254,6.56,14150,237,46,-340,-640,23.7,1525.4,25,1,0,2,5,12,2,0,0,0,17604,7.03,18271,222,52,22.2,1760.4
1,17,4,1,7,4,2,1,1,0,2,17551,7.21,17839,259,67,-881,-1647,25.9,1755.1,23,2,0,4,7,8,1,1,0,1,17128,6.71,16594,216,51,21.6,1712.8
1,12,1,1,6,2,7,1,0,1,0,16521,7.35,17452,202,49,-1140,738,20.2,1652.1,12,1,0,2,6,5,1,0,0,1,15961,6.79,17326,235,41,23.5,1596.1
0,15,1,1,3,8,2,1,0,0,0,16540,5.99,14959,226,43,-1759,-567,22.6,1654.0,30,1,0,8,3,6,0,0,0,1,16719,6.32,19739,225,54,22.5,1671.9
0,13,1,1,5,7,7,0,0,0,0,16308,6.89,16081,246,49,-958,-210,24.6,1630.8,16,4,0,7,5,9,0,1,0,0,15929,6.76,16772,238,64,23.8,1592.9
0,12,3,1,7,11,0,1,1,0,0,17473,7.19,16263,206,61,-780,-1003,20.6,1747.3,15,3,0,11,7,7,0,0,0,0,16850,7.04,18696,208,55,20.8,1685.0
1,20,1,0,6,9,7,1,1,0,1,18817,6.93,14854,231,56,43,-903,23.1,1881.7,23,3,1,9,6,5,1,0,1,0,13864,6.24,19373,238,44,23.8,1386.4
1,23,1,1,8,4,5,1,1,0,1,19294,6.86,17192,245,37,-772,1305,24.5,1929.4,16,3,0,4,8,8,1,0,0,0,13855,6.91,16507,226,61,22.6,1385.5
1,20,5,1,6,6,2,1,1,0,0,18074,6.76,19146,207,78,1323,1955,20.7,1807.4,20,1,0,6,6,6,1,0,0,1,15790,6.86,17785,256,44,25.6,1579.0
1,18,5,0,3,7,7,1,0,0,0,19323,5.91,17722,208,65,2345,994,20.8,1932.3,17,0,1,7,3,5,1,0,0,0,14795,6.81,17086,220,53,22.0,1479.5
0,14,1,1,4,4,6,0,0,0,0,14511,6.76,14987,208,47,1674,439,20.8,1451.1,28,1,0,4,4,4,1,0,1,1,16466,7.61,18125,234,67,23.4,1646.6
1,17,0,1,7,5,3,0,1,0,1,14634,6.16,15429,213,31,-2170,-692,21.3,1463.4,16,3,0,5,7,10,0,1,0,0,15734,6.77,19305,235,67,23.5,1573.4
0,16,5,1,2,5,7,1,1,0,0,16521,6.79,20387,209,55,1789,1842,20.9,1652.1,22,1,0,5,2,4,1,0,0,1,16914,7.12,16556,242,37,24.2,1691.4
0,20,3,1,6,11,2,0,0,0,0,17190,7.34,17716,259,51,513,-904,25.9,1719.0,19,2,0,11,6,7,0,0,0,1,18084,6.61,16865,252,54,25.2,1808.4
0,12,2,1,6,8,0,0,0,0,0,15821,7.0,17259,219,48,-1015,-911,21.9,1582.1,18,2,0,8,6,7,0,0,0,1,18598,6.77,19352,232,71,23.2,1859.8
1,24,2,1,11,2,6,1,0,0,0,17122,6.66,18005,213,62,153,577,21.3,1712.2,30,1,0,2,11,6,2,0,0,0,13619,6.67,18743,214,62,21.4,1361.9
0,14,0,0,1,9,0,0,0,0,0,15115,6.49,12796,211,50,-3747,-4046,21.1,1511.5,20,6,1,9,1,12,1,1,0,1,19203,7.52,21153,281,55,28.1,1920.3
0,20,1,1,4,9,1,1,1,1,0,15271,7.17,14315,200,72,-2217,-659,20.0,1527.1,13,1,0,9,4,7,1,0,0,2,18073,7.18,18233,206,73,20.6,1807.3
0,24,3,1,9,6,7,1,0,0,1,15440,6.73,15701,201,41,-745,-3484,20.1,1544.0,22,1,0,6,9,6,1,0,0,1,16010,6.97,18299,228,60,22.8,1601.0
0,20,1,0,3,7,5,0,1,0,0,15926,6.84,15495,217,61,-990,705,21.7,1592.6,18,2,1,7,3,9,0,0,0,1,17995,7.6,21463,285,70,28.5,1799.5
1,27,3,1,12,4,13,2,1,0,1,19191,7.45,18362,210,54,2649,3002,21.0,1919.1,20,3,0,4,12,2,0,1,0,0,14027,6.44,16939,219,46,21.9,1402.7
1,10,2,1,7,9,7,1,1,1,0,16013,6.95,17358,216,62,349,428,21.6,1601.3,18,1,0,9,7,7,1,0,0,1,18342,7.12,19684,238,59,23.8,1834.2
1,18,1,0,6,8,8,1,1,1,0,16228,6.82,19047,201,56,1103,76,20.1,1622.8,20,0,1,8,6,5,1,1,0,0,15638,6.04,18655,219,48,21.9,1563.8
0,25,4,0,6,6,3,0,0,1,1,16566,7.57,18564,223,58,-982,-923,22.3,1656.6,15,5,1,6,6,7,0,1,0,0,16285,7.28,16010,242,73,24.2,1628.5
0,23,3,0,6,6,1,1,0,1,1,15670,7.44,16808,216,64,-413,-406,21.6,1567.0,17,2,1,6,6,7,0,1,1,1,18524,7.34,17858,221,62,22.1,1852.4
0,27,2,0,8,8,9,0,0,0,0,13094,6.64,15640,202,35,-2041,-2782,20.2,1309.4,22,5,1,8,8,9,2,0,1,1,17862,7.52,20354,238,61,23.8,1786.2
0,28,3,1,1,9,7,0,1,0,2,14654,6.75,17761,190,39,546,-1126,19.0,1465.4,20,3,0,9,1,8,2,1,0,0,17177,7.12,17913,230,40,23.0,1717.7
0,20,0,0,3,7,8,1,0,1,0,13729,6.83,16574,231,52,-1931,-663,23.1,1372.9,21,0,1,7,3,8,2,0,0,0,17245,7.39,19279,227,51,22.7,1724.5
1,18,1,0,5,2,2,0,0,0,0,14677,7.53,17239,211,34,-152,301,21.1,1467.7,11,2,1,2,5,8,0,0,0,2,16448,6.91,18007,196,69,19.6,1644.8
0,10,0,0,0,13,3,0,0,0,0,13415,6.38,15012,183,45,-4234,-4903,18.3,1341.5,26,4,1,13,0,9,1,1,0,1,21012,7.39,21792,268,59,26.8,2101.2
0,15,2,0,6,10,4,0,0,0,0,14529,7.0,17054,172,51,-1404,-505,17.2,1452.9,22,4,1,10,6,14,1,1,0,2,17917,7.76,18522,224,61,22.4,1791.7
1,21,3,1,8,2,12,2,0,0,1,19288,6.98,20595,263,48,2865,1858,26.3,1928.8,17,3,0,2,8,6,0,0,0,1,16437,6.11,15007,195,34,19.5,1643.7
1,19,3,0,9,8,9,1,0,0,1,17842,7.29,18653,224,67,1653,1452,22.4,1784.2,22,2,1,8,9,0,0,1,1,0,14824,6.43,15685,211,49,21.1,1482.4
1,18,4,0,9,2,8,1,0,0,1,18298,7.79,20321,229,70,2100,1404,22.9,1829.8,19,1,1,2,9,3,0,1,1,1,14803,6.52,15730,185,48,18.5,1480.3
1,25,0,0,11,6,9,2,1,1,2,18670,7.61,15626,268,52,2092,640,26.8,1867.0,16,1,1,6,11,4,0,0,0,0,12652,6.66,14049,201,31,20.1,1265.2
1,30,1,0,7,2,6,1,0,0,0,18340,7.53,18562,211,66,2540,577,21.1,1834.0,25,0,1,2,7,4,0,0,0,2,16404,6.71,19574,208,61,20.8,1640.4
0,24,2,1,6,8,7,1,0,0,0,15014,6.73,17779,216,50,-882,-1256,21.6,1501.4,19,1,0,8,6,9,1,0,0,1,17064,6.73,16879,204,47,20.4,1706.4
0,16,2,0,3,7,2,0,0,0,0,15672,6.47,14752,226,32,-3072,459,22.6,1567.2,18,3,1,7,3,5,1,1,0,1,19510,7.24,20286,248,46,24.8,1951.0
1,27,1,0,6,3,7,2,1,0,1,18540,7.55,20495,237,74,3455,1179,23.7,1854.0,18,0,1,3,6,3,1,0,1,1,14595,6.98,14667,202,49,20.2,1459.5
1,22,4,1,10,8,6,0,1,0,0,17814,6.68,14794,220,56,-268,-264,22.0,1781.4,24,2,0,8,10,6,0,0,0,1,15384,7.07,17829,243,46,24.3,1538.4
1,25,6,1,10,0,13,1,1,1,1,17561,8.06,18369,259,85,4274,4915,25.9,1756.1,21,4,0,0,10,7,1,0,0,0,13070,5.85,13733,198,38,19.8,1307.0
1,19,2,0,4,5,5,1,1,0,2,16719,7.17,17102,224,44,-950,1154,22.4,1671.9,18,1,1,5,4,5,1,1,1,1,14806,6.96,18167,228,68,22.8,1480.6
1,23,1,0,8,1,9,1,1,1,1,19860,8.08,16752,240,65,3757,2783,24.0,1986.0,16,2,1,1,8,0,0,0,0,1,12734,6.12,15416,173,35,17.3,1273.4
0,23,2,1,7,15,8,0,1,0,1,15427,6.7,17343,230,57,637,-570,23.0,1542.7,23,1,0,15,7,4,1,0,1,0,18086,7.06,17137,180,43,18.0,1808.6
0,23,3,0,8,4,10,2,0,0,1,17745,6.91,20932,256,74,1738,2102,25.6,1774.5,19,2,1,4,8,8,0,0,0,0,15561,6.46,17934,221,53,22.1,1556.1
1,20,2,1,13,3,8,0,1,0,1,17990,7.57,19692,235,59,2904,2646,23.5,1799.0,14,3,0,3,13,5,0,0,0,0,14231,6.05,17103,194,28,19.4,1423.1
0,14,4,0,5,9,1,0,0,0,1,14633,6.74,15230,223,55,-2608,-1376,22.3,1463.3,21,3,1,9,5,9,1,0,1,1,16598,6.88,18181,232,73,23.2,1659.8
0,21,2,0,4,3,5,1,0,0,0,16689,6.45,18172,258,44,-192,-853,25.8,1668.9,17,3,1,3,4,5,1,0,0,2,18579,6.98,15744,186,59,18.6,1857.9
0,20,5,0,2,10,2,0,0,0,0,14428,6.93,13277,225,62,-2804,-1180,22.5,1442.8,18,2,1,10,2,7,1,0,0,1,16203,7.01,20280,227,58,22.7,1620.3
0,16,3,0,3,10,2,0,0,0,1,16673,7.21,16467,204,23,-1141,-2401,20.4,1667.3,21,3,1,10,3,7,1,0,0,1,19776,6.91,17842,244,46,24.4,1977.6
1,16,3,1,9,1,9,1,0,0,1,16199,7.7,18328,209,72,1362,2101,20.9,1619.9,21,1,0,1,9,3,1,0,0,0,14206,6.78,15270,186,31,18.6,1420.6
0,26,3,0,5,12,8,1,0,0,2,13918,6.83,15241,208,46,-120,1,20.8,1391.8,22,1,1,12,5,8,0,0,1,1,16649,6.87,16211,234,44,23.4,1664.9
1,25,4,1,6,6,6,0,1,0,0,15303,6.48,17013,205,40,-563,157,20.5,1530.3,16,2,0,6,6,7,0,0,0,1,14183,6.4,16272,199,53,19.9,1418.3
1,11,4,0,5,2,7,1,0,0,1,17049,6.82,18253,219,78,580,1429,21.9,1704.9,14,2,1,2,5,2,1,1,0,0,17700,7.04,17547,235,49,23.5,1770.0
0,23,1,0,7,11,0,0,0,0,0,14185,6.11,15432,224,39,-3332,-1455,22.4,1418.5,20,4,1,11,7,8,2,1,0,0,18732,8.0,17630,237,54,23.7,1873.2
1,22,2,0,8,1,6,1,1,0,1,18724,6.96,21519,260,62,2431,788,26.0,1872.4,7,1,1,1,8,5,0,0,0,0,14833,7.29,16350,200,42,20.0,1483.3
0,20,0,1,2,3,7,1,0,0,1,14617,6.9,16725,254,61,187,-981,25.4,1461.7,25,2,0,3,2,11,1,0,0,0,16891,7.01,20064,230,39,23.0,1689.1
1,27,0,1,5,4,4,1,1,0,1,17123,6.75,17773,211,63,2181,-1863,21.1,1712.3,15,1,0,4,5,4,0,0,0,1,16945,6.95,17339,241,63,24.1,1694.5
1,30,3,1,7,4,6,1,0,0,1,16910,6.47,17512,224,65,1972,-483,22.4,1691.0,26,4,0,4,7,8,1,0,0,0,16191,6.44,16110,192,60,19.2,1619.1
1,28,2,1,13,0,7,1,2,0,1,19978,6.91,18369,202,66,1842,2399,20.2,1997.8,20,1,0,0,13,2,0,0,0,0,17397,6.5,15977,208,48,20.8,1739.7
0,21,1,0,5,5,7,0,1,0,0,15746,7.39,19773,239,47,1407,349,23.9,1574.6,26,0,1,5,5,2,1,1,0,1,17731,6.89,18393,214,53,21.4,1773.1
0,9,2,0,1,8,1,0,0,0,0,14040,6.63,16113,231,47,-3263,-3377,23.1,1404.0,32,3,1,8,1,12,1,0,1,2,18770,7.43,19603,225,56,22.5,1877.0
1,10,2,1,8,5,5,1,0,0,0,16803,6.55,15660,200,77,-26,1196,20.0,1680.3,14,2,0,5,8,6,1,0,0,1,17371,7.09,18293,217,56,21.7,1737.1
1,25,5,0,8,7,10,1,1,0,1,18430,7.14,18063,264,63,-262,474,26.4,1843.0,9,3,1,7,8,6,0,1,0,0,13599,7.05,18019,205,37,20.5,1359.9
0,25,1,1,5,9,8,0,1,0,0,15649,6.65,15530,214,46,-2459,-1180,21.4,1564.9,23,5,0,9,5,8,0,1,0,1,21023,7.33,18213,227,74,22.7,2102.3
1,16,1,0,7,6,7,0,0,0,0,15430,6.84,17920,239,52,1149,1564,23.9,1543.0,18,1,1,6,7,2,1,0,0,0,18002,7.32,18081,242,57,24.2,1800.2
0,18,0,1,3,3,6,0,0,1,0,18456,6.71,13749,193,53,-76,-894,19.3,1845.6,19,2,0,3,3,5,0,1,0,1,17863,7.25,18307,228,63,22.8,1786.3
0,15,2,1,1,9,2,0,1,0,1,14872,7.04,13593,217,36,-2790,-2304,21.7,1487.2,23,3,0,9,1,11,0,1,0,0,18009,8.12,21403,240,39,24.0,1800.9
1,18,4,1,4,2,7,1,1,1,1,19146,6.76,18148,253,71,1830,-108,25.3,1914.6,13,0,0,2,4,7,0,0,0,0,15595,6.34,16428,221,55,22.1,1559.5
0,24,1,0,4,3,2,0,0,0,1,16152,6.83,17686,200,45,-1503,-1105,20.0,1615.2,16,4,1,3,4,5,0,0,0,0,19215,7.34,17925,204,54,20.4,1921.5
0,20,0,0,4,9,8,0,0,0,0,16003,6.64,16812,224,57,-744,-3125,22.4,1600.3,16,5,1,9,4,8,0,0,1,1,17646,7.37,18695,214,68,21.4,1764.6
0,18,4,0,4,4,5,1,0,0,0,16099,6.35,15306,221,80,820,-1031,22.1,1609.9,22,1,1,4,4,8,0,1,2,1,17458,6.55,17561,224,72,22.4,1745.8
1,36,0,1,9,3,7,2,0,1,0,16039,7.57,19723,236,56,1465,915,23.6,1603.9,20,3,0,3,9,0,0,0,0,0,15118,6.7,15884,207,54,20.7,1511.8
0,13,3,0,4,5,5,0,0,1,1,15165,7.34,17091,248,50,81,153,24.8,1516.5,15,2,1,5,4,7,1,1,0,1,15153,7.16,19038,233,66,23.3,1515.3
0,23,1,1,5,4,8,0,0,0,0,17048,6.95,17229,222,59,488,859,22.2,1704.8,20,1,0,4,5,5,0,0,0,1,18778,6.61,15211,225,47,22.5,1877.8
0,14,2,0,4,10,4,0,1,0,0,17959,7.11,15792,231,62,-1150,-397,23.1,1795.9,21,2,1,10,4,8,1,0,1,1,19142,6.6,16876,203,60,20.3,1914.2
1,20,4,1,7,4,5,1,0,0,1,15979,6.84,20037,248,48,1402,296,24.8,1597.9,17,1,0,4,7,6,0,1,0,0,16889,6.84,18592,221,60,22.1,1688.9
1,23,3,0,10,2,3,0,1,1,1,19168,7.5,18902,200,69,196,2581,20.0,1916.8,19,1,1,2,10,2,0,0,0,0,15296,6.24,15551,220,47,22.0,1529.6
1,26,2,0,4,3,7,0,0,1,1,18627,7.05,19745,227,63,1260,1349,22.7,1862.7,15,1,1,3,4,3,0,1,0,1,13849,6.75,14709,197,51,19.7,1384.9
1,20,4,0,9,5,8,1,0,0,0,18177,6.82,18020,218,47,1858,1252,21.8,1817.7,24,3,1,5,9,8,0,0,0,0,18394,6.97,15189,202,41,20.2,1839.4
1,19,3,1,8,4,6,1,0,1,0,16728,7.01,16022,220,53,412,1410,22.0,1672.8,18,1,0,4,8,2,0,0,0,0,13959,6.79,16343,169,49,16.9,1395.9
0,16,7,1,4,7,1,0,1,0,0,14902,6.56,16181,190,59,-1678,-868,19.0,1490.2,32,3,0,7,4,6,0,1,0,1,17873,7.15,20621,235,47,23.5,1787.3
0,13,0,1,4,6,1,0,0,0,0,13036,6.85,17087,200,44,-2095,-1556,20.0,1303.6,21,4,0,6,4,6,1,1,0,1,17027,7.06,18381,221,69,22.1,1702.7
1,23,0,0,6,6,5,1,0,0,0,18656,6.02,15324,181,36,44,-127,18.1,1865.6,19,1,1,6,6,7,0,0,0,0,17474,6.68,16136,236,69,23.6,1747.4
1,20,3,0,3,6,2,0,0,0,1,18263,6.57,17914,199,47,-2120,-1297,19.9,1826.3,21,1,1,6,3,8,1,1,0,1,18575,7.14,19652,223,59,22.3,1857.5
0,20,1,0,5,12,1,0,0,1,0,15254,7.06,15555,184,64,-2637,374,18.4,1525.4,20,3,1,12,5,7,1,1,1,1,17675,7.11,18378,286,56,28.6,1767.5
0,16,2,0,4,9,1,1,0,0,0,13719,6.4,16676,182,21,-4108,-3170,18.2,1371.9,19,3,1,9,4,8,1,0,1,1,17921,7.31,20076,268,61,26.8,1792.1
0,16,0,1,2,10,8,0,0,0,0,15009,6.12,16071,218,47,-3450,-2024,21.8,1500.9,13,1,0,10,2,10,1,0,0,1,16711,7.25,18434,254,56,25.4,1671.1
0,25,2,1,4,6,11,0,0,1,0,18060,7.19,16254,243,58,-1239,-1055,24.3,1806.0,14,1,0,6,4,11,1,2,0,1,18481,6.9,14781,237,56,23.7,1848.1
0,25,3,0,7,6,9,1,0,0,1,16603,7.09,16763,228,54,725,251,22.8,1660.3,24,5,1,6,7,9,1,0,0,1,17032,6.69,18437,197,59,19.7,1703.2
0,25,1,1,3,10,6,1,0,0,0,14530,6.43,18675,220,34,-739,-1135,22.0,1453.0,29,3,0,10,3,5,1,1,0,2,18317,7.72,19162,228,51,22.8,1831.7
1,22,2,0,5,7,1,1,1,0,1,17311,6.45,18621,205,51,-1035,-836,20.5,1731.1,24,4,1,7,5,6,1,0,0,0,16747,6.69,18279,217,60,21.7,1674.7
0,26,0,1,6,8,12,1,0,0,1,16188,7.04,17311,199,45,173,-1912,19.9,1618.8,21,2,0,8,6,5,2,1,1,2,18141,7.29,18414,257,48,25.7,1814.1
1,20,3,0,7,5,9,0,1,0,1,18236,7.04,20086,232,80,3299,956,23.2,1823.6,12,2,1,5,7,4,1,1,1,0,12670,6.79,15573,216,59,21.6,1267.0
1,19,4,1,8,3,3,0,0,0,0,16767,5.83,18499,217,42,76,623,21.7,1676.7,19,2,0,3,8,8,1,0,0,1,18176,6.97,15896,234,60,23.4,1817.6
1,27,0,0,7,5,14,1,0,0,1,16638,6.65,19892,241,65,1105,670,24.1,1663.8,25,1,1,5,7,7,1,1,0,1,12764,6.53,17120,227,56,22.7,1276.4
1,25,0,0,5,5,6,0,1,0,2,15889,6.82,19889,231,44,-605,-126,23.1,1588.9,16,1,1,5,5,10,1,1,0,0,13578,7.29,15800,203,57,20.3,1357.8
0,16,3,0,3,8,5,0,0,0,0,12242,7.18,17486,212,53,-724,-3585,21.2,1224.2,19,2,1,8,3,10,1,0,0,1,18848,6.83,20159,268,61,26.8,1884.8
1,15,0,1,7,14,5,0,0,1,2,15978,7.13,20062,256,50,-841,-493,25.6,1597.8,29,4,0,14,7,6,0,1,0,1,18765,7.81,15871,213,48,21.3,1876.5
0,17,3,0,4,5,5,0,1,1,0,14241,6.04,15349,206,42,-2511,-1048,20.6,1424.1,15,3,1,5,4,4,1,0,0,1,18939,7.27,19249,255,66,25.5,1893.9
0,16,2,0,7,6,7,1,1,0,1,15697,6.62,16619,232,67,-2053,1715,23.2,1569.7,20,0,1,6,7,8,1,0,1,0,18012,7.22,18141,242,63,24.2,1801.2
0,27,1,1,3,7,7,0,0,0,0,16546,7.22,19183,242,44,-293,-697,24.2,1654.6,30,4,0,7,3,9,1,1,0,1,18873,7.99,18962,218,73,21.8,1887.3
1,25,4,0,9,5,10,1,1,0,1,19082,6.59,18469,230,41,126,498,23.0,1908.2,14,1,1,5,9,10,0,0,0,1,15505,6.95,18551,222,54,22.2,1550.5
0,13,3,0,0,7,4,0,0,0,1,13114,6.82,15377,201,38,-4184,-3753,20.1,1311.4,21,1,1,7,0,12,2,1,0,1,16844,7.64,17185,242,68,24.2,1684.4
1,15,2,1,4,6,7,0,1,0,0,17905,6.6,16854,197,54,-505,-906,19.7,1790.5,19,1,0,6,4,6,0,0,0,1,17091,7.54,17517,217,60,21.7,1709.1
1,17,0,0,7,2,7,1,0,1,2,16564,6.91,18871,202,66,1620,822,20.2,1656.4,21,2,1,2,7,3,0,0,0,0,16197,7.11,18986,228,56,22.8,1619.7
1,19,4,0,6,5,5,0,1,0,0,17498,6.5,17801,247,41,1866,-209,24.7,1749.8,19,1,1,5,6,2,0,1,0,0,15871,7.06,17335,217,43,21.7,1587.1
0,18,0,1,4,8,2,0,0,0,1,14695,6.61,15377,216,47,-1306,-1865,21.6,1469.5,23,0,0,8,4,11,2,0,1,0,17121,7.39,16767,221,57,22.1,1712.1
1,26,2,1,4,5,5,1,0,1,0,15561,6.8,17761,236,42,616,-377,23.6,1556.1,19,0,0,5,4,4,0,0,0,0,16864,7.47,15949,225,70,22.5,1686.4
1,16,2,1,6,5,10,0,1,0,1,18269,6.81,18068,219,36,595,685,21.9,1826.9,24,3,0,5,6,4,1,0,0,1,15813,7.02,19778,204,43,20.4,1581.3
1,35,6,0,10,6,10,1,1,0,2,17707,7.98,19973,225,80,3793,1201,22.5,1770.7,26,1,1,6,10,0,0,0,0,1,13420,6.75,13586,245,42,24.5,1342.0
0,12,1,0,2,11,3,0,0,0,0,16082,6.82,14423,181,45,-1744,-1858,18.1,1608.2,27,2,1,11,2,15,1,0,1,2,18656,6.97,20280,211,78,21.1,1865.6
0,11,0,0,2,8,4,0,1,0,1,15917,6.37,15408,213,35,-2315,-269,21.3,1591.7,16,0,1,8,2,9,0,0,0,2,16966,7.82,19212,236,62,23.6,1696.6
1,34,6,1,11,1,9,2,1,0,2,21055,7.26,22344,244,67,6024,3485,24.4,2105.5,16,0,0,1,11,1,0,0,0,0,13216,6.75,14080,179,36,17.9,1321.6
0,26,3,1,8,7,3,0,1,0,0,15169,7.12,17201,206,45,-779,-2205,20.6,1516.9,29,4,0,7,8,8,0,0,0,1,16434,7.37,18758,226,62,22.6,1643.4
0,15,2,0,4,11,3,0,0,0,0,16502,6.04,17377,237,34,-3102,-2144,23.7,1650.2,20,5,1,11,4,8,2,0,0,1,18316,7.48,21412,227,67,22.7,1831.6
1,21,4,1,4,6,5,2,0,0,0,15711,6.59,16950,238,57,-1251,-989,23.8,1571.1,21,3,0,6,4,10,1,1,0,1,18272,6.77,17324,236,71,23.6,1827.2
0,16,3,1,1,17,2,0,0,0,0,11567,6.57,13620,177,55,-3372,-4361,17.7,1156.7,13,4,0,17,1,11,1,0,1,2,17906,7.32,19524,274,71,27.4,1790.6
1,21,1,1,6,6,6,1,0,0,0,16507,6.81,15735,244,66,-737,215,24.4,1650.7,20,2,0,6,6,6,0,0,0,0,15050,6.47,18259,223,57,22.3,1505.0
1,15,0,0,11,10,9,2,1,0,1,17286,6.86,17373,221,48,1961,689,22.1,1728.6,19,2,1,10,11,12,0,1,0,0,15594,6.9,15065,246,48,24.6,1559.4
0,6,3,0,4,13,0,0,1,0,0,15085,6.43,15128,225,42,-1323,-2408,22.5,1508.5,19,1,1,13,4,6,1,1,1,0,16860,6.58,18652,214,57,21.4,1686.0
0,15,1,0,5,6,3,0,0,0,1,16112,6.47,17210,230,45,-664,-640,23.0,1611.2,19,1,1,6,5,8,1,1,0,1,17125,7.24,16852,252,56,25.2,1712.5
1,31,2,1,12,4,9,0,0,0,0,17473,7.5,16711,186,65,555,491,18.6,1747.3,17,1,0,4,12,10,0,0,0,0,13484,7.02,16117,202,52,20.2,1348.4
0,26,0,0,0,11,3,0,0,0,0,12784,6.53,15342,196,49,-4206,-3086,19.6,1278.4,26,4,1,11,0,9,2,0,0,2,20737,6.95,19788,247,71,24.7,2073.7
0,16,2,0,4,11,5,1,0,0,0,13175,6.47,16020,209,37,-2113,-2763,20.9,1317.5,17,2,1,11,4,7,0,0,1,1,17775,7.22,19223,260,63,26.0,1777.5
0,15,2,1,9,7,8,1,0,0,1,16272,6.78,15442,206,57,-1371,-794,20.6,1627.2,21,0,0,7,9,7,0,0,0,1,16504,7.34,19218,223,58,22.3,1650.4
0,20,1,0,6,10,8,0,0,1,0,12687,6.96,16223,202,57,498,-997,20.2,1268.7,27,5,1,10,6,5,1,0,1,1,15843,6.77,17714,192,61,19.2,1584.3
0,22,0,0,4,3,9,0,1,0,0,18309,6.65,15997,212,56,-125,-358,21.2,1830.9,16,3,1,3,4,11,1,1,0,0,17117,6.36,14334,230,62,23.0,1711.7
0,20,3,1,1,7,8,0,0,0,1,14406,6.58,16097,201,39,-1379,-1746,20.1,1440.6,25,1,0,7,1,9,2,0,1,1,18692,6.89,19365,240,73,24.0,1869.2
1,8,2,0,3,5,6,1,0,0,0,17770,6.62,17289,202,64,-542,657,20.2,1777.0,19,2,1,5,3,7,0,0,1,1,15190,7.16,15160,199,34,19.9,1519.0
1,35,4,0,9,5,11,0,1,1,0,16003,7.41,18881,215,61,510,-1762,21.5,1600.3,23,2,1,5,9,7,1,0,0,1,17500,6.93,17418,200,43,20.0,1750.0
1,27,0,0,5,1,14,1,0,0,0,18882,7.18,15527,206,58,2642,2582,20.6,1888.2,13,0,1,1,5,5,1,0,0,0,14246,6.31,14201,233,46,23.3,1424.6
0,19,2,0,8,8,3,1,1,0,1,15820,6.5,19396,228,65,633,181,22.8,1582.0,18,2,1,8,8,5,0,0,0,0,15321,7.19,17556,230,58,23.0,1532.1
1,17,1,0,3,3,5,0,0,0,0,19151,6.75,15801,196,66,1123,604,19.6,1915.1,21,3,1,3,3,11,0,0,0,0,15290,7.22,18467,219,60,21.9,1529.0
0,22,1,0,8,8,4,0,0,0,0,14504,6.31,16664,177,71,-2501,-2565,17.7,1450.4,14,4,1,8,8,9,1,0,1,1,18235,7.57,17937,233,73,23.3,1823.5
0,23,4,1,4,7,8,0,0,1,0,15415,6.95,16365,258,60,352,1741,25.8,1541.5,18,2,0,7,4,2,0,0,1,1,15995,6.08,18585,235,42,23.5,1599.5
0,20,2,0,5,9,1,0,1,0,0,15160,7.46,17629,242,55,-441,537,24.2,1516.0,30,7,1,9,5,7,2,1,0,0,19400,6.44,16114,251,63,25.1,1940.0
0,22,2,0,8,5,3,1,0,0,0,16507,6.69,18495,245,39,589,298,24.5,1650.7,11,0,1,5,8,8,0,2,0,1,18262,7.09,20406,189,61,18.9,1826.2
1,22,3,0,7,1,9,0,1,0,1,17336,7.09,18296,242,68,1498,956,24.2,1733.6,12,2,1,1,7,4,0,0,0,0,13529,6.56,17112,236,54,23.6,1352.9
0,21,0,0,6,6,4,0,0,0,0,16845,6.46,17209,227,48,-123,-1277,22.7,1684.5,21,3,1,6,6,12,1,0,0,2,18221,7.03,18500,232,69,23.2,1822.1
1,26,1,0,8,5,10,1,1,0,0,17024,7.28,18283,287,63,2035,1656,28.7,1702.4,15,2,1,5,8,0,0,0,1,0,13622,6.29,17202,184,52,18.4,1362.2
1,25,4,0,10,5,14,1,0,0,1,17286,7.01,20818,200,48,2594,2366,20.0,1728.6,31,0,1,5,10,0,0,0,0,0,15886,6.24,13804,226,48,22.6,1588.6
1,23,2,0,10,5,4,1,0,0,0,16448,6.82,17294,238,50,1631,1760,23.8,1644.8,24,2,1,5,10,4,1,0,1,0,14471,6.92,14211,223,38,22.3,1447.1
0,25,3,1,3,9,10,0,1,0,0,15333,6.48,15131,237,46,-2688,-582,23.7,1533.3,15,2,0,9,3,5,1,1,0,0,17816,7.02,19224,224,62,22.4,1781.6
0,8,2,0,4,8,6,0,1,0,0,14050,6.38,14720,172,27,-5277,-3888,17.2,1405.0,17,3,1,8,4,13,1,0,0,2,19343,7.57,21801,221,54,22.1,1934.3
1,18,4,1,9,5,4,1,0,1,1,16563,7.1,19931,225,69,2351,2535,22.5,1656.3,17,1,0,5,9,4,0,0,0,1,16619,6.66,16491,190,71,19.0,1661.9
1,20,3,0,11,7,3,1,1,1,0,17554,6.9,16686,202,60,1020,-613,20.2,1755.4,20,1,1,7,11,3,0,0,0,0,14932,6.67,14835,228,54,22.8,1493.2
0,15,1,0,3,8,3,0,1,0,1,16312,7.0,16279,189,58,-1766,-195,18.9,1631.2,28,3,1,8,3,10,1,0,1,2,17059,7.78,18790,190,47,19.0,1705.9
1,20,2,0,7,4,6,0,0,0,1,18144,6.75,18570,200,61,2345,1645,20.0,1814.4,11,0,1,4,7,6,0,0,0,0,14987,6.15,18132,198,44,19.8,1498.7
1,25,3,0,4,6,6,2,0,0,1,14147,6.73,17801,216,65,-3043,-204,21.6,1414.7,25,2,1,6,4,9,1,0,0,2,17965,6.87,18886,233,54,23.3,1796.5
0,18,0,0,2,10,7,1,0,0,1,16259,7.19,18119,236,78,-2053,-1757,23.6,1625.9,23,4,1,10,2,4,0,0,0,1,15979,6.98,17993,238,74,23.8,1597.9
1,12,4,0,9,2,7,0,0,1,0,16416,7.41,16950,234,56,-95,-136,23.4,1641.6,21,2,1,2,9,3,0,1,0,1,15769,6.39,17856,227,40,22.7,1576.9
0,16,1,0,3,8,5,2,0,0,1,15338,6.67,12258,201,49,-2234,-1612,20.1,1533.8,15,0,1,8,3,6,2,0,0,1,16394,7.13,19522,231,64,23.1,1639.4
1,20,2,0,3,7,5,1,0,0,0,15527,7.09,15136,219,54,-444,532,21.9,1552.7,21,4,1,7,3,7,1,1,0,0,14529,7.28,15901,228,29,22.8,1452.9
1,22,2,1,7,6,9,1,1,0,1,17277,7.6,20709,231,54,2381,1653,23.1,1727.7,13,2,0,6,7,6,1,2,1,0,14654,6.62,17234,226,35,22.6,1465.4
0,23,2,0,5,8,11,1,1,0,2,15142,6.68,19904,252,40,-573,-45,25.2,1514.2,34,1,1,8,5,7,0,0,0,1,13585,6.45,17043,220,56,22.0,1358.5
0,25,1,1,11,6,3,0,0,1,0,18710,7.07,18601,226,59,4266,2598,22.6,1871.0,17,0,0,6,11,2,1,0,0,1,14783,6.47,16861,168,55,16.8,1478.3
1,22,3,0,9,3,8,1,0,1,1,17792,6.97,18621,249,69,1987,5006,24.9,1779.2,19,2,1,3,9,8,0,0,0,1,15586,6.53,16456,169,62,16.9,1558.6
0,14,3,1,6,11,7,1,1,1,1,17452,6.82,17565,291,56,403,426,29.1,1745.2,17,1,0,11,6,7,0,0,1,1,17321,6.79,15190,211,43,21.1,1732.1
0,13,0,0,0,14,1,0,0,0,0,15123,6.02,14460,196,35,-2310,-3351,19.6,1512.3,23,5,1,14,0,9,0,1,0,2,18773,7.41,20922,240,77,24.0,1877.3
0,15,0,1,3,8,5,0,0,0,0,14259,6.46,17671,175,60,-2301,-1486,17.5,1425.9,22,3,0,8,3,6,0,1,0,0,17271,7.21,19191,256,67,25.6,1727.1
1,20,4,0,12,4,11,1,0,1,0,16058,7.27,20044,277,64,187,1078,27.7,1605.8,20,2,1,4,12,7,0,0,0,1,13829,7.36,14966,226,60,22.6,1382.9
0,20,2,0,2,11,2,0,0,1,0,14865,6.37,13880,179,76,-4046,-2386,17.9,1486.5,27,2,1,11,2,10,1,0,1,1,19453,7.37,19855,222,61,22.2,1945.3
0,21,2,1,7,6,11,1,1,0,2,17657,6.86,15978,238,60,1214,-140,23.8,1765.7,27,2,0,6,7,6,0,1,0,0,16769,7.25,18532,265,67,26.5,1676.9
1,25,1,1,6,2,3,1,0,1,1,15836,6.71,18105,241,63,73,281,24.1,1583.6,19,3,0,2,6,8,0,0,0,0,17933,6.81,16568,235,62,23.5,1793.3
1,21,4,0,13,3,10,1,1,0,0,17518,7.54,21957,230,60,1977,1760,23.0,1751.8,15,1,1,3,13,4,0,1,0,1,12741,6.75,18434,193,43,19.3,1274.1
0,26,0,1,2,2,5,0,1,0,0,15279,6.21,17327,194,60,-899,-2339,19.4,1527.9,22,0,0,2,2,6,0,1,1,2,16814,6.77,16897,241,45,24.1,1681.4
0,22,1,0,6,8,5,0,0,0,0,17499,6.65,16955,243,40,-786,-246,24.3,1749.9,24,2,1,8,6,5,1,0,1,0,18736,7.44,17972,234,66,23.4,1873.6
0,20,0,0,4,8,8,0,0,1,2,15571,7.22,16930,215,56,1572,647,21.5,1557.1,17,1,1,8,4,6,0,0,0,0,18594,6.63,18204,204,72,20.4,1859.4
1,24,2,0,12,5,5,1,1,1,2,17668,6.87,16617,198,56,457,1990,19.8,1766.8,12,2,1,5,12,4,0,1,0,1,16876,7.8,16683,176,48,17.6,1687.6
1,16,0,1,7,9,8,1,1,0,1,16094,6.56,16176,237,60,237,343,23.7,1609.4,17,0,0,9,7,5,2,0,1,1,14617,6.82,19489,241,39,24.1,1461.7
0,12,4,0,5,6,13,1,0,0,0,19487,7.55,17833,242,65,1565,406,24.2,1948.7,25,1,1,6,5,0,0,0,1,0,15368,6.68,14187,184,51,18.4,1536.8
1,15,2,0,2,6,4,0,0,0,0,15853,6.44,17924,175,52,-1071,-649,17.5,1585.3,21,4,1,6,2,9,1,0,1,1,16499,6.78,18341,242,57,24.2,1649.9
1,24,1,1,8,6,5,0,1,0,0,17534,6.82,19256,239,69,524,-130,23.9,1753.4,19,2,0,6,8,7,0,0,0,0,17000,7.37,17409,219,67,21.9,1700.0
1,21,4,0,8,4,10,1,1,0,1,16904,6.89,19354,231,74,945,224,23.1,1690.4,16,0,1,4,8,4,0,0,1,0,15676,6.67,15596,222,53,22.2,1567.6
0,19,0,1,6,6,8,1,0,0,1,14851,6.63,16254,231,68,1130,-1448,23.1,1485.1,23,3,0,6,6,11,0,1,1,1,18947,6.19,19703,230,75,23.0,1894.7
1,17,2,0,8,7,4,0,0,0,0,18358,7.5,18508,279,69,2944,843,27.9,1835.8,13,0,1,7,8,3,1,1,0,1,17969,6.96,14961,198,55,19.8,1796.9
1,11,1,1,6,7,8,2,0,0,1,17492,6.41,21498,202,61,-676,80,20.2,1749.2,14,0,0,7,6,8,1,0,1,0,18193,7.54,18464,216,58,21.6,1819.3
1,29,4,1,10,3,10,1,0,1,1,16863,6.86,19438,235,69,1267,1311,23.5,1686.3,17,0,0,3,10,5,0,0,0,1,14504,6.52,15877,185,54,18.5,1450.4
1,19,3,1,5,6,6,1,1,1,1,16509,6.91,17313,222,61,-450,875,22.2,1650.9,19,3,0,6,5,3,1,1,0,0,16212,6.96,19953,216,53,21.6,1621.2
1,19,4,0,7,4,11,1,0,0,0,17647,7.17,16631,240,67,2195,926,24.0,1764.7,18,2,1,4,7,3,1,0,0,0,15345,6.59,19623,205,44,20.5,1534.5
0,15,2,0,3,6,1,0,0,0,0,13448,6.34,17650,200,50,-1945,-955,20.0,1344.8,27,2,1,6,3,5,0,1,0,0,18446,6.91,18675,187,48,18.7,1844.6
1,25,0,1,3,11,0,0,0,0,0,15126,6.96,17102,221,54,32,-2640,22.1,1512.6,20,4,0,11,3,6,1,1,0,1,15165,7.34,19049,205,59,20.5,1516.5
1,27,2,1,8,9,11,0,0,0,1,18298,7.35,18081,263,78,3499,130,26.3,1829.8,14,2,0,9,8,5,0,0,0,0,14709,6.96,14207,178,42,17.8,1470.9
1,16,5,0,6,9,5,1,0,0,1,17235,6.59,19123,267,68,84,1746,26.7,1723.5,16,1,1,9,6,1,1,1,0,0,13141,7.09,15557,198,55,19.8,1314.1
0,24,1,1,5,9,4,0,0,0,0,15627,6.43,14834,218,57,-3321,-2112,21.8,1562.7,31,3,0,9,5,11,1,0,0,1,18361,6.97,17034,221,66,22.1,1836.1
1,20,0,0,3,6,4,1,0,0,1,14392,6.85,19982,199,57,-1434,-199,19.9,1439.2,22,1,1,6,3,7,0,0,0,0,17000,6.69,17487,237,65,23.7,1700.0
0,12,1,0,2,13,3,0,0,0,0,13208,6.7,13985,214,42,-3358,-2907,21.4,1320.8,21,4,1,13,2,11,2,0,0,2,19396,7.3,19847,246,83,24.6,1939.6
0,17,2,0,3,7,6,0,0,0,1,13932,7.2,17797,181,43,-390,-1270,18.1,1393.2,26,2,1,7,3,3,2,0,0,2,16059,7.22,18143,235,40,23.5,1605.9
1,18,1,0,8,1,8,1,1,1,0,18749,7.41,20511,192,61,2221,1367,19.2,1874.9,19,4,1,1,8,8,0,0,0,1,16085,6.71,16417,201,40,20.1,1608.5
0,13,2,0,5,10,3,0,1,0,0,15958,6.68,16456,204,57,898,-215,20.4,1595.8,24,4,1,10,5,10,0,0,0,1,15171,7.0,16600,219,54,21.9,1517.1
1,24,1,1,5,3,6,0,1,0,1,15501,7.01,18252,202,59,-342,-1991,20.2,1550.1,26,0,0,3,5,3,1,0,1,0,17622,7.48,17072,229,50,22.9,1762.2
0,13,1,0,2,15,1,0,0,0,0,10742,6.24,16391,189,25,-5551,-4240,18.9,1074.2,22,2,1,15,2,15,2,0,0,2,18102,7.48,21515,273,70,27.3,1810.2
0,22,2,1,4,9,4,0,0,0,1,16669,6.39,19044,236,69,1531,-1191,23.6,1666.9,11,5,0,9,4,7,0,1,0,2,16382,7.23,15462,199,63,19.9,1638.2
1,22,0,1,8,9,5,0,0,1,1,16951,6.92,15239,234,54,1089,-564,23.4,1695.1,8,2,0,9,8,7,0,0,0,0,17760,7.32,15831,194,73,19.4,1776.0
0,24,2,0,9,7,7,1,0,0,0,17821,7.55,18762,190,44,-689,1381,19.0,1782.1,18,4,1,7,9,2,0,0,1,1,17350,6.48,17955,236,71,23.6,1735.0
1,12,1,1,8,3,10,1,1,0,1,17499,6.75,20651,202,53,2599,2080,20.2,1749.9,18,2,0,3,8,5,1,0,1,0,15076,6.51,18084,182,53,18.2,1507.6
0,15,4,0,3,9,7,0,0,0,0,13895,6.96,18631,214,44,1210,-886,21.4,1389.5,21,2,1,9,3,3,0,0,0,0,14966,7.19,16846,229,38,22.9,1496.6
0,23,3,0,4,6,9,1,0,1,0,17920,6.87,18012,217,47,-1036,-110,21.7,1792.0,25,1,1,6,4,7,0,1,0,1,19094,7.17,16988,197,48,19.7,1909.4
0,11,1,1,6,7,3,0,0,0,0,15246,6.25,17759,221,52,-1128,-1465,22.1,1524.6,33,2,0,7,6,6,1,2,0,1,18222,7.15,17471,218,81,21.8,1822.2
1,21,2,0,7,2,8,1,0,0,0,17296,7.1,17423,234,65,-294,1454,23.4,1729.6,23,1,1,2,7,9,1,1,0,1,16817,6.74,18567,211,32,21.1,1681.7
0,11,3,0,4,9,1,0,1,0,1,12835,6.39,19621,215,45,-2632,-2807,21.5,1283.5,15,6,1,9,4,11,2,0,1,0,19189,7.07,16906,234,65,23.4,1918.9
0,16,1,0,1,6,3,0,0,0,0,17155,6.86,14025,179,19,-3735,-4147,17.9,1715.5,28,2,1,6,1,12,1,1,1,2,19242,7.68,22549,243,61,24.3,1924.2
0,26,3,1,7,12,5,0,0,0,0,15935,7.44,16578,151,35,-1611,-1749,15.1,1593.5,23,3,0,12,7,7,1,1,0,2,18113,6.74,19786,262,64,26.2,1811.3
1,27,5,1,7,0,15,2,1,0,0,21544,7.3,18783,213,69,2028,2764,21.3,2154.4,22,1,0,0,7,3,0,0,0,1,14116,5.95,15769,188,63,18.8,1411.6
0,10,1,1,6,6,4,0,0,0,1,16184,7.47,18916,242,42,-748,-1793,24.2,1618.4,27,2,0,6,6,6,0,0,0,1,19235,7.01,20437,224,71,22.4,1923.5
1,25,5,1,8,5,3,0,0,0,1,17231,7.0,17960,275,55,1328,1638,27.5,1723.1,17,2,0,5,8,6,0,0,0,0,14386,6.53,17698,221,73,22.1,1438.6
1,28,4,0,2,8,3,0,0,1,1,16289,6.02,14550,177,39,-521,-1039,17.7,1628.9,17,0,1,8,2,4,1,0,0,0,16339,7.07,19322,264,52,26.4,1633.9
0,30,1,1,0,8,1,0,0,0,1,12412,6.35,12839,170,43,-2626,-2944,17.0,1241.2,28,2,0,8,0,8,1,1,1,1,20569,7.41,20200,253,45,25.3,2056.9
1,24,2,1,7,6,9,0,0,0,1,18313,7.11,16583,263,58,1114,1420,26.3,1831.3,21,2,0,6,7,7,0,0,0,0,14320,7.04,15256,224,47,22.4,1432.0
0,9,1,0,3,11,0,0,0,0,0,13739,6.97,12280,195,40,-4042,-4218,19.5,1373.9,21,1,1,11,3,14,1,0,1,2,19392,6.9,21642,276,71,27.6,1939.2
1,21,1,1,4,7,6,0,0,0,1,15837,6.8,17806,231,47,-391,-1993,23.1,1583.7,20,1,0,7,4,6,1,0,0,0,18670,7.13,17083,276,67,27.6,1867.0
0,28,1,1,3,5,6,1,1,0,2,16211,6.12,16788,194,40,194,-1291,19.4,1621.1,16,3,0,5,3,9,1,0,0,1,16998,7.0,16313,229,64,22.9,1699.8
1,20,3,0,3,7,9,0,1,1,1,16749,7.11,18055,221,67,1252,644,22.1,1674.9,24,4,1,7,3,5,1,1,1,1,17695,6.19,17968,204,56,20.4,1769.5
0,24,0,0,3,11,6,0,0,0,0,17366,6.75,17381,248,48,-1119,181,24.8,1736.6,20,1,1,11,3,11,0,1,0,1,15646,7.11,17948,260,64,26.0,1564.6
0,12,1,0,0,16,4,0,0,1,0,13402,6.38,13095,195,53,-4375,-3859,19.5,1340.2,31,2,1,16,0,12,1,0,0,0,20260,7.53,20431,254,62,25.4,2026.0
0,20,1,0,6,6,6,0,0,1,1,15097,6.7,15860,209,51,-1017,265,20.9,1509.7,27,3,1,6,6,3,0,0,0,1,17263,6.31,17389,249,69,24.9,1726.3
0,6,0,1,6,7,7,1,0,0,0,16246,7.12,19468,227,56,-2479,-733,22.7,1624.6,25,3,0,7,6,6,0,0,1,1,15149,6.72,17827,234,57,23.4,1514.9
0,14,3,1,4,4,1,1,0,0,1,15903,6.76,18145,242,47,-1437,-1757,24.2,1590.3,9,2,0,4,4,10,0,1,1,0,18956,6.96,18309,250,73,25.0,1895.6
1,22,2,1,8,5,4,1,0,0,1,18296,7.21,19565,243,60,3086,1221,24.3,1829.6,18,3,0,5,8,5,0,1,0,0,14423,6.27,15524,177,48,17.7,1442.3
0,16,3,0,5,6,4,0,0,0,1,14694,6.42,16564,214,40,-2438,-1608,21.4,1469.4,16,3,1,6,5,10,0,1,0,0,18983,7.39,17977,233,59,23.3,1898.3
1,14,2,1,8,6,7,0,1,1,1,15580,6.53,17859,210,57,-305,642,21.0,1558.0,24,0,0,6,8,8,0,0,0,0,15129,6.79,15977,192,61,19.2,1512.9
0,18,1,0,4,8,4,0,0,0,0,15258,7.01,16402,237,58,502,494,23.7,1525.8,23,1,1,8,4,9,0,0,0,1,15706,6.81,16311,223,52,22.3,1570.6
1,24,1,1,6,3,9,1,0,0,1,18188,6.94,21040,244,49,2355,-28,24.4,1818.8,10,2,0,3,6,1,0,0,0,0,15267,6.33,15941,230,54,23.0,1526.7
0,19,2,1,7,4,2,0,1,1,1,15624,6.92,15035,235,57,-755,-538,23.5,1562.4,22,3,0,4,7,6,1,0,0,1,17366,7.14,18951,246,48,24.6,1736.6
1,22,2,0,8,7,7,0,0,0,1,17937,6.39,16576,250,67,1693,-1128,25.0,1793.7,18,1,1,7,8,2,0,0,0,0,13653,7.06,18475,231,40,23.1,1365.3
0,23,3,0,7,8,6,1,1,0,1,16325,6.89,17429,240,71,385,919,24.0,1632.5,21,3,1,8,7,7,0,1,1,2,16967,6.93,16199,191,66,19.1,1696.7
1,19,2,0,5,3,8,1,0,1,1,18881,6.99,18207,236,57,-695,1470,23.6,1888.1,25,4,1,3,5,3,1,1,0,1,15917,6.73,15763,199,46,19.9,1591.7
0,24,4,0,1,10,2,0,0,0,0,13952,6.55,17601,188,43,-2421,-1839,18.8,1395.2,19,2,1,10,1,8,2,1,1,1,17522,6.83,18537,264,64,26.4,1752.2
0,10,1,0,1,10,4,0,0,0,1,13614,6.32,11405,205,23,-4734,-4568,20.5,1361.4,28,5,1,10,1,13,1,0,1,2,20733,7.38,24354,223,77,22.3,2073.3
0,30,1,0,5,8,11,0,0,0,0,15600,7.16,18589,248,53,27,1054,24.8,1560.0,19,1,1,8,5,3,0,0,0,2,15520,6.43,16208,218,63,21.8,1552.0
0,26,1,1,4,5,11,1,0,0,0,17776,7.2,18350,232,64,1478,1500,23.2,1777.6,17,0,0,5,4,6,1,0,0,0,15261,7.03,13649,204,51,20.4,1526.1
1,19,3,1,6,8,11,1,0,0,1,18102,6.95,18050,219,56,2594,194,21.9,1810.2,13,3,0,8,6,6,0,1,1,0,15155,6.35,16320,199,35,19.9,1515.5
0,18,0,0,4,5,8,0,0,0,0,17046,7.1,14994,223,29,-1827,-918,22.3,1704.6,18,5,1,5,4,8,1,0,0,1,17272,6.6,18857,173,61,17.3,1727.2
1,24,4,1,13,3,11,1,1,0,1,18075,7.24,18857,227,61,3427,2711,22.7,1807.5,20,0,0,3,13,5,0,0,0,0,13203,6.32,15985,194,51,19.4,1320.3
0,22,3,1,3,7,3,0,0,0,1,16899,6.31,16552,199,52,-2659,-1299,19.9,1689.9,24,2,0,7,3,5,0,0,0,2,18045,7.21,17858,239,57,23.9,1804.5
0,26,4,1,7,6,5,1,0,0,1,18884,7.25,21195,228,58,-758,-257,22.8,1888.4,16,1,0,6,7,3,1,1,0,0,15750,7.01,18491,207,48,20.7,1575.0
0,14,1,0,12,3,10,1,1,0,0,16777,6.98,19094,229,73,1336,2597,22.9,1677.7,32,0,1,3,12,7,0,1,0,0,16544,6.3,15004,225,59,22.5,1654.4
1,26,4,1,7,0,5,2,1,0,1,19202,7.2,18190,225,71,1144,2843,22.5,1920.2,23,5,0,0,7,4,0,0,0,1,12941,6.61,14844,207,52,20.7,1294.1
1,9,2,0,7,8,9,0,0,0,0,16627,7.34,19227,229,45,-837,-523,22.9,1662.7,14,0,1,8,7,6,1,0,0,0,16429,6.78,17976,223,57,22.3,1642.9
0,18,1,0,3,8,3,0,0,0,0,14980,6.66,17639,221,50,-1507,1825,22.1,1498.0,23,3,1,8,3,9,2,0,1,2,17906,7.4,17880,212,67,21.2,1790.6
0,24,1,1,4,7,2,1,0,1,1,14102,6.63,15404,183,38,-1766,-2190,18.3,1410.2,15,3,0,7,4,6,1,1,0,2,17124,7.61,19728,227,74,22.7,1712.4
1,16,3,0,15,1,11,1,0,0,2,18037,7.65,19421,251,69,1190,2453,25.1,1803.7,19,0,1,1,15,6,0,1,0,0,14081,6.31,14646,197,36,19.7,1408.1
1,13,1,1,9,3,8,0,0,0,1,17387,6.82,17366,217,57,561,-946,21.7,1738.7,25,0,0,3,9,3,0,0,0,0,16309,7.27,18731,189,50,18.9,1630.9
1,22,3,0,7,1,6,1,0,0,0,16342,7.27,18311,250,60,652,-263,25.0,1634.2,16,3,1,1,7,2,1,0,1,0,15738,7.33,17854,186,41,18.6,1573.8
1,33,6,1,11,1,10,2,1,0,2,19689,7.74,22247,237,69,4660,4925,23.7,1968.9,14,0,0,1,11,0,0,0,1,0,12530,5.84,14431,189,19,18.9,1253.0
1,22,4,1,6,7,3,2,0,1,1,19243,7.44,18039,223,40,-14,-1241,22.3,1924.3,19,2,0,7,6,0,0,1,0,2,17303,6.81,17983,226,48,22.6,1730.3
0,8,1,1,2,6,0,0,0,0,0,15311,6.38,15548,207,48,-2435,-2544,20.7,1531.1,21,3,0,6,2,7,2,1,1,1,17257,7.86,19188,245,65,24.5,1725.7
1,11,2,0,2,12,9,1,1,0,1,14977,6.63,17585,220,58,1298,81,22.0,1497.7,16,3,1,12,2,6,1,1,0,1,18349,7.16,16668,199,55,19.9,1834.9
0,19,1,0,0,6,4,1,1,0,0,13709,6.76,17110,247,62,-2541,-2215,24.7,1370.9,21,0,1,6,0,4,1,0,0,0,17665,6.41,19456,236,59,23.6,1766.5
0,13,1,0,3,8,3,0,1,0,0,13159,6.46,17482,234,54,-1070,-1221,23.4,1315.9,27,0,1,8,3,6,1,1,0,0,18503,6.97,19311,240,67,24.0,1850.3
1,20,0,0,5,7,7,0,0,1,1,14776,7.24,17878,222,49,915,58,22.2,1477.6,23,3,1,7,5,6,1,0,0,1,14939,6.55,16384,213,40,21.3,1493.9
0,20,2,0,7,5,3,1,1,0,1,14174,6.65,15618,215,68,-914,-390,21.5,1417.4,24,0,1,5,7,12,0,0,0,1,19851,6.98,18148,226,65,22.6,1985.1
0,15,2,0,1,10,1,1,1,0,1,14512,7.16,16528,224,45,-2773,-2371,22.4,1451.2,20,4,1,10,1,11,1,0,0,1,18892,6.68,19597,238,55,23.8,1889.2
1,32,3,1,10,2,12,1,0,0,1,18452,6.95,18006,214,59,4163,3433,21.4,1845.2,23,0,0,2,10,4,1,0,1,0,13815,6.73,15739,218,55,21.8,1381.5
0,24,1,0,3,4,8,1,0,1,1,15287,7.34,19043,242,57,-658,651,24.2,1528.7,22,0,1,4,3,2,1,0,1,0,15617,7.29,14942,222,41,22.2,1561.7
0,26,2,1,4,9,6,1,0,0,0,17158,6.76,15138,210,53,312,48,21.0,1715.8,20,4,0,9,4,5,0,1,0,0,17795,6.52,16331,243,56,24.3,1779.5
1,26,4,0,2,6,6,1,1,0,1,15947,6.88,19981,207,53,-625,2372,20.7,1594.7,23,3,1,6,2,8,1,1,0,0,15085,6.15,16978,218,44,21.8,1508.5
1,20,4,0,12,7,8,1,1,1,0,18079,7.17,19551,230,47,-466,934,23.0,1807.9,16,2,1,7,12,5,0,1,0,0,17068,7.04,15538,197,55,19.7,1706.8
1,20,2,1,7,5,8,0,0,1,1,15743,7.02,18322,217,57,1007,-131,21.7,1574.3,23,1,0,5,7,6,1,0,1,0,14632,6.42,15521,196,48,19.6,1463.2
1,20,5,0,8,5,8,1,1,0,1,18568,7.27,17505,247,43,404,2167,24.7,1856.8,17,2,1,5,8,5,0,0,0,1,16578,6.71,17656,223,48,22.3,1657.8
1,24,6,1,7,6,9,0,0,0,1,15810,6.69,17563,218,52,-147,355,21.8,1581.0,15,1,0,6,7,5,1,1,0,1,15840,6.87,17379,188,59,18.8,1584.0
0,18,2,0,13,6,5,1,1,0,2,16555,6.53,19589,247,55,444,-900,24.7,1655.5,20,0,1,6,13,5,1,0,0,0,17912,6.8,16133,257,34,25.7,1791.2
1,30,2,0,7,2,7,1,0,0,1,19070,7.32,19360,241,59,1482,733,24.1,1907.0,31,2,1,2,7,5,0,0,1,0,15461,6.6,15876,233,52,23.3,1546.1
1,17,3,1,4,0,8,0,1,0,0,15327,6.71,16912,213,57,2018,1085,21.3,1532.7,14,2,0,0,4,2,0,1,0,1,16444,6.73,17151,201,50,20.1,1644.4
0,21,1,1,10,9,4,1,0,0,1,17585,6.86,16687,203,49,-2176,574,20.3,1758.5,22,2,0,9,10,5,0,1,0,0,15896,6.55,18112,203,53,20.3,1589.6
1,22,4,0,7,3,11,0,1,0,0,18255,7.5,22786,254,62,1946,4169,25.4,1825.5,21,3,1,3,7,1,0,0,0,0,14041,6.06,14605,168,47,16.8,1404.1
0,17,2,1,8,8,8,0,1,1,1,14830,6.84,15212,224,54,-785,-458,22.4,1483.0,16,1,0,8,8,6,0,0,0,2,15570,6.94,18803,273,56,27.3,1557.0
1,32,3,1,7,4,7,1,0,1,1,17181,6.93,15089,219,56,8,967,21.9,1718.1,18,2,0,4,7,11,1,0,0,0,17220,6.45,20664,225,57,22.5,1722.0
1,19,1,0,8,5,8,1,0,0,0,17599,6.81,15366,242,51,1034,1347,24.2,1759.9,20,1,1,5,8,5,0,0,0,0,15074,6.57,18084,221,59,22.1,1507.4
0,17,1,1,1,11,4,0,0,0,2,14316,7.13,16678,200,52,-248,-1582,20.0,1431.6,20,2,0,11,1,12,0,0,1,1,15908,6.32,19134,237,56,23.7,1590.8
0,15,0,1,10,9,4,0,1,0,0,15323,6.97,15520,211,68,-2096,80,21.1,1532.3,22,0,0,9,10,5,1,0,0,1,20639,7.03,17904,193,59,19.3,2063.9
0,19,4,0,4,12,9,0,1,0,0,16347,7.21,16813,200,54,-1675,-3028,20.0,1634.7,30,4,1,12,4,5,2,1,0,1,18816,6.77,18515,197,51,19.7,1881.6
0,19,3,0,3,9,3,0,0,0,0,14489,6.39,18066,209,54,189,-1786,20.9,1448.9,22,4,1,9,3,3,2,0,1,1,17316,7.42,16658,222,56,22.2,1731.6
0,11,2,0,4,8,5,0,0,0,0,15384,6.31,18078,211,41,-2032,-719,21.1,1538.4,28,3,1,8,4,8,2,2,0,1,18242,6.71,18972,235,42,23.5,1824.2
0,17,2,1,3,8,3,0,0,0,1,16480,6.6,16880,186,47,-634,-979,18.6,1648.0,13,0,0,8,3,9,0,0,0,0,16865,6.89,16976,234,61,23.4,1686.5
0,24,0,0,8,9,4,1,2,1,0,17214,7.09,18039,236,50,593,-42,23.6,1721.4,19,3,1,9,8,4,1,0,1,0,16648,6.85,17991,205,59,20.5,1664.8
1,28,2,1,6,4,11,0,1,0,0,18615,7.8,21463,246,61,3382,3912,24.6,1861.5,19,0,0,4,6,0,0,0,0,1,15697,6.84,13594,178,55,17.8,1569.7
1,21,2,1,8,6,9,1,0,1,1,17414,7.06,19018,248,66,330,1392,24.8,1741.4,23,0,0,6,8,5,0,1,0,0,14256,7.02,16912,217,49,21.7,1425.6
0,15,0,0,0,15,0,0,0,0,0,12125,6.1,14797,215,38,-4152,-3673,21.5,1212.5,17,3,1,15,0,11,0,1,0,1,19841,7.15,24972,223,75,22.3,1984.1
1,19,0,0,6,0,7,0,0,1,0,17555,7.15,20122,243,69,2317,1514,24.3,1755.5,18,1,1,0,6,10,2,1,0,1,17839,6.53,17186,210,73,21.0,1783.9
0,16,0,1,3,9,5,0,1,0,0,17720,6.28,16553,229,52,-246,-1708,22.9,1772.0,12,4,0,9,3,3,0,1,0,1,18511,7.17,21094,225,60,22.5,1851.1
1,16,2,1,9,8,7,0,0,0,1,13619,6.27,16181,202,49,1617,332,20.2,1361.9,15,3,0,8,9,3,0,0,0,1,14774,6.81,16563,211,47,21.1,1477.4
1,12,2,0,5,4,5,0,0,1,0,15273,6.48,17516,234,55,-639,-1362,23.4,1527.3,24,3,1,4,5,6,2,0,0,1,15280,6.53,19608,190,59,19.0,1528.0
0,16,3,0,5,9,10,1,1,0,2,15285,6.71,16120,245,45,-212,626,24.5,1528.5,22,0,1,9,5,5,0,1,0,0,17265,6.54,17950,223,65,22.3,1726.5
1,24,5,1,7,6,3,1,0,0,1,15188,7.02,16860,245,47,-1749,-387,24.5,1518.8,28,3,0,6,7,6,2,1,0,0,16607,7.13,18222,185,68,18.5,1660.7
1,18,3,0,8,2,2,0,0,1,0,15084,7.28,16603,230,51,-486,-131,23.0,1508.4,23,0,1,2,8,7,0,1,0,1,15703,6.99,16676,213,55,21.3,1570.3
1,21,2,1,7,5,8,1,2,1,1,18538,7.7,19251,260,81,2532,2538,26.0,1853.8,11,0,0,5,7,1,0,0,0,0,15809,6.72,17419,222,53,22.2,1580.9
1,18,5,1,6,6,1,1,0,1,0,17923,7.21,17747,261,64,350,-373,26.1,1792.3,16,3,0,6,6,4,1,0,0,0,17746,6.68,18153,212,72,21.2,1774.6
1,28,0,1,6,3,6,1,0,1,1,17580,6.71,17066,226,50,2570,984,22.6,1758.0,19,3,0,3,6,1,0,0,0,0,16509,6.74,15801,171,52,17.1,1650.9
1,17,0,0,8,5,6,1,1,1,1,19744,7.06,20548,255,60,2061,1359,25.5,1974.4,15,1,1,5,8,1,0,0,0,0,14700,6.34,18899,215,56,21.5,1470.0
1,23,1,0,10,2,7,1,1,0,2,19666,7.56,19501,247,70,1144,1326,24.7,1966.6,22,1,1,2,10,1,0,0,0,0,14896,6.88,16645,246,75,24.6,1489.6
0,16,2,1,0,12,2,0,0,0,2,14989,5.96,13775,184,49,-4452,-714,18.4,1498.9,23,3,0,12,0,3,2,1,1,0,15829,7.09,19408,217,70,21.7,1582.9
1,23,3,1,6,2,9,1,1,0,1,17562,7.18,19336,244,61,1889,460,24.4,1756.2,27,0,0,2,6,6,0,1,0,0,14896,6.34,14975,235,49,23.5,1489.6
0,20,0,1,4,10,3,0,0,0,0,14225,6.79,20035,229,34,-832,-1116,22.9,1422.5,7,2,0,10,4,11,1,0,0,2,18751,7.02,17251,206,51,20.6,1875.1
1,22,1,1,8,7,6,0,1,0,1,17738,7.36,18656,218,48,-794,1979,21.8,1773.8,27,2,0,7,8,5,0,0,1,1,17313,6.72,17002,206,53,20.6,1731.3
0,22,0,0,7,12,6,1,0,0,0,15965,5.67,16271,190,47,-254,-763,19.0,1596.5,15,5,1,12,7,11,1,1,1,0,17655,7.62,18878,244,64,24.4,1765.5
0,17,0,1,0,10,0,0,0,1,0,15390,6.82,14117,221,58,-687,-1718,22.1,1539.0,19,4,0,10,0,5,1,1,1,1,15925,6.87,20907,216,83,21.6,1592.5
1,33,5,0,13,1,11,1,0,0,2,21225,6.97,19065,247,81,3408,2785,24.7,2122.5,14,4,1,1,13,3,0,0,0,0,15649,5.63,16622,157,60,15.7,1564.9
0,18,1,1,5,7,0,1,0,0,1,17954,6.96,16438,200,44,-1406,-1081,20.0,1795.4,12,3,0,7,5,7,1,1,0,1,18468,7.33,18307,218,89,21.8,1846.8
1,14,5,1,8,2,8,1,0,0,2,19414,6.75,19794,205,71,2779,1730,20.5,1941.4,21,0,0,2,8,1,0,0,0,0,14285,6.25,16286,249,38,24.9,1428.5
1,23,1,1,3,5,8,1,0,0,1,16738,6.97,16933,226,48,1279,-1154,22.6,1673.8,21,1,0,5,3,4,0,1,1,0,15304,7.03,15898,202,40,20.2,1530.4
0,21,3,1,4,5,6,0,0,0,1,15166,6.11,17106,208,58,1131,-740,20.8,1516.6,19,4,0,5,4,5,1,1,0,0,17847,7.97,16063,219,58,21.9,1784.7
0,20,2,0,8,7,4,0,1,0,1,15421,6.53,19507,196,31,1336,204,19.6,1542.1,27,3,1,7,8,4,0,1,0,1,16836,6.84,17827,220,47,22.0,1683.6
0,16,3,0,3,7,4,1,1,0,1,16008,6.74,16010,216,37,-1979,-2192,21.6,1600.8,15,2,1,7,3,5,0,0,0,0,17973,6.78,18633,246,62,24.6,1797.3
0,9,2,0,6,5,4,0,1,0,0,15867,6.66,18965,229,44,-232,-150,22.9,1586.7,19,1,1,5,6,8,0,0,0,0,16509,7.33,18152,248,56,24.8,1650.9
0,8,3,1,1,8,7,1,0,0,0,14425,6.84,15923,189,33,-943,-1995,18.9,1442.5,29,2,0,8,1,7,0,0,0,1,17847,6.92,18628,254,73,25.4,1784.7
0,27,3,1,7,5,7,1,1,0,0,15355,6.91,18393,197,55,-434,375,19.7,1535.5,20,2,0,5,7,7,0,1,0,2,16897,6.89,20512,228,69,22.8,1689.7
0,19,1,1,8,3,5,0,1,1,1,18193,7.08,19392,212,51,1583,1604,21.2,1819.3,16,0,0,3,8,5,0,1,0,0,16548,6.45,15285,199,38,19.9,1654.8
1,25,3,1,6,7,10,1,1,0,0,16048,6.2,16785,232,46,-1568,556,23.2,1604.8,22,0,0,7,6,5,0,0,0,1,15599,6.69,16624,243,57,24.3,1559.9
0,9,1,1,3,7,4,0,0,0,0,16185,6.58,14236,219,45,-3611,-2624,21.9,1618.5,20,5,0,7,3,10,1,1,0,1,19372,6.91,19635,233,60,23.3,1937.2
1,16,1,1,6,1,5,0,1,0,0,16119,7.36,20316,188,47,3073,2220,18.8,1611.9,30,0,0,1,6,2,0,1,0,1,13478,7.06,18063,217,49,21.7,1347.8
1,23,3,0,4,6,9,1,0,0,0,18194,7.07,18301,212,42,314,-1023,21.2,1819.4,19,1,1,6,4,6,1,1,1,1,19308,6.63,17360,220,56,22.0,1930.8
0,18,3,0,1,5,9,1,0,0,1,14695,6.47,15521,212,56,-1099,-1698,21.2,1469.5,16,2,1,5,1,8,2,1,0,1,16122,7.15,16640,233,62,23.3,1612.2
1,24,2,1,6,7,7,1,1,0,1,15983,7.17,18427,298,64,754,2038,29.8,1598.3,21,3,0,7,6,6,1,1,1,0,14784,6.64,18171,220,53,22.0,1478.4
0,20,1,0,2,5,7,0,0,0,1,16712,6.79,18067,218,65,-162,-600,21.8,1671.2,24,4,1,5,2,6,0,0,0,0,14915,7.06,20242,218,61,21.8,1491.5
0,17,0,0,5,9,4,0,0,0,0,15618,6.66,13405,195,58,-2505,-1758,19.5,1561.8,21,1,1,9,5,10,0,1,0,0,16811,7.24,17976,261,59,26.1,1681.1
1,20,0,0,9,3,11,1,1,0,1,19365,7.78,20202,266,54,4025,4209,26.6,1936.5,20,3,1,3,9,1,0,1,0,1,14609,6.49,16707,204,35,20.4,1460.9
0,14,2,0,5,3,8,0,0,0,0,16750,6.99,18380,196,55,-725,672,19.6,1675.0,18,0,1,3,5,6,0,1,0,1,17658,6.19,16008,218,42,21.8,1765.8
0,27,3,1,6,4,8,0,0,0,0,16909,6.69,17474,190,69,-601,-61,19.0,1690.9,18,4,0,4,6,5,1,1,0,0,19363,7.31,14651,211,66,21.1,1936.3
0,27,1,0,3,6,1,0,0,0,0,15869,6.98,17962,230,60,-2164,-1791,23.0,1586.9,31,2,1,6,3,9,1,0,0,0,15799,7.63,17324,217,65,21.7,1579.9
0,17,5,1,6,5,7,1,1,0,0,17177,7.22,17727,244,51,1575,1134,24.4,1717.7,16,4,0,5,6,0,0,0,0,1,13151,6.67,15701,221,55,22.1,1315.1
0,13,1,1,5,11,7,1,0,0,0,14480,7.11,19266,197,57,-1460,227,19.7,1448.0,19,4,0,11,5,7,0,0,1,1,18515,7.0,19619,231,64,23.1,1851.5
0,15,1,0,7,13,1,1,0,0,0,14797,6.12,11647,213,38,-3203,-3455,21.3,1479.7,32,4,1,13,7,10,1,0,0,1,17982,6.49,20450,248,62,24.8,1798.2
0,20,1,0,7,10,6,0,0,0,0,16166,6.32,14584,206,48,-278,-776,20.6,1616.6,27,2,1,10,7,4,0,0,0,0,18576,6.77,17846,256,54,25.6,1857.6
1,22,4,1,12,0,6,1,0,0,1,19391,7.14,20258,217,67,1818,3233,21.7,1939.1,16,0,0,0,12,6,0,0,0,0,15268,6.24,15010,198,46,19.8,1526.8
1,24,1,1,5,2,9,1,0,0,0,16866,6.5,18818,257,64,2869,1248,25.7,1686.6,24,3,0,2,5,6,0,0,1,0,13844,6.89,16890,236,59,23.6,1384.4
0,19,2,1,5,10,6,1,0,0,0,17454,6.68,14917,205,50,-122,-2674,20.5,1745.4,22,2,0,10,5,6,1,0,0,1,17277,6.94,14225,235,59,23.5,1727.7
1,22,2,1,9,6,10,1,1,1,0,20671,7.31,20814,242,47,2839,2810,24.2,2067.1,17,2,0,6,9,9,0,0,0,0,14700,6.53,15018,220,51,22.0,1470.0
1,34,2,1,11,6,8,2,0,0,1,17485,7.47,16999,259,56,889,505,25.9,1748.5,18,0,0,6,11,2,1,1,0,0,14290,6.77,15086,224,51,22.4,1429.0
0,17,2,1,7,8,2,1,0,0,1,14326,6.7,17959,235,54,-726,-1822,23.5,1432.6,20,0,0,8,7,8,0,0,1,1,16457,7.06,20141,205,53,20.5,1645.7
0,28,2,0,5,5,11,1,0,0,0,14879,7.16,13785,204,32,303,-472,20.4,1487.9,28,2,1,5,5,7,0,1,0,0,17547,6.93,15416,210,48,21.0,1754.7
0,28,4,0,2,9,3,0,0,1,0,16276,7.05,15906,253,53,-50,1280,25.3,1627.6,21,1,1,9,2,4,0,1,0,1,15075,6.93,18027,187,29,18.7,1507.5
0,21,2,0,2,6,11,0,0,0,0,12919,6.64,17633,205,42,190,-1656,20.5,1291.9,15,1,1,6,2,8,2,0,0,0,16494,6.92,19364,276,69,27.6,1649.4
1,10,3,1,7,2,1,0,1,0,0,16633,6.55,20040,203,50,76,668,20.3,1663.3,13,2,0,2,7,12,1,0,0,0,13306,6.85,17937,228,51,22.8,1330.6
0,21,2,1,6,7,7,1,0,1,0,17410,6.77,18130,224,51,828,1439,22.4,1741.0,13,2,0,7,6,5,2,0,1,0,15216,6.78,16489,223,47,22.3,1521.6
0,14,3,0,2,8,0,0,1,0,0,14536,6.28,15471,184,26,-3258,-2977,18.4,1453.6,27,5,1,8,2,9,2,0,0,1,20028,7.0,20613,266,59,26.6,2002.8
0,20,1,0,7,4,10,1,0,0,0,14526,6.74,15317,199,48,316,1284,19.9,1452.6,22,4,1,4,7,4,1,2,1,2,16115,6.69,19795,213,57,21.3,1611.5
0,14,1,0,8,9,3,1,1,0,0,13719,6.63,16196,200,47,718,419,20.0,1371.9,23,1,1,9,8,7,1,0,0,1,18636,7.24,17334,251,44,25.1,1863.6
1,26,4,1,7,0,5,1,0,0,0,18763,7.45,17566,284,64,2935,2050,28.4,1876.3,13,2,0,0,7,3,0,0,0,0,15815,6.8,14262,198,32,19.8,1581.5
0,21,1,0,3,11,2,0,0,0,1,16528,6.38,14128,213,29,-3516,-2077,21.3,1652.8,20,4,1,11,3,7,1,1,0,2,20467,7.72,19374,257,65,25.7,2046.7
1,25,3,0,9,6,9,0,0,0,1,17669,7.37,15017,183,52,480,-728,18.3,1766.9,22,0,1,6,9,6,1,0,0,1,17073,6.59,18105,267,56,26.7,1707.3
1,17,5,1,8,11,8,1,1,0,1,15792,6.46,17853,232,41,-1793,-633,23.2,1579.2,32,3,0,11,8,10,0,1,0,1,18098,7.27,17201,202,68,20.2,1809.8
1,17,1,1,7,5,7,1,0,1,2,16794,7.41,18116,252,65,1217,-49,25.2,1679.4,12,0,0,5,7,0,0,0,0,1,17032,6.48,17037,187,47,18.7,1703.2
1,22,4,1,7,8,5,0,0,1,0,15755,6.48,19313,200,64,500,-648,20.0,1575.5,22,0,0,8,7,7,0,0,1,0,16284,7.11,17891,191,77,19.1,1628.4
1,32,2,1,12,0,11,2,1,0,2,19618,7.26,18611,234,77,4846,2396,23.4,1961.8,10,2,0,0,12,0,0,0,0,1,14190,6.64,13510,200,34,20.0,1419.0
1,22,4,0,8,1,7,1,2,0,0,16740,6.97,18073,186,78,566,2614,18.6,1674.0,11,0,1,1,8,1,1,1,0,0,14300,6.45,17260,215,45,21.5,1430.0
0,21,3,0,5,6,5,1,1,0,0,15502,6.72,17113,208,23,-1158,352,20.8,1550.2,25,1,1,6,5,5,1,1,1,0,17647,6.72,17846,254,69,25.4,1764.7
1,19,3,1,3,7,6,1,0,0,0,16761,7.33,17156,186,48,225,273,18.6,1676.1,23,1,0,7,3,4,0,0,1,0,14190,6.73,18049,226,52,22.6,1419.0
0,17,2,1,3,7,7,1,0,0,0,17413,6.84,15059,220,63,997,-456,22.0,1741.3,12,3,0,7,3,11,0,1,0,1,16443,6.89,15946,209,70,20.9,1644.3
1,25,2,1,6,7,9,1,0,0,0,19285,7.69,18964,261,50,819,1028,26.1,1928.5,21,2,0,7,6,1,0,0,0,1,14675,6.67,18313,217,63,21.7,1467.5
0,17,0,0,0,10,7,0,0,0,1,16379,7.0,16813,222,61,-2470,-1653,22.2,1637.9,22,4,1,10,0,10,1,1,0,1,19777,7.13,20712,261,65,26.1,1977.7
0,20,2,0,4,6,3,0,1,0,0,13806,6.66,16835,221,51,-511,-480,22.1,1380.6,23,2,1,6,4,9,2,1,0,0,17103,6.3,20518,242,54,24.2,1710.3
1,23,2,1,9,6,5,1,0,0,0,16807,7.35,19486,233,60,28,697,23.3,1680.7,24,2,0,6,9,5,1,0,1,0,15305,6.95,17697,179,60,17.9,1530.5
1,24,3,0,8,4,8,1,1,0,1,18698,6.78,18106,269,56,2836,1641,26.9,1869.8,17,0,1,4,8,7,0,0,0,1,14417,6.74,15981,195,34,19.5,1441.7
0,18,0,0,0,14,1,0,0,0,0,12754,6.32,17529,216,52,-2533,-3673,21.6,1275.4,25,6,1,14,0,11,0,0,1,0,18795,7.42,20457,274,66,27.4,1879.5
1,18,3,0,9,1,11,2,0,0,0,17715,7.18,19051,200,71,418,1531,20.0,1771.5,24,0,1,1,9,5,0,1,0,0,13844,7.02,13094,177,48,17.7,1384.4
1,15,4,1,6,5,3,0,0,1,0,18164,7.01,17100,217,56,551,-407,21.7,1816.4,9,1,0,5,6,5,1,0,0,0,17172,7.53,17339,243,62,24.3,1717.2
1,16,2,0,2,11,5,0,0,0,0,16710,6.63,15794,176,22,-1522,-2201,17.6,1671.0,15,1,1,11,2,8,1,1,1,1,19953,7.08,19781,266,64,26.6,1995.3
0,14,1,0,0,16,0,0,0,0,0,11214,5.85,16134,208,26,-5061,-3659,20.8,1121.4,22,0,1,16,0,17,1,1,0,2,21838,7.67,20317,243,74,24.3,2183.8
0,14,5,0,0,9,6,0,0,1,0,13352,6.65,15109,213,21,-2837,-3811,21.3,1335.2,21,3,1,9,0,13,1,0,1,1,18204,6.76,20827,249,67,24.9,1820.4
1,21,1,1,8,7,12,0,1,0,0,15138,7.32,19180,204,64,-110,-524,20.4,1513.8,26,3,0,7,8,8,0,1,1,1,19831,6.46,17716,252,52,25.2,1983.1
1,24,2,1,7,6,8,0,0,0,0,16039,7.12,17637,249,65,-1568,-816,24.9,1603.9,13,4,0,6,7,9,0,0,0,0,15523,7.62,15732,208,51,20.8,1552.3
0,27,0,1,6,5,9,0,0,0,1,19449,7.18,16074,240,54,2558,435,24.0,1944.9,14,3,0,5,6,7,1,0,0,0,16017,6.56,15320,215,53,21.5,1601.7
0,26,1,1,1,10,8,1,0,0,0,14912,7.05,17121,268,51,-1357,-825,26.8,1491.2,19,2,0,10,1,4,1,1,0,0,17231,7.07,19649,232,71,23.2,1723.1
0,11,4,0,4,9,3,0,0,0,0,15187,5.84,15863,192,46,-1136,-2538,19.2,1518.7,17,3,1,9,4,8,0,0,0,1,20338,7.93,20708,230,70,23.0,2033.8
1,13,1,0,3,6,6,0,0,1,0,18848,6.17,19013,211,67,345,-307,21.1,1884.8,26,2,1,6,3,12,1,0,0,0,17484,6.27,18081,199,41,19.9,1748.4
1,19,0,1,7,5,4,1,1,0,0,17036,7.45,16235,194,56,-210,632,19.4,1703.6,11,3,0,5,7,8,0,1,0,0,17500,7.45,16850,231,49,23.1,1750.0
1,21,3,0,7,5,5,1,0,0,1,17976,7.16,17042,213,51,-118,1254,21.3,1797.6,12,2,1,5,7,2,0,0,0,0,18982,6.4,15549,219,45,21.9,1898.2
0,17,2,1,9,6,5,1,0,0,0,14748,6.79,14960,198,50,-887,-1666,19.8,1474.8,19,2,0,6,9,9,2,0,0,0,17610,6.9,18336,239,58,23.9,1761.0
1,19,4,1,8,3,8,1,1,0,2,17458,7.16,19768,239,61,3187,2415,23.9,1745.8,15,4,0,3,8,6,0,1,0,0,15102,6.93,16996,216,55,21.6,1510.2
0,17,1,1,9,7,6,0,1,0,0,16395,6.72,16659,200,55,-656,-1157,20.0,1639.5,19,2,0,7,9,6,0,1,1,1,15585,7.2,17800,230,82,23.0,1558.5
0,21,0,0,4,9,5,1,0,0,0,16555,6.82,16896,203,41,-2487,-1519,20.3,1655.5,23,3,1,9,4,7,0,0,0,0,19060,7.19,16719,231,74,23.1,1906.0
0,12,1,1,3,5,4,0,1,0,0,13967,6.85,17481,204,42,-1499,-1708,20.4,1396.7,23,4,0,5,3,5,1,0,0,1,16765,7.04,19008,216,64,21.6,1676.5
1,34,3,1,6,3,10,1,0,1,1,18342,7.03,16005,229,43,2796,1880,22.9,1834.2,20,0,0,3,6,4,1,0,0,0,15097,6.79,13851,218,35,21.8,1509.7
1,20,2,1,4,5,4,0,1,0,1,15858,6.94,14235,230,46,53,-1616,23.0,1585.8,16,2,0,5,4,5,0,0,0,2,14306,6.66,17263,220,49,22.0,1430.6
1,24,2,1,5,6,5,0,0,0,0,13570,6.79,18094,168,56,-2124,-1082,16.8,1357.0,24,0,0,6,5,8,0,2,0,2,17681,7.21,16505,212,62,21.2,1768.1
1,19,2,0,8,3,11,0,0,1,1,17212,6.92,17805,244,63,2696,1099,24.4,1721.2,17,2,1,3,8,2,0,1,0,1,17714,6.76,17847,222,47,22.2,1771.4
1,27,4,1,7,3,12,1,1,1,1,19987,7.79,21107,247,77,3621,2866,24.7,1998.7,23,2,0,3,7,2,1,0,0,1,13275,6.13,15434,194,44,19.4,1327.5
0,21,2,1,9,9,6,1,1,0,0,16976,6.74,17830,212,27,736,-944,21.2,1697.6,23,1,0,9,9,7,1,0,1,0,16029,6.76,15191,186,63,18.6,1602.9
1,27,2,1,12,3,4,1,1,0,1,19401,6.96,21470,234,67,1028,1642,23.4,1940.1,21,3,0,3,12,1,0,1,0,0,13517,6.46,18114,212,42,21.2,1351.7
1,21,3,1,4,2,7,2,1,0,1,18605,7.0,18693,241,57,2110,2517,24.1,1860.5,22,1,0,2,4,9,0,0,0,1,13632,7.11,15833,230,48,23.0,1363.2
0,27,1,0,7,7,10,1,0,0,0,14553,6.27,17807,232,51,-1778,941,23.2,1455.3,18,4,1,7,7,5,1,0,0,0,15777,6.56,18750,219,53,21.9,1577.7
0,13,3,1,10,6,5,1,0,0,1,15669,6.86,17603,215,52,-225,-130,21.5,1566.9,16,4,0,6,10,1,1,1,0,0,17734,6.79,17201,247,56,24.7,1773.4
0,22,3,0,0,10,3,1,0,0,0,15926,6.44,16115,233,44,-2586,-2070,23.3,1592.6,22,1,1,10,0,9,1,1,1,2,17039,7.34,19101,254,68,25.4,1703.9
0,20,3,1,5,6,6,1,0,1,0,17039,7.05,16738,251,53,-1094,357,25.1,1703.9,27,1,0,6,5,11,1,0,0,0,16505,6.7,17631,213,45,21.3,1650.5
0,14,0,1,3,6,6,0,0,1,0,16685,6.7,16840,215,60,-682,487,21.5,1668.5,16,0,0,6,3,3,1,0,0,0,17620,7.47,19987,221,38,22.1,1762.0
0,29,0,0,7,12,4,0,0,0,1,15577,6.25,16397,254,62,-1308,264,25.4,1557.7,26,1,1,12,7,5,1,0,0,0,15908,7.62,14193,240,70,24.0,1590.8
0,28,1,0,3,5,6,1,0,0,0,17403,6.56,15142,184,37,-1130,-310,18.4,1740.3,19,3,1,5,3,5,2,0,1,1,17562,6.97,18163,265,65,26.5,1756.2
0,9,1,0,4,9,6,0,1,0,1,16108,6.36,16524,196,56,-294,283,19.6,1610.8,20,2,1,9,4,2,1,0,1,1,16705,6.33,17105,208,55,20.8,1670.5
0,22,1,0,8,8,3,0,0,0,2,20521,7.36,17774,247,49,1464,-969,24.7,2052.1,19,3,1,8,8,5,0,0,0,1,16153,6.43,18204,165,47,16.5,1615.3
1,23,3,0,9,6,0,0,1,0,1,16534,7.21,18021,255,54,-783,-2181,25.5,1653.4,13,4,1,6,9,13,1,1,1,0,15746,7.15,19330,232,72,23.2,1574.6
0,18,2,0,2,11,1,0,1,0,0,14360,6.56,13436,177,44,-4071,-2388,17.7,1436.0,18,4,1,11,2,11,1,0,1,1,19530,8.14,19043,255,79,25.5,1953.0
0,26,1,1,3,4,1,0,0,0,0,17170,6.94,14655,229,57,-1541,-1046,22.9,1717.0,25,2,0,4,3,6,1,1,1,1,17207,7.46,18132,229,55,22.9,1720.7
0,23,2,0,2,9,4,1,0,0,0,13331,6.55,16241,233,31,-1833,-4434,23.3,1333.1,25,3,1,9,2,10,1,0,1,1,18550,7.21,19232,277,54,27.7,1855.0
1,22,3,0,8,8,6,2,1,1,1,16902,7.05,17696,210,61,-111,149,21.0,1690.2,17,2,1,8,8,5,1,0,0,0,17455,6.81,15693,184,62,18.4,1745.5
0,32,2,0,4,5,8,1,1,1,1,16161,6.82,20227,205,59,1901,-141,20.5,1616.1,18,0,1,5,4,2,1,0,0,0,17619,7.18,18141,222,36,22.2,1761.9
1,25,4,0,7,6,8,0,1,0,0,17020,6.84,15985,227,66,175,-684,22.7,1702.0,23,3,1,6,7,7,0,0,0,0,13373,6.57,17403,222,45,22.2,1337.3
0,17,1,1,2,12,2,0,0,1,0,13649,6.95,15854,195,45,-2060,628,19.5,1364.9,30,1,0,12,2,13,1,1,0,0,18266,6.81,20353,211,54,21.1,1826.6
0,18,2,0,4,7,6,1,0,1,0,18516,6.66,19778,178,62,1003,355,17.8,1851.6,24,3,1,7,4,8,1,0,1,0,15922,6.99,18978,269,51,26.9,1592.2
1,25,0,0,1,9,4,1,0,0,1,16845,6.83,14647,232,41,-1498,-1792,23.2,1684.5,21,3,1,9,1,6,1,0,1,2,14973,6.93,16680,223,60,22.3,1497.3
0,14,0,0,2,7,6,0,0,0,0,14604,6.41,16691,207,39,-2926,-2012,20.7,1460.4,29,2,1,7,2,7,1,2,0,0,18700,7.01,18721,217,47,21.7,1870.0
1,19,0,1,10,0,7,0,0,0,1,18182,6.87,18529,218,61,1774,2978,21.8,1818.2,22,4,0,0,10,4,0,0,1,0,16719,6.99,15457,190,41,19.0,1671.9
1,20,1,0,3,5,11,1,0,0,0,18235,7.46,19592,245,50,2155,1281,24.5,1823.5,17,0,1,5,3,5,0,1,1,1,13949,6.27,14713,191,45,19.1,1394.9
1,24,3,1,9,4,11,1,1,0,1,18714,7.31,19814,230,65,1257,73,23.0,1871.4,13,4,0,4,9,6,1,0,0,1,13466,6.66,15886,183,67,18.3,1346.6
0,18,1,0,3,9,4,0,0,0,0,14555,6.83,15397,236,29,-1131,805,23.6,1455.5,10,3,1,9,3,8,1,0,1,0,18270,7.56,19381,250,61,25.0,1827.0
1,16,2,1,6,4,7,1,1,1,0,18848,6.87,20962,246,61,1071,2272,24.6,1884.8,18,4,0,4,6,5,1,0,0,0,14904,6.8,18086,190,46,19.0,1490.4
0,25,1,0,6,7,3,2,0,1,1,14692,6.78,17033,193,52,-2218,-38,19.3,1469.2,16,0,1,7,6,4,0,0,1,1,16923,6.68,17985,199,62,19.9,1692.3
1,19,5,1,10,5,9,0,1,0,0,18664,6.96,18694,249,54,89,935,24.9,1866.4,16,1,0,5,10,8,0,0,0,0,17249,6.65,16304,202,34,20.2,1724.9
1,29,0,0,8,5,5,0,1,0,1,16363,6.37,17439,236,60,-1055,-796,23.6,1636.3,15,1,1,5,8,6,1,1,0,1,17440,7.3,18462,203,57,20.3,1744.0
0,21,0,1,6,2,4,0,1,0,0,15625,7.02,18095,215,56,-2042,249,21.5,1562.5,17,1,0,2,6,9,1,1,0,0,17301,6.71,18195,229,63,22.9,1730.1
0,21,0,0,1,9,3,0,0,0,0,14859,6.44,12767,226,36,-3611,-3085,22.6,1485.9,30,6,1,9,1,11,2,0,1,1,20454,7.18,19828,247,58,24.7,2045.4
0,23,2,0,6,4,8,0,0,0,0,17783,6.17,17501,223,46,-819,-514,22.3,1778.3,24,1,1,4,6,3,0,1,1,2,15511,6.72,16902,220,67,22.0,1551.1
1,27,3,1,12,6,4,0,1,0,1,15862,6.86,18054,234,56,1559,-256,23.4,1586.2,32,2,0,6,12,4,0,1,1,1,16830,6.7,18783,216,45,21.6,1683.0
1,22,3,0,4,3,6,1,1,1,1,14708,7.34,16080,215,52,-913,127,21.5,1470.8,11,2,1,3,4,10,1,0,0,0,15055,6.61,16531,242,60,24.2,1505.5
1,25,4,1,12,1,11,0,1,1,1,17884,7.41,20355,206,64,2213,3280,20.6,1788.4,16,1,0,1,12,1,0,0,0,0,12831,6.27,13703,193,48,19.3,1283.1
0,23,1,0,2,13,8,0,0,0,0,15083,7.15,16188,226,55,-24,-2454,22.6,1508.3,25,1,1,13,2,7,0,1,1,0,18334,7.74,18868,207,60,20.7,1833.4
0,31,1,0,3,7,4,1,0,0,1,15032,6.87,15032,216,41,-2345,-646,21.6,1503.2,26,1,1,7,3,12,1,0,1,0,16366,6.4,17538,233,55,23.3,1636.6
0,17,4,1,8,8,4,0,1,0,1,15477,6.85,16911,185,48,-1757,-1580,18.5,1547.7,21,3,0,8,8,4,1,0,1,1,18184,7.02,19778,244,63,24.4,1818.4
0,23,0,0,5,7,7,0,1,0,1,17021,6.69,15978,224,69,-1196,-2458,22.4,1702.1,21,3,1,7,5,9,0,1,0,0,15809,5.98,19865,225,69,22.5,1580.9
1,22,3,1,9,4,11,1,1,1,0,20047,6.88,20716,242,59,1440,-436,24.2,2004.7,21,1,0,4,9,5,0,0,0,1,15853,6.38,17400,183,59,18.3,1585.3
1,25,3,1,10,2,10,1,0,0,1,16779,6.97,19523,242,57,2081,1837,24.2,1677.9,14,0,0,2,10,1,0,0,0,1,15201,6.16,15913,245,48,24.5,1520.1
0,19,4,1,2,7,5,0,1,1,1,12668,7.07,15210,209,49,-1445,-2483,20.9,1266.8,18,6,0,7,2,6,0,0,0,1,15923,7.78,18751,229,53,22.9,1592.3
0,8,0,1,3,6,3,1,0,0,0,15159,6.64,17644,214,46,-926,-142,21.4,1515.9,24,3,0,6,3,10,0,0,0,0,17003,7.14,17570,238,60,23.8,1700.3
0,17,1,0,2,5,3,0,0,0,1,13440,6.45,14555,199,45,-2583,-2154,19.9,1344.0,18,3,1,5,2,9,1,2,1,1,16835,7.23,19618,244,56,24.4,1683.5
1,28,1,1,10,6,8,1,1,0,1,17547,7.82,19893,240,68,3477,2020,24.0,1754.7,21,1,0,6,10,6,0,0,0,0,15019,6.04,15508,182,31,18.2,1501.9
1,18,0,0,9,2,10,0,1,0,1,17863,7.85,17994,225,64,1562,3759,22.5,1786.3,11,2,1,2,9,3,1,1,1,2,14015,6.99,15664,171,39,17.1,1401.5
0,24,2,1,4,10,7,0,0,0,0,17328,6.94,17803,206,34,-682,-801,20.6,1732.8,18,2,0,10,4,5,0,0,0,2,16786,7.1,18116,230,67,23.0,1678.6
0,18,3,0,7,7,1,0,0,0,0,14643,6.01,13291,195,59,-2264,-2582,19.5,1464.3,21,4,1,7,7,9,1,1,0,1,18557,7.5,20866,221,62,22.1,1855.7
0,16,3,0,3,6,6,0,0,0,1,13961,6.54,13561,224,44,-1982,-920,22.4,1396.1,27,3,1,6,3,10,1,1,0,3,16452,7.88,18697,232,64,23.2,1645.2
0,25,1,0,7,10,6,1,0,0,0,17018,6.62,19242,215,49,690,205,21.5,1701.8,22,2,1,10,7,6,0,1,1,0,15979,6.45,16580,238,75,23.8,1597.9
0,25,3,0,10,2,7,1,1,0,2,17206,6.65,19466,228,62,1104,1601,22.8,1720.6,26,3,1,2,10,6,0,0,0,1,17384,6.92,17531,222,64,22.2,1738.4
0,18,1,0,0,6,4,0,0,0,1,13220,6.82,15620,166,57,-4889,-3274,16.6,1322.0,32,2,1,6,0,13,1,1,0,0,19031,6.45,20402,272,75,27.2,1903.1
0,24,3,0,4,4,8,1,1,0,1,14859,6.42,18472,222,61,-1147,-36,22.2,1485.9,29,3,1,4,4,7,0,1,0,1,19356,6.68,17310,197,53,19.7,1935.6
1,24,5,1,10,2,10,1,1,1,1,18292,7.08,18985,257,63,3152,3372,25.7,1829.2,16,1,0,2,10,2,0,0,0,0,15561,6.47,16365,215,48,21.5,1556.1
0,11,2,1,2,4,10,1,0,0,0,16879,6.78,16191,228,56,-1342,581,22.8,1687.9,20,2,0,4,2,7,1,1,0,1,18927,7.51,19789,236,67,23.6,1892.7
1,21,4,0,9,1,4,1,1,0,1,19290,6.9,18486,225,63,3925,1629,22.5,1929.0,11,0,1,1,9,1,0,0,0,0,14703,6.93,17651,199,50,19.9,1470.3
1,12,1,0,12,0,10,1,1,1,0,16141,6.87,17749,233,45,2434,-842,23.3,1614.1,16,1,1,0,12,0,0,0,0,0,17777,6.69,16637,159,55,15.9,1777.7
0,21,2,0,8,11,1,0,0,0,0,14571,6.27,17631,196,41,-3042,-2412,19.6,1457.1,18,3,1,11,8,6,1,0,0,1,19789,7.16,18004,221,61,22.1,1978.9
0,24,3,0,7,8,5,1,0,0,0,14962,6.42,16658,224,38,-1196,-987,22.4,1496.2,13,1,1,8,7,10,1,1,0,1,17704,7.32,16168,231,77,23.1,1770.4
1,24,3,1,8,3,6,0,0,0,1,17331,6.83,16206,202,77,-687,486,20.2,1733.1,21,2,0,3,8,8,0,0,1,0,16987,7.0,14125,226,41,22.6,1698.7
0,21,0,0,5,3,4,0,0,0,0,15246,6.65,16919,231,41,-2994,-1122,23.1,1524.6,32,3,1,3,5,12,1,1,1,0,16230,7.35,20328,241,63,24.1,1623.0
0,23,1,0,3,6,2,0,0,0,0,14098,6.21,15462,234,51,-2426,-840,23.4,1409.8,28,0,1,6,3,7,2,1,0,1,19218,7.52,20668,187,79,18.7,1921.8
1,15,3,1,13,4,6,1,1,0,1,18082,6.85,19546,235,71,3345,2957,23.5,1808.2,22,3,0,4,13,6,1,0,0,0,12339,6.09,14907,181,46,18.1,1233.9
0,18,2,1,2,11,0,0,1,1,1,12372,6.24,17482,196,49,-800,-1164,19.6,1237.2,15,0,0,11,2,7,2,1,0,1,17841,7.58,18532,231,73,23.1,1784.1
1,15,3,0,11,3,8,1,1,0,0,17505,6.75,18779,203,65,1812,1539,20.3,1750.5,27,2,1,3,11,1,0,0,0,1,15183,6.88,14483,211,40,21.1,1518.3
1,17,4,1,4,6,5,0,1,1,1,16365,6.74,17241,262,47,-1567,-1118,26.2,1636.5,12,2,0,6,4,5,0,0,1,0,15106,6.41,18055,228,42,22.8,1510.6
0,28,0,0,5,5,7,0,0,0,1,16997,6.98,18506,229,59,-355,-796,22.9,1699.7,16,2,1,5,5,4,1,0,0,0,16461,7.59,17574,241,44,24.1,1646.1
1,27,2,1,8,5,10,0,1,1,0,16586,6.88,19203,222,49,761,865,22.2,1658.6,12,3,0,5,8,5,0,0,1,1,15287,6.89,16940,208,42,20.8,1528.7
0,22,0,0,9,9,7,0,0,0,1,15571,7.16,15804,204,47,-1079,-1518,20.4,1557.1,29,2,1,9,9,10,1,0,1,0,17128,6.76,18847,216,60,21.6,1712.8
1,20,3,1,10,4,10,0,0,0,1,17873,7.48,17232,206,66,444,338,20.6,1787.3,24,2,0,4,10,4,0,0,0,1,15141,6.52,17515,197,74,19.7,1514.1
0,11,2,1,2,10,0,0,1,0,1,14775,5.79,13606,213,37,-3748,-2860,21.3,1477.5,21,4,0,10,2,9,1,0,1,1,18584,7.48,20488,234,68,23.4,1858.4
1,22,7,0,7,7,10,0,1,1,1,16823,7.04,18334,234,64,1142,679,23.4,1682.3,25,0,1,7,7,7,0,0,0,0,15173,7.38,17039,181,70,18.1,1517.3
0,21,2,0,2,15,2,0,0,0,0,13930,5.69,14040,180,31,-3110,-4849,18.0,1393.0,23,4,1,15,2,13,1,1,0,1,21745,7.6,20302,239,47,23.9,2174.5
0,22,2,0,9,6,2,0,0,0,0,14986,6.87,17815,226,69,-468,-2020,22.6,1498.6,17,2,1,6,9,7,1,0,0,1,16967,6.79,18771,214,68,21.4,1696.7
1,14,3,0,4,4,10,0,1,0,1,18262,7.44,16892,243,74,2429,614,24.3,1826.2,21,2,1,4,4,5,0,0,0,1,15845,6.55,16425,216,60,21.6,1584.5
0,22,2,0,7,3,5,0,1,0,1,17681,7.17,17370,234,57,1774,1788,23.4,1768.1,8,2,1,3,7,4,1,0,0,0,17006,6.75,17820,235,40,23.5,1700.6
0,8,2,0,1,9,1,0,1,0,1,12540,6.29,17038,241,58,-2106,-1908,24.1,1254.0,25,0,1,9,1,9,1,0,1,0,18018,7.0,18271,257,70,25.7,1801.8
1,22,2,0,3,7,8,0,1,0,0,14728,6.98,15661,200,49,-1903,-1121,20.0,1472.8,20,3,1,7,3,5,1,1,0,2,17015,7.08,20514,218,57,21.8,1701.5
0,15,0,1,2,11,5,0,0,0,1,17080,6.47,16367,183,40,-1483,-849,18.3,1708.0,21,3,0,11,2,9,1,0,0,0,19821,7.37,19042,247,55,24.7,1982.1
0,14,2,0,2,8,4,1,0,0,1,15398,7.01,16054,231,69,1277,553,23.1,1539.8,23,0,1,8,2,4,1,0,1,0,13939,7.15,15764,225,41,22.5,1393.9
0,20,1,0,0,14,1,0,0,0,0,13956,6.07,15983,191,29,-4148,-2778,19.1,1395.6,25,4,1,14,0,8,1,1,0,2,17928,7.86,20294,210,57,21.0,1792.8
0,23,5,0,5,5,9,1,0,0,0,17353,7.0,18567,220,53,727,-1095,22.0,1735.3,17,3,1,5,5,6,0,1,1,1,18558,6.65,18053,256,44,25.6,1855.8
1,22,2,0,8,10,4,1,0,0,0,18082,6.88,18317,236,49,-37,-492,23.6,1808.2,19,4,1,10,8,6,0,0,1,1,17138,6.7,20096,198,48,19.8,1713.8
0,30,1,1,4,7,5,1,1,1,0,16439,6.23,15613,196,65,-354,520,19.6,1643.9,19,1,0,7,4,11,0,1,0,0,16421,7.13,19266,235,57,23.5,1642.1
1,24,3,1,5,5,7,1,0,0,1,16704,6.89,19325,197,58,1933,1215,19.7,1670.4,16,3,0,5,5,8,0,0,1,1,15190,6.47,17638,214,59,21.4,1519.0
1,17,2,0,7,8,13,1,1,0,1,17848,7.19,15283,239,54,871,-266,23.9,1784.8,12,2,1,8,7,2,1,1,0,1,14093,6.44,17433,237,60,23.7,1409.3
0,22,2,0,5,5,1,0,1,0,0,15697,7.17,16728,218,53,-1634,-1058,21.8,1569.7,23,4,1,5,5,7,2,0,0,1,15747,7.21,19461,246,45,24.6,1574.7
0,15,0,0,5,10,0,0,0,0,0,12294,6.28,14613,228,59,-3732,-2651,22.8,1229.4,31,2,1,10,5,9,1,1,1,1,19358,7.54,18669,244,70,24.4,1935.8
0,27,2,0,8,5,5,1,0,0,2,16498,7.29,19457,240,66,-674,59,24.0,1649.8,27,2,1,5,8,8,1,1,1,1,15261,7.41,16843,204,53,20.4,1526.1
0,19,1,1,2,9,3,0,0,0,0,13048,6.48,17593,214,65,-1618,794,21.4,1304.8,22,4,0,9,2,11,1,0,0,0,16993,6.88,19275,254,71,25.4,1699.3
0,21,1,0,3,6,5,0,0,0,1,15845,7.47,19636,188,45,-45,-723,18.8,1584.5,19,3,1,6,3,7,1,0,1,1,16858,6.82,18906,230,62,23.0,1685.8
1,14,3,0,9,4,6,1,0,0,0,17047,6.77,16574,265,68,1441,853,26.5,1704.7,10,4,1,4,9,1,0,1,0,1,16722,6.39,17367,189,57,18.9,1672.2
1,23,2,0,7,2,11,1,0,1,1,17086,7.27,20452,197,58,3352,2385,19.7,1708.6,4,3,1,2,7,4,1,0,0,2,13916,6.51,14312,232,53,23.2,1391.6
1,20,2,1,5,5,6,0,0,0,0,19269,6.47,17934,218,37,542,354,21.8,1926.9,27,4,0,5,5,3,1,1,0,2,16333,6.59,17474,231,39,23.1,1633.3
0,16,3,0,3,5,5,1,0,0,1,15926,6.96,17539,205,52,46,190,20.5,1592.6,23,2,1,5,3,2,1,0,0,0,15888,7.36,15127,172,54,17.2,1588.8
0,16,1,0,0,12,3,1,0,0,0,14882,6.75,15134,203,42,-1833,-2500,20.3,1488.2,11,3,1,12,0,9,0,0,0,2,17707,7.32,18872,246,61,24.6,1770.7
0,23,6,1,9,1,6,0,0,0,0,16739,7.95,19756,227,42,-944,874,22.7,1673.9,17,3,0,1,9,4,0,0,1,1,17229,6.11,16534,256,55,25.6,1722.9
1,20,2,0,6,8,9,1,0,0,0,15731,6.65,17322,203,74,-672,684,20.3,1573.1,11,5,1,8,6,5,1,0,1,0,15769,6.72,18715,226,38,22.6,1576.9
1,15,1,1,7,2,11,1,1,1,0,17778,6.45,17779,213,51,2843,2124,21.3,1777.8,20,1,0,2,7,4,1,0,0,0,15735,6.4,16164,194,64,19.4,1573.5
0,18,0,0,4,7,7,1,1,0,0,14866,7.17,18306,205,51,-2599,-2474,20.5,1486.6,23,0,1,7,4,5,1,0,0,0,16848,7.0,17891,226,57,22.6,1684.8
0,17,0,0,9,4,4,1,0,1,0,16608,6.86,18249,218,42,221,148,21.8,1660.8,24,3,1,4,9,5,1,1,0,1,19356,6.51,16744,235,68,23.5,1935.6
1,23,1,1,7,4,9,1,1,0,1,19834,7.63,19203,244,69,1870,2097,24.4,1983.4,21,4,0,4,7,0,0,0,1,0,14020,7.02,15870,215,32,21.5,1402.0
1,20,3,1,7,5,3,1,0,0,0,18591,6.48,15866,228,53,-298,-294,22.8,1859.1,11,0,0,5,7,4,0,1,0,1,14531,7.18,18993,224,57,22.4,1453.1
0,16,0,0,5,8,5,1,0,0,0,15700,7.33,13290,197,49,-2780,-2173,19.7,1570.0,19,2,1,8,5,10,1,0,0,1,19314,7.49,18279,219,72,21.9,1931.4
1,23,3,0,15,2,14,1,0,0,1,19209,7.33,23786,236,76,2511,4875,23.6,1920.9,18,1,1,2,15,1,0,0,0,0,12934,6.54,14218,182,44,18.2,1293.4
0,18,3,0,2,10,0,0,0,0,0,15536,6.56,15710,235,40,-2129,-1885,23.5,1553.6,20,1,1,10,2,11,2,0,0,1,17933,6.22,20054,242,71,24.2,1793.3
1,25,1,0,3,9,6,1,1,0,0,16572,6.92,20091,190,64,395,1021,19.0,1657.2,18,2,1,9,3,4,1,1,1,2,16288,6.95,17417,199,62,19.9,1628.8
1,22,3,1,4,4,7,1,1,0,1,17475,6.59,18501,239,56,1945,-317,23.9,1747.5,21,2,0,4,4,3,0,1,0,0,16140,6.69,21246,199,43,19.9,1614.0
1,28,0,1,8,7,9,0,1,0,0,15233,6.84,18779,209,31,1119,334,20.9,1523.3,22,4,0,7,8,0,1,1,0,0,15325,6.31,17573,207,61,20.7,1532.5
0,25,1,0,10,8,4,1,0,0,1,14250,6.26,15567,223,45,1214,1436,22.3,1425.0,18,1,1,8,10,9,1,0,1,0,16044,6.82,16516,253,58,25.3,1604.4
1,27,1,0,7,7,4,0,0,0,0,17722,7.07,19842,245,74,-566,2229,24.5,1772.2,25,0,1,7,7,5,2,0,0,0,15114,6.54,19098,235,50,23.5,1511.4
0,26,2,1,4,10,6,1,0,0,0,16053,6.68,17141,217,60,-1265,-618,21.7,1605.3,23,5,0,10,4,6,1,0,1,0,18247,6.82,19714,215,46,21.5,1824.7
0,26,0,0,6,7,5,0,1,1,1,14478,5.69,16148,218,42,-1568,-1715,21.8,1447.8,24,3,1,7,6,6,1,1,0,1,18445,6.76,19901,260,56,26.0,1844.5
1,19,6,1,10,2,11,1,0,0,2,19741,7.3,21372,249,69,5319,4148,24.9,1974.1,19,2,0,2,10,0,0,0,0,0,12854,6.31,15628,181,44,18.1,1285.4
0,23,0,1,4,7,8,1,0,1,0,14438,6.95,15801,223,59,-225,-1008,22.3,1443.8,18,2,0,7,4,5,1,0,0,0,18191,7.3,18670,208,45,20.8,1819.1
1,27,4,0,7,2,9,0,1,0,0,19187,7.16,20386,229,64,-135,378,22.9,1918.7,17,3,1,2,7,4,0,0,0,0,16600,6.86,17804,229,42,22.9,1660.0
0,26,3,1,4,10,4,0,0,1,1,14512,7.42,15589,225,73,-1107,-1187,22.5,1451.2,16,4,0,10,4,9,0,0,0,1,16377,6.29,17158,243,60,24.3,1637.7
0,15,2,1,4,7,5,0,0,0,0,14015,6.88,17412,205,57,-358,865,20.5,1401.5,21,2,0,7,4,3,1,0,0,0,18264,7.4,17180,192,60,19.2,1826.4
0,22,2,0,8,8,7,0,0,1,0,17409,6.7,17120,206,63,-415,-828,20.6,1740.9,14,3,1,8,8,6,0,1,1,1,18263,7.17,17936,242,50,24.2,1826.3
0,17,4,1,1,13,1,1,0,0,0,17717,6.47,17378,187,53,-2952,-2530,18.7,1771.7,25,1,0,13,1,12,1,0,1,0,18287,7.59,19270,217,78,21.7,1828.7
0,29,6,1,2,7,4,1,0,1,0,14950,7.43,15253,235,47,-752,-125,23.5,1495.0,19,0,0,7,2,3,1,0,1,1,16329,7.22,17462,235,63,23.5,1632.9
0,12,1,0,6,7,2,0,0,0,0,16460,6.47,15603,262,60,-1477,-951,26.2,1646.0,22,3,1,7,6,5,0,1,0,1,17448,7.06,16696,227,75,22.7,1744.8
1,18,3,1,6,4,11,1,1,1,1,21813,7.04,19429,256,61,1787,1690,25.6,2181.3,13,0,0,4,6,3,1,0,0,2,14787,6.64,15929,209,42,20.9,1478.7
0,9,1,0,1,6,9,1,1,0,0,12790,6.86,13320,221,43,-2155,-1454,22.1,1279.0,25,0,1,6,1,10,1,1,0,1,19023,6.83,17907,263,78,26.3,1902.3
0,20,0,0,6,6,3,0,1,0,0,15823,6.83,14153,201,57,-779,-2608,20.1,1582.3,20,4,1,6,6,8,1,1,0,1,18378,6.91,16405,233,42,23.3,1837.8
0,30,2,0,2,8,6,0,0,0,0,16508,6.29,15123,172,61,-2496,-1990,17.2,1650.8,23,2,1,8,2,9,1,0,0,0,18365,7.22,18570,247,87,24.7,1836.5
1,23,3,0,8,3,12,1,1,1,2,17885,7.35,19261,193,68,3119,2535,19.3,1788.5,24,3,1,3,8,1,0,1,0,1,17081,6.8,16629,235,46,23.5,1708.1
0,19,0,1,4,11,1,0,0,0,1,16869,7.3,14353,156,68,-2458,-1629,15.6,1686.9,31,2,0,11,4,8,0,1,0,1,17966,7.56,19906,231,48,23.1,1796.6
1,24,3,0,7,7,8,0,2,0,1,18036,7.01,18737,227,66,271,966,22.7,1803.6,14,2,1,7,7,6,0,0,0,2,14713,6.59,14315,200,34,20.0,1471.3
1,21,3,0,7,3,11,1,1,0,2,16566,6.99,19775,217,76,1344,413,21.7,1656.6,18,0,1,3,7,1,1,0,0,0,14224,5.59,16916,176,49,17.6,1422.4
1,22,1,1,1,6,5,1,0,1,0,14759,6.86,15215,224,52,261,-1212,22.4,1475.9,21,1,0,6,1,11,1,0,0,1,15306,7.64,17939,206,58,20.6,1530.6
0,19,0,1,3,12,3,0,0,0,1,13790,6.49,16768,216,28,-1059,-2628,21.6,1379.0,24,2,0,12,3,8,1,0,1,0,17427,7.61,19267,210,62,21.0,1742.7
0,13,2,0,7,5,7,0,1,0,2,14030,7.33,16542,195,36,-3329,-2123,19.5,1403.0,17,0,1,5,7,4,1,0,1,1,21077,7.71,18134,254,66,25.4,2107.7
1,21,5,1,9,4,7,1,0,1,1,17764,7.42,18914,215,63,2369,1128,21.5,1776.4,20,4,0,4,9,7,0,1,0,0,13942,6.81,17361,218,57,21.8,1394.2
1,21,2,0,2,6,2,0,0,0,0,17064,5.85,17764,231,36,-3088,-2482,23.1,1706.4,21,1,1,6,2,8,1,1,0,1,18103,7.36,19219,231,51,23.1,1810.3
0,25,3,1,8,11,6,1,0,0,1,16402,7.46,19080,236,58,1667,1343,23.6,1640.2,21,1,0,11,8,7,0,0,0,0,16395,6.48,18169,225,40,22.5,1639.5
1,27,1,1,8,7,11,1,0,1,1,16805,6.76,17885,223,59,162,-255,22.3,1680.5,14,4,0,7,8,7,0,1,1,0,13180,7.08,15278,220,46,22.0,1318.0
1,22,2,0,5,4,9,0,1,0,0,19192,7.08,17995,229,48,-433,-60,22.9,1919.2,27,2,1,4,5,6,0,0,0,2,18300,6.41,14199,174,56,17.4,1830.0
0,23,3,0,10,5,8,0,1,0,1,18340,7.36,18951,244,63,1986,-232,24.4,1834.0,23,3,1,5,10,8,0,0,0,0,16675,6.37,17265,244,47,24.4,1667.5
0,22,0,0,4,6,6,0,1,0,0,15247,7.18,16228,200,53,-2262,-1163,20.0,1524.7,21,4,1,6,4,6,1,1,0,1,18117,6.7,15352,211,74,21.1,1811.7
0,15,2,0,3,13,1,0,0,1,0,14839,6.8,17329,229,37,-2397,-1222,22.9,1483.9,25,4,1,13,3,12,0,0,1,1,17759,7.04,18240,270,60,27.0,1775.9
0,18,3,0,11,0,9,0,1,0,1,15581,7.09,19911,242,60,1547,2258,24.2,1558.1,20,2,1,0,11,1,0,1,0,0,19110,7.41,14055,224,54,22.4,1911.0
0,18,2,1,0,8,4,1,1,0,0,15327,6.61,17117,244,70,-1677,-1347,24.4,1532.7,20,2,0,8,0,9,1,1,1,0,17501,7.7,17250,226,37,22.6,1750.1
0,8,1,0,0,12,0,0,0,0,0,15428,6.22,13524,219,38,-5175,-3954,21.9,1542.8,23,2,1,12,0,12,1,1,1,1,19633,8.05,21370,230,63,23.0,1963.3
1,23,2,0,9,2,7,0,0,0,2,16569,7.71,17191,242,45,895,2395,24.2,1656.9,17,5,1,2,9,8,0,0,0,0,15356,7.08,17190,205,55,20.5,1535.6
0,23,1,1,5,8,6,0,0,0,0,16321,6.13,16684,232,35,-688,-1410,23.2,1632.1,26,3,0,8,5,5,1,0,1,1,17638,7.13,19406,244,58,24.4,1763.8
0,17,0,0,11,1,12,0,0,0,1,16328,6.96,19991,227,67,-723,473,22.7,1632.8,26,3,1,1,11,5,1,1,0,0,15925,6.46,19006,213,37,21.3,1592.5
1,25,3,0,4,6,7,1,1,1,2,19443,7.51,20320,253,59,1572,1950,25.3,1944.3,12,1,1,6,4,8,1,0,1,0,14570,6.43,14827,209,53,20.9,1457.0
1,17,4,1,8,6,9,1,0,1,0,17760,7.66,15024,195,61,416,1158,19.5,1776.0,11,4,0,6,8,4,1,0,0,1,16778,6.58,18067,241,48,24.1,1677.8
1,17,4,1,5,6,8,3,1,0,2,17252,7.82,20210,259,55,2339,2336,25.9,1725.2,24,3,0,6,5,2,0,0,0,0,14401,6.6,15535,206,45,20.6,1440.1
1,31,2,0,7,5,8,1,0,1,2,15944,7.06,17026,226,51,372,-1340,22.6,1594.4,18,1,1,5,7,10,1,1,0,1,17467,7.09,18964,222,57,22.2,1746.7
1,18,2,1,9,5,10,0,0,0,0,19481,7.58,20033,218,70,1374,2784,21.8,1948.1,16,4,0,5,9,7,0,0,0,0,12524,6.25,15759,169,46,16.9,1252.4
1,11,1,1,6,8,3,1,0,0,0,15882,6.99,15008,225,54,-2054,-1942,22.5,1588.2,14,5,0,8,6,8,0,0,0,1,19709,7.05,17371,242,48,24.2,1970.9
0,21,1,0,5,8,5,1,0,0,1,17534,6.81,17205,244,61,-1382,298,24.4,1753.4,21,0,1,8,5,1,0,0,1,1,16690,6.38,19261,228,55,22.8,1669.0
1,23,3,0,10,6,7,1,0,0,0,17476,7.38,15420,233,59,3112,1032,23.3,1747.6,9,3,1,6,10,3,1,0,0,0,15448,7.11,16835,213,51,21.3,1544.8
0,23,3,1,4,6,7,0,0,0,0,14945,6.69,16809,214,68,-7,-18,21.4,1494.5,28,4,0,6,4,3,0,0,1,0,16416,6.69,17265,237,44,23.7,1641.6
1,32,6,1,8,6,10,1,0,0,3,17997,6.75,17630,196,67,1495,1150,19.6,1799.7,14,0,0,6,8,8,0,0,0,0,17068,6.64,14688,193,56,19.3,1706.8
1,15,1,0,5,16,13,0,0,0,0,14582,7.04,14667,214,44,871,-2077,21.4,1458.2,24,5,1,16,5,6,0,0,0,0,17880,6.89,19240,239,68,23.9,1788.0
1,21,4,0,14,0,12,1,0,1,2,20074,7.43,22495,278,65,5232,988,27.8,2007.4,16,0,1,0,14,0,0,0,0,1,13423,6.66,13566,190,36,19.0,1342.3
1,32,4,1,13,1,7,1,1,0,2,18178,7.77,19837,235,69,4886,1810,23.5,1817.8,21,0,0,1,13,2,1,0,0,0,13242,6.7,16755,246,36,24.6,1324.2
0,25,2,1,7,3,10,1,1,1,1,15933,7.11,20226,214,44,1541,1757,21.4,1593.3,16,2,0,3,7,3,2,0,0,0,18713,6.51,17776,196,66,19.6,1871.3
0,25,1,1,9,6,9,0,0,0,2,17063,6.78,17962,250,54,548,2008,25.0,1706.3,14,2,0,6,9,4,1,0,0,1,17394,6.4,16246,253,50,25.3,1739.4
1,19,3,1,11,4,8,2,0,0,2,19801,7.69,19549,205,76,2956,2878,20.5,1980.1,28,2,0,4,11,4,0,0,0,0,16889,7.03,14314,208,60,20.8,1688.9
0,23,5,1,4,13,1,1,0,0,1,13379,6.87,16370,196,38,-2697,-3448,19.6,1337.9,15,2,0,13,4,6,1,0,0,1,18598,7.68,18406,232,84,23.2,1859.8
0,21,2,0,1,8,3,1,0,0,1,13849,6.87,14951,219,43,-1457,-1191,21.9,1384.9,26,1,1,8,1,4,0,1,0,0,18667,7.3,19327,223,61,22.3,1866.7
1,23,1,1,10,5,12,1,0,0,1,17652,6.85,19794,252,59,2565,2441,25.2,1765.2,13,1,0,5,10,4,1,0,0,0,14353,6.94,18623,211,52,21.1,1435.3
1,18,2,0,7,1,8,1,0,0,0,17404,6.76,20348,201,59,1664,-718,20.1,1740.4,12,3,1,1,7,8,1,0,0,0,14854,6.5,15538,202,64,20.2,1485.4
0,20,0,0,5,7,9,1,1,1,0,15080,6.69,17774,235,59,-1,727,23.5,1508.0,20,0,1,7,5,4,1,0,0,2,18556,7.26,17880,207,64,20.7,1855.6
0,28,2,0,4,4,10,0,0,1,1,15027,6.92,17083,238,52,355,312,23.8,1502.7,22,2,1,4,4,9,0,1,0,1,16145,6.86,17496,216,43,21.6,1614.5
0,10,2,0,2,13,2,0,1,0,0,12205,7.06,14748,179,50,-5065,-1872,17.9,1220.5,19,3,1,13,2,9,1,1,0,0,20980,7.97,17650,237,63,23.7,2098.0
0,16,1,0,7,9,0,0,1,0,0,16653,6.41,18195,219,44,-1738,954,21.9,1665.3,21,1,1,9,7,7,0,0,0,1,15594,6.48,18626,277,51,27.7,1559.4
0,15,0,1,2,6,3,1,0,0,1,13497,6.76,16097,230,42,-2321,-2258,23.0,1349.7,18,3,0,6,2,8,2,1,1,0,18118,7.07,16888,223,64,22.3,1811.8
1,20,3,1,6,5,4,0,1,0,1,19038,6.81,18289,227,79,-847,1353,22.7,1903.8,19,2,0,5,6,0,1,1,0,0,14089,6.68,17319,195,54,19.5,1408.9
1,22,2,0,12,3,12,1,1,1,2,18760,6.86,18338,201,64,1734,1711,20.1,1876.0,27,0,1,3,12,2,0,0,0,0,13914,6.87,16469,177,49,17.7,1391.4
1,26,1,0,9,5,9,1,0,0,1,18106,6.95,18702,242,62,1163,805,24.2,1810.6,18,2,1,5,9,3,0,0,0,0,17169,6.88,16196,222,56,22.2,1716.9
0,23,1,0,7,6,7,0,1,0,2,17555,7.18,19623,251,46,-325,1912,25.1,1755.5,26,3,1,6,7,4,0,0,0,0,16981,6.62,18019,228,52,22.8,1698.1
0,17,2,1,4,7,2,0,0,0,0,14506,5.69,15699,209,50,-1348,-3149,20.9,1450.6,17,5,0,7,4,11,2,1,0,1,17399,7.6,18483,274,62,27.4,1739.9
0,23,2,0,6,3,10,0,0,0,1,16346,6.54,19028,220,46,2035,1064,22.0,1634.6,18,0,1,3,6,7,0,0,0,1,15975,7.16,19772,216,37,21.6,1597.5
0,24,4,1,7,7,5,0,0,0,1,16833,6.88,18837,229,56,1256,3,22.9,1683.3,18,3,0,7,7,2,0,1,1,0,15828,6.44,16359,200,55,20.0,1582.8
1,14,4,1,9,2,6,2,1,0,0,17654,7.14,16230,217,53,2802,2110,21.7,1765.4,25,3,0,2,9,8,0,0,0,1,15141,7.02,14118,217,47,21.7,1514.1
1,30,3,1,13,4,7,1,0,0,0,17705,7.11,19903,209,65,3682,3208,20.9,1770.5,21,1,0,4,13,0,0,0,0,0,12331,6.38,15084,203,44,20.3,1233.1
0,12,0,0,0,6,3,0,0,0,0,15855,6.36,12535,217,40,-2302,-1604,21.7,1585.5,22,4,1,6,0,8,0,0,0,1,20215,7.19,21058,243,84,24.3,2021.5
0,17,2,0,3,9,3,0,0,1,0,14466,6.67,15669,236,60,-973,1245,23.6,1446.6,25,1,1,9,3,6,0,0,1,1,18154,6.88,18450,272,63,27.2,1815.4
0,20,1,1,2,8,7,0,0,0,0,14874,6.92,14245,229,47,-612,-2043,22.9,1487.4,24,3,0,8,2,12,1,0,0,0,19570,7.07,17066,238,55,23.8,1957.0
1,20,0,0,8,5,7,0,1,0,1,16344,7.05,17515,224,53,-346,1220,22.4,1634.4,16,3,1,5,8,5,0,0,0,1,12811,6.85,16173,211,45,21.1,1281.1
1,22,5,0,6,6,3,0,0,1,1,16896,6.88,16583,250,55,1834,1159,25.0,1689.6,17,5,1,6,6,1,0,0,0,0,15328,6.67,17043,203,62,20.3,1532.8
0,20,3,0,3,3,5,0,0,1,1,15635,7.26,17403,220,68,-665,-1940,22.0,1563.5,18,4,1,3,3,5,1,1,1,0,16887,6.68,17688,226,58,22.6,1688.7
1,21,2,1,8,6,6,1,0,0,0,17071,7.46,19642,235,79,660,1947,23.5,1707.1,23,2,0,6,8,6,1,1,0,1,14162,6.44,17025,231,61,23.1,1416.2
0,25,0,1,2,7,4,0,1,0,1,16113,6.54,15484,142,40,-3136,-196,14.2,1611.3,25,4,0,7,2,10,2,0,0,2,18437,7.1,18662,227,71,22.7,1843.7
1,21,1,1,1,6,7,0,0,0,0,18970,6.18,15273,202,42,-1435,-2087,20.2,1897.0,24,0,0,6,1,6,0,0,0,0,16632,7.7,18145,216,71,21.6,1663.2
0,19,1,1,7,13,4,0,1,0,1,17610,6.58,16154,168,50,-1575,-1322,16.8,1761.0,30,3,0,13,7,7,2,0,0,2,15668,6.68,18654,241,54,24.1,1566.8
1,23,2,0,5,6,4,1,0,0,1,16089,6.31,17601,243,58,-1566,-1268,24.3,1608.9,19,4,1,6,5,9,0,0,1,0,17443,6.53,19904,235,68,23.5,1744.3
0,14,0,1,6,7,5,0,0,0,2,12758,6.8,14622,207,65,-1481,-1982,20.7,1275.8,16,3,0,7,6,10,2,1,1,0,17009,6.71,21161,245,59,24.5,1700.9
0,31,1,0,3,8,5,0,1,0,2,14344,7.57,16251,246,51,83,702,24.6,1434.4,27,1,1,8,3,6,0,0,0,0,16935,6.62,17736,253,64,25.3,1693.5
0,14,1,0,7,7,7,0,1,0,1,17422,7.0,18491,195,59,375,-1619,19.5,1742.2,24,0,1,7,7,1,1,0,1,0,16080,7.26,17753,212,66,21.2,1608.0
0,19,1,0,1,10,5,1,0,0,0,15454,7.03,17463,211,52,-2032,-529,21.1,1545.4,13,2,1,10,1,7,1,1,1,1,18721,7.27,15219,221,73,22.1,1872.1
1,20,2,1,13,4,5,2,1,0,1,17912,6.79,19959,222,56,1362,1194,22.2,1791.2,22,0,0,4,13,4,0,0,0,0,12186,6.74,18257,201,42,20.1,1218.6
1,18,2,0,2,8,3,1,0,0,1,16771,6.95,18180,174,53,551,12,17.4,1677.1,13,5,1,8,2,7,0,0,0,1,15126,6.37,16954,201,44,20.1,1512.6
1,20,5,1,12,8,7,1,0,0,0,17152,7.11,18344,259,58,3724,1777,25.9,1715.2,12,0,0,8,12,3,0,1,0,1,16462,6.45,18438,243,38,24.3,1646.2
0,16,1,0,6,5,7,0,0,0,1,16210,6.55,14723,237,41,-1150,648,23.7,1621.0,24,1,1,5,6,3,0,0,0,2,18063,6.25,18950,244,51,24.4,1806.3
0,26,1,1,6,5,10,1,0,0,1,17108,6.84,17518,225,79,-329,1637,22.5,1710.8,28,3,0,5,6,7,2,0,1,0,16667,6.83,18280,237,49,23.7,1666.7
0,13,0,1,6,4,2,0,0,0,1,17653,6.36,18934,227,66,-3122,-190,22.7,1765.3,30,1,0,4,6,9,1,1,1,2,15406,7.24,17050,228,72,22.8,1540.6
0,25,1,0,4,7,4,0,0,1,0,18481,7.21,17799,204,71,345,800,20.4,1848.1,17,4,1,7,4,5,0,1,0,0,15873,7.11,18618,207,66,20.7,1587.3
1,25,0,1,9,5,10,1,1,0,1,18364,6.91,17748,204,54,-382,2663,20.4,1836.4,20,2,0,5,9,1,1,0,0,0,14128,6.77,18110,190,46,19.0,1412.8
0,17,3,1,7,10,6,0,0,0,1,15363,6.5,14680,200,44,-1533,-970,20.0,1536.3,24,3,0,10,7,4,0,1,0,2,17774,7.08,17879,212,56,21.2,1777.4
1,24,2,1,7,5,7,1,0,0,1,17468,7.1,16040,210,71,874,1302,21.0,1746.8,19,0,0,5,7,1,0,0,0,1,16908,6.81,18739,205,67,20.5,1690.8
1,18,3,1,5,8,6,0,0,0,0,16837,6.95,16006,205,42,-2171,-525,20.5,1683.7,17,4,0,8,5,6,0,0,1,2,14646,7.34,18772,200,55,20.0,1464.6
1,16,5,0,12,5,11,1,0,1,1,19815,7.45,18274,234,80,1913,1723,23.4,1981.5,10,3,1,5,12,4,1,1,0,0,17108,6.32,16972,204,52,20.4,1710.8
0,13,0,1,6,7,8,1,0,0,0,17258,6.51,15859,208,53,-211,-123,20.8,1725.8,18,3,0,7,6,7,0,1,0,1,15852,6.8,18986,202,45,20.2,1585.2
1,25,2,1,6,5,6,1,0,0,1,17067,7.12,19499,264,79,1314,4464,26.4,1706.7,20,2,0,5,6,9,0,0,0,0,13040,6.63,17029,230,50,23.0,1304.0
1,23,4,0,8,6,7,2,0,0,0,17997,7.29,16832,188,37,-457,-1533,18.8,1799.7,17,2,1,6,8,7,0,0,1,0,17212,7.44,17595,223,59,22.3,1721.2
1,24,3,1,8,4,12,1,0,1,0,17926,6.92,17976,252,60,1341,3019,25.2,1792.6,27,1,0,4,8,3,0,0,0,0,13094,6.35,14174,184,45,18.4,1309.4
0,16,2,1,2,8,3,1,0,0,0,16186,6.64,17318,190,62,-2224,-2257,19.0,1618.6,25,2,0,8,2,8,2,1,0,2,16061,6.74,18213,201,68,20.1,1606.1
0,16,3,1,4,10,4,0,0,0,0,15988,6.56,15729,195,43,-3280,-1665,19.5,1598.8,27,4,0,10,4,11,1,0,0,1,19449,6.99,19045,242,58,24.2,1944.9
1,17,3,0,2,9,3,0,0,1,1,16631,6.4,16448,246,52,-1568,-1303,24.6,1663.1,20,3,1,9,2,10,0,1,1,0,17331,6.74,18170,230,60,23.0,1733.1
0,8,2,0,3,8,1,0,0,0,0,13886,6.95,14580,193,46,-1620,-2391,19.3,1388.6,28,1,1,8,3,11,1,1,0,2,17738,7.36,17336,239,69,23.9,1773.8
0,18,3,0,4,9,4,0,0,0,0,13295,6.45,14189,191,34,-3085,-471,19.1,1329.5,26,1,1,9,4,14,0,0,0,1,18683,7.54,19009,233,61,23.3,1868.3
1,24,2,0,12,4,10,0,0,0,1,16999,7.51,16603,217,53,-528,1962,21.7,1699.9,18,4,1,4,12,6,1,0,0,0,15118,7.1,14892,206,58,20.6,1511.8
0,20,3,0,7,3,8,0,0,0,0,17221,6.53,17588,215,69,-726,236,21.5,1722.1,12,3,1,3,7,7,1,1,0,1,17722,7.12,18189,210,51,21.0,1772.2
0,28,1,0,2,6,2,0,0,0,0,14854,5.93,17289,215,36,-1553,-2230,21.5,1485.4,24,4,1,6,2,10,0,0,0,0,15249,7.06,18071,207,74,20.7,1524.9
0,14,3,0,2,9,9,1,0,0,0,13823,6.61,15732,212,49,-2530,163,21.2,1382.3,25,1,1,9,2,6,1,1,0,0,16334,7.32,18544,231,56,23.1,1633.4
0,16,1,0,8,9,6,0,0,0,0,17403,6.9,15931,176,54,852,119,17.6,1740.3,8,5,1,9,8,5,1,1,0,1,16689,6.19,19454,205,43,20.5,1668.9
1,24,0,0,8,3,12,1,1,0,0,17285,7.14,19095,221,57,2101,1708,22.1,1728.5,22,1,1,3,8,2,0,0,0,1,13456,6.07,15490,205,53,20.5,1345.6
0,20,3,1,1,5,2,0,0,0,2,15723,6.75,15743,231,55,-1535,489,23.1,1572.3,16,3,0,5,1,9,0,1,0,1,14796,7.33,19047,196,67,19.6,1479.6
0,8,0,0,1,11,6,1,0,0,0,15100,6.56,14672,222,59,-1873,-2148,22.2,1510.0,22,3,1,11,1,11,0,0,0,2,16025,7.11,17824,266,73,26.6,1602.5
1,25,1,0,9,8,9,1,0,0,0,16669,6.79,18974,234,66,2550,955,23.4,1666.9,27,0,1,8,9,6,1,0,0,0,14889,6.54,15873,191,49,19.1,1488.9
0,21,4,1,6,8,3,0,1,0,0,15985,7.83,16392,208,61,47,-283,20.8,1598.5,25,3,0,8,6,9,1,0,1,1,14296,6.47,19384,224,61,22.4,1429.6
1,13,4,1,12,2,11,2,1,0,2,21234,7.37,20371,245,61,4868,4907,24.5,2123.4,21,0,0,2,12,4,0,0,0,0,12509,6.71,15565,197,43,19.7,1250.9
0,18,1,1,5,5,3,0,1,0,1,13695,6.54,16488,198,50,-2091,-2035,19.8,1369.5,20,1,0,5,5,9,0,0,0,0,18354,7.27,20041,186,52,18.6,1835.4
1,18,0,1,5,4,8,1,0,1,1,18998,8.04,18355,255,56,873,1009,25.5,1899.8,25,4,0,4,5,6,1,0,0,0,13450,7.15,17609,238,37,23.8,1345.0
1,20,3,0,4,3,14,1,1,0,0,18061,6.85,18058,254,69,2444,2491,25.4,1806.1,14,0,1,3,4,1,0,0,0,2,14977,6.6,14420,161,56,16.1,1497.7
1,12,3,1,3,7,6,0,0,0,1,14798,6.82,14594,217,66,-1486,-109,21.7,1479.8,19,0,0,7,3,7,0,0,0,0,16829,6.6,18572,220,53,22.0,1682.9
0,21,2,0,5,10,4,0,0,0,0,15917,6.52,15752,199,55,-2304,-2063,19.9,1591.7,17,0,1,10,5,9,0,0,1,0,16420,6.8,18962,240,64,24.0,1642.0
1,30,3,1,5,6,4,0,0,0,2,17020,6.67,18089,237,51,585,468,23.7,1702.0,13,4,0,6,5,3,0,1,0,0,12912,6.68,15745,208,48,20.8,1291.2
0,22,2,0,9,4,8,0,0,1,2,17475,7.38,17886,239,37,351,965,23.9,1747.5,27,0,1,4,9,4,1,0,1,1,17215,7.22,17000,208,62,20.8,1721.5
0,6,1,1,1,9,3,1,1,0,0,15466,6.57,14346,205,48,-3402,-1426,20.5,1546.6,25,4,0,9,1,4,0,0,0,1,17711,6.81,16362,207,57,20.7,1771.1
0,19,0,1,0,8,0,0,0,0,0,15960,6.19,14862,189,56,-2335,28,18.9,1596.0,25,3,0,8,0,8,1,1,0,1,17095,7.68,18195,210,68,21.0,1709.5
0,14,0,0,0,11,0,1,0,0,0,12440,6.98,15108,210,31,-6146,-3578,21.0,1244.0,31,4,1,11,0,13,2,1,0,1,19998,8.05,19737,264,67,26.4,1999.8
0,16,3,1,9,2,10,1,0,1,2,18282,7.07,16416,240,59,-210,1739,24.0,1828.2,32,2,0,2,9,11,0,0,0,1,15824,6.83,18542,208,63,20.8,1582.4
1,21,2,1,9,8,9,0,1,0,1,18546,7.31,18229,196,41,-293,-2242,19.6,1854.6,14,0,0,8,9,5,1,0,0,1,16820,6.94,17937,250,48,25.0,1682.0
0,24,3,0,2,9,6,0,0,0,0,14834,7.36,15765,220,57,-923,-872,22.0,1483.4,14,2,1,9,2,5,2,1,0,2,17861,7.2,18570,211,71,21.1,1786.1
0,13,0,0,5,8,5,1,0,1,0,13149,5.95,15881,182,29,-3245,-2603,18.2,1314.9,21,3,1,8,5,15,0,0,1,1,18620,7.46,19905,236,58,23.6,1862.0
0,10,0,0,4,7,4,1,0,1,0,13188,6.9,16177,201,55,-2721,-2315,20.1,1318.8,26,4,1,7,4,13,1,0,0,0,19257,7.62,20310,234,65,23.4,1925.7
1,9,1,0,4,9,3,0,1,1,0,17948,7.17,13153,209,46,-40,33,20.9,1794.8,18,1,1,9,4,12,0,0,0,0,16946,6.7,18553,255,56,25.5,1694.6
0,15,0,0,6,6,10,0,0,0,0,15581,6.8,19203,188,54,-2253,-1098,18.8,1558.1,37,4,1,6,6,4,0,0,0,0,20246,6.75,17967,219,46,21.9,2024.6
1,19,2,1,9,3,3,0,0,0,1,16436,7.32,19738,204,55,-426,-2021,20.4,1643.6,22,3,0,3,9,9,0,0,0,0,16566,6.33,18188,203,24,20.3,1656.6
1,19,0,1,4,4,8,0,1,0,0,18013,6.9,16218,251,67,1766,4,25.1,1801.3,19,3,0,4,4,6,0,0,0,0,15666,6.98,18881,198,47,19.8,1566.6
1,21,5,1,10,4,9,1,1,1,1,20773,8.05,21273,211,78,4661,3251,21.1,2077.3,14,0,0,4,10,5,0,0,0,0,11441,6.26,12608,185,26,18.5,1144.1
0,23,1,1,5,5,6,0,1,0,1,16716,6.74,16634,232,53,264,-1333,23.2,1671.6,21,1,0,5,5,6,1,1,1,2,17069,7.17,14744,232,40,23.2,1706.9
1,25,5,0,10,2,12,1,0,1,1,19724,7.76,17049,237,80,1897,1921,23.7,1972.4,19,2,1,2,10,7,0,0,0,1,16467,6.7,17680,244,69,24.4,1646.7
0,19,2,1,7,7,5,0,0,0,0,15195,6.88,14955,230,53,-1374,-1104,23.0,1519.5,21,5,0,7,7,8,1,1,0,0,19705,7.27,18611,236,60,23.6,1970.5
0,21,0,1,2,7,2,0,0,0,1,12717,6.65,15322,174,26,-3742,-1034,17.4,1271.7,24,4,0,7,2,12,1,0,1,1,18400,7.33,20709,220,49,22.0,1840.0
1,16,5,0,5,4,4,0,1,0,1,17797,6.38,16786,224,46,-1856,-303,22.4,1779.7,30,2,1,4,5,5,1,0,0,0,17988,7.49,16137,234,63,23.4,1798.8
0,11,2,0,3,9,4,0,0,0,0,14029,7.05,16168,223,33,-2216,-1652,22.3,1402.9,20,5,1,9,3,13,2,1,1,1,19487,8.01,17114,236,72,23.6,1948.7
0,17,2,0,6,3,4,1,0,0,0,14513,6.61,18099,274,44,492,-410,27.4,1451.3,24,3,1,3,6,7,1,0,0,0,17751,7.04,17236,224,52,22.4,1775.1
0,15,2,1,0,7,5,0,1,0,0,11824,7.34,17089,218,47,-1493,-3140,21.8,1182.4,23,1,0,7,0,5,0,1,0,1,16845,7.29,16757,257,61,25.7,1684.5
0,6,2,0,3,11,2,0,0,0,0,11955,6.57,16473,204,36,-2639,-3252,20.4,1195.5,17,0,1,11,3,11,0,1,1,2,17071,7.46,19430,256,69,25.6,1707.1
1,21,4,0,12,3,8,0,1,0,1,18138,7.51,19885,235,67,3946,935,23.5,1813.8,15,0,1,3,12,0,0,1,0,0,13416,5.91,14221,181,59,18.1,1341.6
1,24,0,1,7,7,2,0,0,0,0,15752,6.61,16290,242,45,-1011,-1890,24.2,1575.2,17,2,0,7,7,7,1,1,0,1,17331,7.25,17868,213,59,21.3,1733.1
0,21,1,0,0,7,3,1,1,0,0,14554,6.38,15521,185,63,-2321,-1967,18.5,1455.4,25,3,1,7,0,10,2,0,1,1,18106,7.48,16508,248,58,24.8,1810.6
1,24,3,1,9,3,7,2,1,0,1,15916,6.56,21094,227,65,1866,1817,22.7,1591.6,21,2,0,3,9,5,0,1,1,1,15328,6.34,16948,222,32,22.2,1532.8
0,19,3,0,8,8,5,0,0,0,0,15065,7.04,16637,177,32,-1046,-27,17.7,1506.5,24,2,1,8,8,12,0,1,0,1,17666,7.49,17931,219,62,21.9,1766.6
1,29,3,1,14,5,3,0,1,0,1,17220,7.33,17556,199,67,1398,1700,19.9,1722.0,19,2,0,5,14,3,0,0,0,0,14800,7.03,14483,205,49,20.5,1480.0
0,13,2,0,5,7,4,1,0,1,1,15939,7.31,15992,199,51,81,-999,19.9,1593.9,21,2,1,7,5,8,1,0,0,2,17855,7.08,20223,240,50,24.0,1785.5
0,14,1,1,7,6,7,0,1,0,2,16724,6.7,16075,210,36,-1909,-280,21.0,1672.4,19,1,0,6,7,12,0,0,0,1,16513,7.27,18577,249,73,24.9,1651.3
0,26,1,1,5,5,3,1,0,0,2,18870,7.74,19056,226,51,-468,-1125,22.6,1887.0,22,1,0,5,5,8,0,1,1,0,16484,7.0,15868,177,42,17.7,1648.4
1,21,1,1,5,4,12,1,0,0,1,18961,6.72,17157,180,57,1554,2439,18.0,1896.1,26,1,0,4,5,7,1,0,0,0,15495,6.65,18345,202,37,20.2,1549.5
1,18,3,1,10,2,9,0,1,0,1,15923,7.22,18644,246,58,1963,-237,24.6,1592.3,22,3,0,2,10,3,0,0,0,0,17801,6.89,16787,233,50,23.3,1780.1
0,23,1,0,1,7,6,0,1,1,0,16566,7.15,18090,179,41,1389,-1199,17.9,1656.6,22,2,1,7,1,11,0,0,1,1,18346,6.51,19021,243,66,24.3,1834.6
1,19,2,1,8,5,7,1,0,1,1,16910,7.24,19855,204,68,-1115,921,20.4,1691.0,23,1,0,5,8,4,1,0,0,0,16410,6.63,14277,205,70,20.5,1641.0
1,17,3,1,11,2,6,0,1,0,1,17334,6.98,18049,224,63,1908,470,22.4,1733.4,15,1,0,2,11,8,1,1,0,1,14925,6.92,17927,211,58,21.1,1492.5
1,16,2,0,8,4,10,0,1,0,0,16668,6.5,18847,228,64,427,-213,22.8,1666.8,23,1,1,4,8,8,0,0,0,0,15047,6.81,18405,201,54,20.1,1504.7
0,21,2,1,7,6,6,0,1,0,1,18209,6.9,18286,212,54,931,727,21.2,1820.9,19,4,0,6,7,9,0,0,0,1,17350,7.13,17680,253,65,25.3,1735.0
0,18,0,0,3,6,3,0,1,0,0,15312,6.38,13973,200,43,-3709,-2418,20.0,1531.2,20,1,1,6,3,11,1,1,0,1,18484,7.59,17507,258,68,25.8,1848.4
0,29,3,1,6,3,10,0,1,1,0,17391,7.75,18223,182,67,1740,34,18.2,1739.1,12,3,0,3,6,5,0,1,0,1,15977,7.26,16324,230,49,23.0,1597.7
1,19,2,0,11,7,7,1,0,1,1,16727,7.13,17571,235,56,-551,-91,23.5,1672.7,26,1,1,7,11,8,1,1,0,1,15544,6.92,19379,221,71,22.1,1554.4
0,18,2,0,8,6,4,0,0,1,0,14449,6.87,20365,191,60,-1719,-630,19.1,1444.9,20,1,1,6,8,7,1,1,0,2,17052,7.29,16435,217,47,21.7,1705.2
1,30,4,1,11,1,9,2,1,0,0,19048,7.76,20342,242,67,3583,2273,24.2,1904.8,19,3,0,1,11,4,1,0,1,1,14746,6.63,15488,202,40,20.2,1474.6
0,22,2,0,3,12,5,0,0,1,1,14184,6.84,16496,224,46,-2190,-1936,22.4,1418.4,26,1,1,12,3,7,1,1,0,1,18740,7.22,18920,253,69,25.3,1874.0
0,24,2,1,8,3,10,1,1,0,1,17842,6.67,17726,225,80,3725,2955,22.5,1784.2,16,4,0,3,8,3,0,0,0,0,15811,6.48,15051,184,34,18.4,1581.1
0,12,2,1,8,8,3,0,0,0,1,14900,7.28,16929,208,66,-1218,-424,20.8,1490.0,19,4,0,8,8,4,1,0,0,0,16087,6.7,14290,242,48,24.2,1608.7
1,17,5,1,6,4,10,0,0,0,0,19236,7.17,15289,241,67,1495,898,24.1,1923.6,21,6,0,4,6,6,0,0,1,0,16125,7.33,14746,268,45,26.8,1612.5
0,14,1,0,5,6,6,0,0,0,0,15355,6.98,14416,217,47,-751,718,21.7,1535.5,19,1,1,6,5,7,0,1,0,1,19251,6.58,18164,223,35,22.3,1925.1
0,17,1,0,4,10,2,0,0,0,0,15218,6.51,15246,212,30,-2608,-2815,21.2,1521.8,20,3,1,10,4,9,1,0,0,1,19899,7.4,20757,223,53,22.3,1989.9
0,17,3,1,6,7,8,2,0,0,0,16693,6.71,16078,227,51,-1082,3,22.7,1669.3,27,1,0,7,6,3,0,1,1,0,18891,6.86,16234,222,57,22.2,1889.1
1,29,2,0,10,10,6,1,0,1,0,18459,6.64,17570,225,52,959,1676,22.5,1845.9,17,2,1,10,10,5,0,0,0,1,15247,6.75,16504,214,45,21.4,1524.7
1,13,2,1,5,5,4,0,1,1,0,15507,7.38,19249,223,76,2246,530,22.3,1550.7,14,0,0,5,5,3,0,0,1,0,16420,6.59,18022,228,55,22.8,1642.0
0,14,1,0,6,9,6,1,1,0,1,17791,6.71,15805,219,30,-789,-2005,21.9,1779.1,27,3,1,9,6,7,0,0,1,0,17761,7.38,19796,209,62,20.9,1776.1
0,17,1,1,6,16,3,0,0,0,0,15244,6.14,15066,217,62,-4123,-2794,21.7,1524.4,23,4,0,16,6,11,0,1,0,3,20328,7.5,21467,261,68,26.1,2032.8
0,20,2,0,5,13,2,1,1,0,0,13172,7.62,16096,213,51,-1812,-1654,21.3,1317.2,14,4,1,13,5,8,1,1,0,1,20519,7.06,17886,230,53,23.0,2051.9
1,11,5,1,10,2,10,1,1,0,1,20313,7.27,20733,221,74,2238,2906,22.1,2031.3,13,0,0,2,10,0,0,0,0,0,11008,6.42,12837,191,39,19.1,1100.8
0,9,0,0,5,11,4,2,0,0,0,13822,6.43,16984,177,67,-932,-2082,17.7,1382.2,23,3,1,11,5,4,0,0,0,1,19562,6.96,19599,241,64,24.1,1956.2
1,22,5,0,9,3,9,1,1,1,2,18091,7.5,19935,247,81,1565,2867,24.7,1809.1,23,0,1,3,9,6,1,1,0,1,16406,6.11,14427,205,46,20.5,1640.6
0,25,1,0,7,8,5,0,0,0,0,13974,6.58,16461,155,55,-533,-1126,15.5,1397.4,19,0,1,8,7,8,1,1,0,0,17452,7.18,20584,260,42,26.0,1745.2
1,29,3,0,7,8,8,0,0,0,1,16886,7.39,16258,188,57,1108,-50,18.8,1688.6,17,3,1,8,7,8,1,1,0,0,16249,6.92,17151,213,66,21.3,1624.9
0,19,1,0,5,7,9,1,0,1,1,16987,7.26,17387,207,64,332,-861,20.7,1698.7,24,2,1,7,5,3,1,0,1,1,17505,6.71,14989,231,61,23.1,1750.5
0,18,0,0,5,9,10,0,0,0,0,15321,6.77,13075,223,55,-952,-1559,22.3,1532.1,19,4,1,9,5,10,0,0,0,0,17868,6.64,20043,225,60,22.5,1786.8
1,19,1,1,10,2,14,0,0,0,1,17488,7.59,21530,260,67,2672,2391,26.0,1748.8,13,1,0,2,10,0,0,0,0,0,14809,7.02,14448,203,43,20.3,1480.9
0,23,2,1,7,5,4,1,1,0,0,17681,7.08,20667,218,62,367,-897,21.8,1768.1,13,2,0,5,7,3,1,1,0,1,16994,6.39,17350,254,48,25.4,1699.4
1,29,3,0,8,2,6,1,1,0,1,16840,6.76,17567,211,52,-514,1353,21.1,1684.0,15,1,1,2,8,4,2,0,0,0,14988,6.81,14724,230,51,23.0,1498.8
0,26,2,1,7,7,7,0,0,0,0,16248,6.98,17156,213,61,-1489,-22,21.3,1624.8,26,4,0,7,7,4,1,0,0,0,16746,6.64,17591,212,49,21.2,1674.6
0,21,2,0,8,5,3,0,0,0,0,16750,6.66,19474,289,48,549,1608,28.9,1675.0,17,1,1,5,8,2,0,0,0,0,13901,6.98,18144,169,35,16.9,1390.1
1,19,4,1,8,4,10,1,0,1,1,16629,6.87,19865,256,65,1904,1868,25.6,1662.9,17,1,0,4,8,0,0,0,1,0,14166,6.2,15581,184,36,18.4,1416.6
1,20,2,0,5,3,4,2,0,0,0,15186,6.67,17182,203,60,-1076,-404,20.3,1518.6,26,2,1,3,5,1,1,1,0,0,15726,6.5,17120,213,51,21.3,1572.6
1,30,3,1,9,2,9,0,0,1,0,18626,7.26,20219,235,46,3099,1731,23.5,1862.6,15,3,0,2,9,4,0,0,0,0,13404,6.57,14885,186,45,18.6,1340.4
0,17,6,0,5,7,5,0,0,0,1,15423,6.79,19193,183,31,-1660,-1626,18.3,1542.3,16,2,1,7,5,6,0,0,0,1,15707,6.93,17490,232,73,23.2,1570.7
1,12,2,0,7,4,3,1,1,0,0,19362,6.13,18415,229,62,1386,1612,22.9,1936.2,26,2,1,4,7,4,0,0,0,1,17640,6.42,15914,219,33,21.9,1764.0
1,19,1,1,10,8,13,0,1,0,1,19030,6.88,18623,215,41,1067,-1164,21.5,1903.0,15,6,0,8,10,10,0,0,0,0,16503,6.67,18625,210,49,21.0,1650.3
0,16,2,0,2,11,3,0,0,0,0,15814,6.1,15520,204,49,-2004,-1851,20.4,1581.4,28,0,1,11,2,12,2,1,1,1,18322,7.47,17455,264,50,26.4,1832.2
1,11,3,1,3,8,10,1,1,0,1,19165,7.17,17792,194,51,-825,910,19.4,1916.5,16,2,0,8,3,5,0,0,0,1,14904,6.88,16097,238,68,23.8,1490.4
0,21,2,0,10,6,2,0,0,1,0,15920,6.75,18710,228,59,-132,375,22.8,1592.0,20,3,1,6,10,8,1,0,0,0,16103,6.79,17554,207,60,20.7,1610.3
0,21,2,0,2,7,3,0,0,1,0,16120,6.61,16329,215,60,-2479,776,21.5,1612.0,22,4,1,7,2,7,1,0,1,1,17539,7.25,18140,220,51,22.0,1753.9
1,30,4,0,9,8,9,1,0,1,1,17417,6.62,16838,247,44,1341,977,24.7,1741.7,12,0,1,8,9,6,0,0,0,1,15783,6.66,15923,200,58,20.0,1578.3
0,14,4,1,8,9,6,1,1,1,0,17214,7.15,15538,197,69,-1599,-1645,19.7,1721.4,18,5,0,9,8,2,1,1,1,0,15782,6.37,18498,234,62,23.4,1578.2
0,24,2,0,4,10,8,2,0,0,0,15276,6.38,16218,205,54,-1548,1599,20.5,1527.6,20,1,1,10,4,4,1,0,0,0,16374,6.74,17649,233,66,23.3,1637.4
1,25,1,1,6,7,8,0,1,1,0,16498,6.77,19336,238,62,-1008,-420,23.8,1649.8,16,1,0,7,6,4,1,0,1,0,17579,7.2,16920,244,61,24.4,1757.9
0,22,3,0,5,6,4,1,0,0,0,15869,6.69,17139,229,70,-1292,-1235,22.9,1586.9,21,3,1,6,5,6,1,1,0,1,16601,6.79,16598,173,72,17.3,1660.1
0,14,1,0,6,8,8,0,0,0,1,14676,7.41,14720,224,57,-666,311,22.4,1467.6,20,4,1,8,6,12,0,1,0,1,17029,7.51,15677,234,50,23.4,1702.9
0,15,3,0,5,7,8,1,0,0,0,17309,6.27,15310,232,54,575,1220,23.2,1730.9,16,2,1,7,5,7,0,0,1,1,16562,6.78,18497,263,81,26.3,1656.2
0,19,2,0,4,7,1,0,0,0,0,13533,7.29,17251,227,50,-372,778,22.7,1353.3,20,4,1,7,4,3,0,0,0,0,17957,7.24,19193,220,78,22.0,1795.7
1,26,7,1,12,0,12,0,1,0,2,21711,7.45,18661,289,73,4746,4818,28.9,2171.1,20,1,0,0,12,1,0,0,0,1,12018,6.31,15699,203,45,20.3,1201.8
0,14,4,1,5,16,5,0,0,0,0,14601,6.47,13840,238,54,-3983,-2214,23.8,1460.1,21,1,0,16,5,11,0,1,1,0,19530,7.32,17236,280,51,28.0,1953.0
0,25,0,1,4,6,5,0,0,0,1,14311,7.19,17210,204,66,-2120,-1144,20.4,1431.1,18,2,0,6,4,5,0,0,0,1,17678,6.58,18023,233,42,23.3,1767.8
1,17,1,1,3,9,5,1,1,1,1,15402,7.09,18642,229,58,-1045,-967,22.9,1540.2,26,0,0,9,3,6,0,1,1,1,17608,7.34,16322,244,44,24.4,1760.8
1,15,0,1,9,0,11,0,0,0,0,19321,7.48,21130,210,46,4181,4001,21.0,1932.1,19,3,0,0,9,3,0,1,0,0,14465,6.2,15874,238,60,23.8,1446.5
0,16,0,0,4,9,0,1,0,1,0,15940,6.77,13967,213,62,-2756,-2173,21.3,1594.0,25,3,1,9,4,14,0,1,0,1,18634,7.57,19050,242,60,24.2,1863.4
0,23,2,1,3,3,6,1,1,0,2,18721,6.39,18899,232,60,118,1860,23.2,1872.1,14,4,0,3,3,6,0,0,0,0,15953,6.85,16649,210,49,21.0,1595.3
1,22,0,0,9,3,6,1,0,0,0,16625,6.58,19445,230,66,-390,1393,23.0,1662.5,18,3,1,3,9,5,0,0,0,0,14376,7.47,18419,210,40,21.0,1437.6
0,22,5,1,7,7,9,1,0,1,0,16870,7.17,16639,276,61,1262,648,27.6,1687.0,17,4,0,7,7,6,2,0,1,1,15841,6.65,19852,227,53,22.7,1584.1
1,30,4,1,10,4,7,1,0,1,1,20498,6.85,19624,254,46,1144,1236,25.4,2049.8,13,3,0,4,10,8,0,1,0,1,15093,7.18,16317,209,51,20.9,1509.3
1,17,2,1,9,7,13,0,1,0,0,16288,7.22,20566,236,42,3216,969,23.6,1628.8,12,1,0,7,9,5,0,0,0,0,14434,6.14,14891,200,60,20.0,1443.4
0,17,1,1,4,7,4,1,1,0,2,14118,6.66,17931,178,44,-1139,474,17.8,1411.8,15,0,0,7,4,8,1,0,0,1,16602,7.41,18336,294,51,29.4,1660.2
1,28,4,0,4,6,4,0,1,1,0,18502,6.49,15313,229,58,546,634,22.9,1850.2,26,2,1,6,4,5,0,0,1,1,14653,6.6,18504,208,37,20.8,1465.3
0,6,4,0,0,10,5,1,0,0,0,13630,6.81,14088,234,32,-3600,-2705,23.4,1363.0,30,6,1,10,0,11,2,1,0,0,21377,7.62,19990,209,44,20.9,2137.7
1,20,1,1,3,4,8,0,1,1,0,17451,7.19,17230,175,67,1006,-591,17.5,1745.1,23,1,0,4,3,2,1,1,0,2,17091,7.27,15757,241,59,24.1,1709.1
1,25,0,0,5,9,5,2,0,1,1,17097,6.66,16234,223,44,-2100,-1330,22.3,1709.7,18,3,1,9,5,8,1,1,0,1,17904,7.84,20761,238,55,23.8,1790.4
0,26,1,0,5,6,5,0,1,0,0,13947,7.44,16885,210,58,-703,-217,21.0,1394.7,7,0,1,6,5,0,1,0,0,0,17096,7.68,15778,207,45,20.7,1709.6
0,20,2,1,0,7,2,0,0,0,0,15698,5.96,13529,217,51,-2851,-2003,21.7,1569.8,25,3,0,7,0,12,1,1,0,3,17332,6.98,19476,227,72,22.7,1733.2
1,24,1,1,6,8,8,1,0,0,0,17968,6.7,17062,210,57,1332,1110,21.0,1796.8,15,2,0,8,6,7,1,1,0,0,16808,6.73,18713,205,60,20.5,1680.8
0,11,2,1,4,8,1,0,0,0,0,12352,6.22,14361,191,37,-2773,-1576,19.1,1235.2,22,3,0,8,4,11,1,1,0,1,20640,7.01,20371,210,77,21.0,2064.0
1,27,5,0,9,6,11,0,0,0,0,16080,6.84,17912,239,53,154,1187,23.9,1608.0,30,2,1,6,9,12,0,1,0,1,17388,6.26,15788,216,58,21.6,1738.8
0,12,0,0,0,10,4,1,0,0,0,14829,6.54,15229,207,42,-2749,-1186,20.7,1482.9,13,5,1,10,0,8,1,1,0,1,17914,7.28,19149,230,64,23.0,1791.4
0,13,1,0,9,8,4,0,0,0,0,16094,7.0,16128,224,42,-2201,-2616,22.4,1609.4,19,1,1,8,9,10,1,0,0,1,17739,6.68,18055,252,71,25.2,1773.9
1,24,0,1,6,1,7,1,0,0,1,16874,7.99,16350,250,52,3296,1567,25.0,1687.4,12,1,0,1,6,5,0,0,0,0,16226,6.06,15246,245,51,24.5,1622.6
1,19,1,1,4,8,4,2,0,0,1,18256,7.27,19151,228,66,-169,1707,22.8,1825.6,19,2,0,8,4,3,1,0,0,1,18078,6.89,17480,227,68,22.7,1807.8
1,23,2,1,12,2,10,1,1,0,1,18216,7.21,18985,284,79,2023,2252,28.4,1821.6,22,3,0,2,12,2,0,1,0,0,12843,6.95,17425,198,47,19.8,1284.3
1,25,2,1,7,0,7,1,0,0,0,17672,7.82,20150,228,66,2329,3505,22.8,1767.2,15,3,0,0,7,5,0,0,1,1,14856,6.66,15066,189,38,18.9,1485.6
0,27,2,0,8,10,4,0,0,0,0,14775,6.78,15474,221,54,-2114,-2851,22.1,1477.5,18,3,1,10,8,10,3,1,1,0,16590,6.93,17396,255,71,25.5,1659.0
1,25,3,1,8,4,15,2,0,0,2,19185,7.31,19345,279,62,2014,1680,27.9,1918.5,14,0,0,4,8,2,1,0,0,1,16288,6.37,18538,203,51,20.3,1628.8
0,14,2,1,2,7,0,0,1,0,2,13709,6.66,15737,182,43,-3879,-2430,18.2,1370.9,22,3,0,7,2,9,1,0,1,1,16655,7.09,20970,232,57,23.2,1665.5
1,25,2,1,5,4,7,1,0,0,1,17138,7.21,18007,228,50,2002,1309,22.8,1713.8,21,1,0,4,5,5,1,0,1,1,15859,6.89,16552,177,64,17.7,1585.9
0,15,1,1,8,9,2,0,1,0,1,15376,7.11,16813,225,62,-1504,-416,22.5,1537.6,18,2,0,9,8,12,1,0,0,1,18179,6.69,17852,240,52,24.0,1817.9
0,23,1,0,6,11,3,0,0,0,0,13230,5.93,17338,167,51,-1184,-887,16.7,1323.0,23,2,1,11,6,9,1,0,1,1,16528,7.68,18481,238,59,23.8,1652.8
1,22,2,0,6,6,7,0,0,0,1,16721,7.25,18202,217,63,665,1974,21.7,1672.1,25,1,1,6,6,3,1,1,0,1,16500,6.35,19621,225,32,22.5,1650.0
0,24,3,1,8,6,5,1,1,0,0,17537,7.22,19770,245,59,946,861,24.5,1753.7,18,2,0,6,8,4,0,1,0,0,16616,7.06,17550,192,63,19.2,1661.6
1,13,0,0,9,6,9,0,1,0,1,17793,7.06,19561,253,43,1699,1095,25.3,1779.3,15,1,1,6,9,3,0,0,0,1,15315,7.19,18917,222,57,22.2,1531.5
1,9,3,0,5,5,10,1,1,0,0,17640,7.3,15691,224,48,1700,-400,22.4,1764.0,19,1,1,5,5,6,0,0,1,0,15525,7.07,17295,227,62,22.7,1552.5
0,13,1,0,9,3,7,1,0,0,0,15577,7.22,19035,240,60,344,-546,24.0,1557.7,14,1,1,3,9,4,0,0,0,0,15997,7.09,16191,215,53,21.5,1599.7
1,30,2,0,7,4,9,0,1,1,0,18351,6.84,17880,228,61,1402,2092,22.8,1835.1,25,1,1,4,7,0,0,1,0,0,14974,6.73,15567,208,57,20.8,1497.4
1,15,0,0,6,8,11,1,0,0,1,16461,7.01,18799,209,57,1445,-55,20.9,1646.1,19,3,1,8,6,7,1,0,0,1,16417,7.11,17778,217,60,21.7,1641.7
1,25,2,1,4,7,9,0,0,0,1,17161,7.25,18419,221,65,2019,178,22.1,1716.1,16,3,0,7,4,6,1,1,0,1,17686,7.05,17757,234,61,23.4,1768.6
0,17,3,1,4,6,1,0,0,0,1,14844,6.91,16690,217,45,23,242,21.7,1484.4,14,2,0,6,4,0,1,0,0,0,18495,6.95,18420,207,49,20.7,1849.5
1,20,3,1,9,3,8,1,1,1,1,16410,6.81,14527,238,69,1488,539,23.8,1641.0,31,1,0,3,9,7,0,0,0,1,15305,6.6,17023,201,49,20.1,1530.5
0,17,0,0,3,13,0,0,0,0,0,15327,6.55,18732,206,63,-3191,-2395,20.6,1532.7,24,0,1,13,3,9,2,0,0,1,21270,6.87,18506,228,51,22.8,2127.0
0,28,3,1,8,7,4,0,0,0,0,15167,7.38,16284,210,65,-289,-743,21.0,1516.7,16,1,0,7,8,7,1,0,0,1,17769,7.16,18150,259,67,25.9,1776.9
0,20,3,0,2,10,0,0,0,0,0,13324,6.49,15199,176,44,-1505,-1429,17.6,1332.4,18,5,1,10,2,13,1,0,0,0,14856,6.43,18991,207,60,20.7,1485.6
1,22,1,0,3,3,7,0,1,0,0,16957,7.16,16122,255,70,1352,-606,25.5,1695.7,26,2,1,3,3,5,1,1,1,1,14659,6.88,19303,216,44,21.6,1465.9
1,30,3,1,9,2,7,0,1,0,1,19607,8.16,18222,254,69,3288,1701,25.4,1960.7,19,3,0,2,9,4,0,0,0,0,13732,6.58,14300,194,40,19.4,1373.2
0,16,0,0,9,9,6,0,1,0,0,15657,6.02,16570,218,51,-679,-725,21.8,1565.7,22,1,1,9,9,8,1,0,1,1,16766,7.56,18423,198,45,19.8,1676.6
1,26,1,0,4,3,8,0,0,0,1,14332,7.24,16429,239,62,-279,148,23.9,1433.2,23,2,1,3,4,7,0,0,1,1,15212,6.57,18087,217,49,21.7,1521.2
1,26,3,0,8,4,5,1,1,0,0,15888,6.81,17677,248,73,1375,1736,24.8,1588.8,17,1,1,4,8,5,0,0,0,0,14768,6.72,16048,146,48,14.6,1476.8
0,20,2,0,0,11,2,0,1,0,0,15208,6.16,14492,203,18,-3755,-1581,20.3,1520.8,24,4,1,11,0,9,1,1,0,1,18935,7.38,20963,223,79,22.3,1893.5
1,18,1,1,4,10,0,0,0,0,1,16530,6.67,17886,198,32,-534,-1450,19.8,1653.0,25,5,0,10,4,5,0,1,0,0,18588,7.33,19205,205,42,20.5,1858.8
0,19,6,0,6,7,3,0,1,0,0,15065,6.73,18348,214,42,303,560,21.4,1506.5,25,3,1,7,6,3,0,0,0,1,15961,6.5,15760,201,59,20.1,1596.1
0,10,1,0,0,16,3,1,0,0,0,12104,6.39,11916,213,33,-4410,-3902,21.3,1210.4,25,5,1,16,0,12,2,1,1,1,21970,7.1,23579,254,77,25.4,2197.0
0,14,0,0,3,10,2,0,0,0,0,17289,6.22,17670,184,54,-1218,-1351,18.4,1728.9,21,2,1,10,3,11,0,0,0,1,20504,7.95,17490,233,72,23.3,2050.4
1,18,4,0,5,6,7,1,1,0,2,18033,7.46,17909,227,76,1223,1053,22.7,1803.3,20,1,1,6,5,2,0,0,1,1,14789,6.73,16339,191,45,19.1,1478.9
1,24,1,1,7,2,6,1,0,0,1,17033,7.53,16546,252,49,1409,863,25.2,1703.3,23,0,0,2,7,4,0,1,0,1,14012,7.22,17684,251,46,25.1,1401.2
1,20,3,0,6,3,2,2,0,0,0,15293,6.43,18140,210,72,1118,-1006,21.0,1529.3,17,1,1,3,6,3,0,0,0,0,13029,7.45,14562,185,41,18.5,1302.9
1,24,1,1,6,8,5,1,0,0,0,17210,6.6,17880,230,56,490,995,23.0,1721.0,17,3,0,8,6,5,1,0,0,1,14103,6.96,17236,243,52,24.3,1410.3
1,23,0,1,5,5,6,1,2,0,0,17751,6.76,14302,211,64,684,-375,21.1,1775.1,22,0,0,5,5,8,2,1,0,0,14775,7.15,18455,246,60,24.6,1477.5
1,16,4,0,9,4,6,1,1,1,0,19768,7.42,17575,235,56,158,736,23.5,1976.8,16,4,1,4,9,7,0,1,1,0,15983,6.82,15120,206,56,20.6,1598.3
0,14,1,1,4,2,8,0,0,0,1,17619,6.57,18325,191,40,-458,-1884,19.1,1761.9,26,2,0,2,4,7,1,1,0,1,15591,6.56,18913,242,63,24.2,1559.1
0,19,5,0,7,8,5,1,1,0,1,17206,7.0,17692,238,67,3022,1397,23.8,1720.6,19,0,1,8,7,10,0,0,1,0,16029,6.92,17244,204,54,20.4,1602.9
0,15,0,0,4,5,5,0,1,0,1,15488,6.23,14881,218,42,-1604,-777,21.8,1548.8,21,3,1,5,4,6,1,1,1,0,17173,7.45,16714,250,47,25.0,1717.3
0,18,0,1,6,1,7,3,1,0,0,16937,6.93,19731,218,48,3159,1654,21.8,1693.7,18,1,0,1,6,6,0,0,0,0,16574,6.36,14527,199,32,19.9,1657.4
1,32,2,1,9,5,11,1,1,0,1,18332,6.91,20190,210,76,2028,1924,21.0,1833.2,22,3,0,5,9,1,0,0,0,1,15207,6.5,16334,192,35,19.2,1520.7
1,15,7,0,10,0,5,1,0,0,1,16300,6.97,19460,257,69,2176,1319,25.7,1630.0,11,0,1,0,10,3,0,0,0,0,14281,6.49,15739,204,50,20.4,1428.1
0,29,3,0,9,10,6,0,0,0,0,16961,6.76,19066,211,66,227,-722,21.1,1696.1,19,0,1,10,9,10,1,0,0,0,17299,7.8,17669,197,47,19.7,1729.9
0,20,2,1,2,6,5,0,1,0,1,15386,6.72,17935,163,65,-3314,-1669,16.3,1538.6,25,0,0,6,2,6,2,0,0,1,19738,7.47,17061,231,72,23.1,1973.8
1,27,4,1,9,3,7,1,1,1,1,18150,7.33,20076,224,68,153,1845,22.4,1815.0,15,1,0,3,9,3,0,0,0,0,13762,6.81,16369,216,43,21.6,1376.2
0,25,2,1,9,3,7,1,0,0,0,15558,6.61,16686,265,46,308,1415,26.5,1555.8,20,2,0,3,9,6,0,0,0,0,15349,6.38,18352,204,67,20.4,1534.9
0,24,6,0,9,2,8,1,0,1,1,17349,7.47,18438,197,42,-597,1013,19.7,1734.9,18,2,1,2,9,5,1,0,0,0,14282,7.0,16843,254,30,25.4,1428.2
0,27,2,0,3,6,3,1,0,0,0,15306,6.64,16649,213,42,-366,-1128,21.3,1530.6,29,1,1,6,3,9,1,1,0,2,17426,7.3,19296,204,50,20.4,1742.6
1,15,3,1,7,3,5,0,1,0,2,17625,7.42,17498,242,74,216,986,24.2,1762.5,21,1,0,3,7,4,0,0,0,0,14825,6.06,16217,197,34,19.7,1482.5
0,17,3,1,6,6,1,0,0,0,1,14932,6.9,15695,195,52,-3346,-107,19.5,1493.2,19,4,0,6,6,8,0,1,0,1,17478,6.74,18756,240,63,24.0,1747.8
1,17,0,0,9,8,12,0,0,0,0,18602,7.28,14744,200,56,830,1316,20.0,1860.2,27,4,1,8,9,5,2,1,0,0,15795,6.57,18418,199,44,19.9,1579.5
1,14,1,0,11,1,8,1,0,0,1,15706,7.73,19504,239,72,3149,2439,23.9,1570.6,11,1,1,1,11,7,1,0,0,0,12964,6.89,15349,182,31,18.2,1296.4
1,20,2,1,12,0,6,1,0,0,1,19072,7.05,19329,234,72,2029,3152,23.4,1907.2,13,3,0,0,12,5,0,1,0,0,15548,6.34,16405,191,53,19.1,1554.8
1,31,4,1,9,0,3,1,0,0,0,18531,7.27,16128,216,60,611,1194,21.6,1853.1,16,1,0,0,9,5,0,0,0,1,15986,7.09,15128,220,55,22.0,1598.6
0,16,0,0,3,10,1,0,1,1,0,14811,5.67,14557,211,55,-1997,-1421,21.1,1481.1,10,0,1,10,3,10,1,0,0,0,18362,7.08,21758,264,77,26.4,1836.2
1,30,2,0,5,2,7,1,0,1,0,16744,7.05,14564,254,44,-530,134,25.4,1674.4,11,1,1,2,5,3,0,0,0,0,14624,6.55,15089,227,33,22.7,1462.4
1,35,3,1,10,1,10,2,0,1,0,21136,7.61,21714,228,93,5350,3092,22.8,2113.6,15,0,0,1,10,7,1,0,0,0,15618,6.28,13675,157,38,15.7,1561.8
0,33,0,0,4,12,5,1,0,0,0,13864,6.41,19060,210,27,-1750,-959,21.0,1386.4,25,3,1,12,4,9,1,1,0,2,15362,7.39,20494,220,79,22.0,1536.2
0,29,1,1,9,7,8,0,1,0,1,14927,6.93,17521,230,45,214,1379,23.0,1492.7,20,2,0,7,9,8,2,0,0,1,17746,6.71,15971,209,80,20.9,1774.6
1,35,4,1,9,4,8,2,1,0,2,18478,6.64,19364,240,56,1871,2253,24.0,1847.8,21,0,0,4,9,4,0,0,0,0,14843,6.54,17002,208,59,20.8,1484.3
1,23,0,1,8,3,7,0,1,1,0,18295,6.67,16539,197,54,1164,796,19.7,1829.5,20,1,0,3,8,8,0,0,0,0,16532,6.3,16800,214,55,21.4,1653.2
1,26,5,1,9,1,15,1,1,1,1,20327,7.51,21755,238,67,5979,4963,23.8,2032.7,13,0,0,1,9,0,0,0,0,0,12369,6.32,11792,198,52,19.8,1236.9
1,20,2,1,7,7,6,1,1,0,1,16966,6.27,15077,204,61,-121,-1224,20.4,1696.6,22,3,0,7,7,8,2,0,0,0,16755,7.57,20609,212,62,21.2,1675.5
0,18,2,0,2,9,5,0,0,0,1,17106,7.34,15204,203,53,-1894,-2421,20.3,1710.6,25,3,1,9,2,8,1,0,0,1,16984,6.91,18466,245,69,24.5,1698.4
1,23,3,1,8,7,8,2,0,0,1,17660,7.4,16352,267,59,1014,1443,26.7,1766.0,18,3,0,7,8,7,1,0,0,2,15638,6.69,13716,231,43,23.1,1563.8
0,21,0,0,6,8,5,1,0,1,0,15595,6.57,15950,166,59,-2265,-2422,16.6,1559.5,24,2,1,8,6,8,1,1,1,1,18596,7.02,18073,227,57,22.7,1859.6
1,17,1,1,8,5,6,2,1,1,2,17059,6.93,15940,250,49,-2553,-853,25.0,1705.9,26,6,0,5,8,5,1,2,1,0,16113,6.92,14862,246,39,24.6,1611.3
1,13,3,1,4,6,7,1,1,0,1,17157,7.03,14573,198,54,451,802,19.8,1715.7,26,5,0,6,4,3,2,1,0,0,17644,6.81,16693,218,52,21.8,1764.4
1,24,2,1,6,6,10,1,1,0,2,17346,6.75,16980,211,53,972,470,21.1,1734.6,12,2,0,6,6,4,0,0,0,1,14107,6.66,17488,217,47,21.7,1410.7
1,18,3,1,7,4,8,2,1,1,1,16794,7.23,20599,214,43,1039,1186,21.4,1679.4,8,2,0,4,7,3,0,0,0,0,15147,7.1,16217,237,54,23.7,1514.7
1,18,1,0,6,6,3,0,0,0,0,17019,7.16,19196,245,55,660,153,24.5,1701.9,14,4,1,6,6,3,0,0,0,0,16768,6.62,17501,223,75,22.3,1676.8
0,18,2,0,2,8,5,1,0,0,0,17159,6.59,18005,233,55,118,-815,23.3,1715.9,19,2,1,8,2,7,2,1,0,0,17392,7.25,20256,265,56,26.5,1739.2
1,21,3,1,7,8,6,1,0,1,1,16266,7.38,16319,228,81,2229,1310,22.8,1626.6,20,2,0,8,7,1,0,1,0,1,15262,6.78,14555,177,29,17.7,1526.2
1,34,2,1,9,0,16,2,2,1,1,22793,7.82,22982,261,75,7086,5001,26.1,2279.3,9,0,0,0,9,0,0,0,0,0,12022,5.37,13753,156,25,15.6,1202.2
1,21,2,1,10,3,3,3,0,0,1,16357,7.26,19103,225,58,2540,1302,22.5,1635.7,10,1,0,3,10,3,1,0,0,0,18051,6.67,16749,196,58,19.6,1805.1
1,26,0,1,8,1,6,0,0,0,0,17374,7.35,18719,220,48,944,635,22.0,1737.4,21,3,0,1,8,10,0,0,0,0,16236,6.77,16782,207,72,20.7,1623.6
0,18,0,1,6,9,4,1,0,0,0,14227,6.57,15602,203,30,-3038,-2251,20.3,1422.7,24,3,0,9,6,11,1,1,0,1,14574,6.89,17550,256,77,25.6,1457.4
0,18,1,1,5,6,2,1,1,0,1,16408,7.4,16775,235,43,-660,-979,23.5,1640.8,19,3,0,6,5,6,1,0,0,0,17959,6.65,19368,235,66,23.5,1795.9
1,20,6,1,5,5,5,1,0,0,1,17511,6.7,17512,223,47,-769,236,22.3,1751.1,30,2,0,5,5,8,1,1,1,0,17556,7.72,14997,228,57,22.8,1755.6
0,12,3,0,7,5,7,0,0,1,0,12519,6.4,18202,230,62,-1410,-1300,23.0,1251.9,21,1,1,5,7,9,0,1,0,1,16787,6.85,16537,214,59,21.4,1678.7
0,22,4,0,4,5,5,1,0,0,1,15516,6.98,16671,203,52,-822,-952,20.3,1551.6,15,2,1,5,4,9,1,1,0,0,16247,6.5,17348,245,79,24.5,1624.7
1,28,4,1,7,1,10,0,1,0,2,18987,6.99,20001,212,64,2384,5021,21.2,1898.7,20,3,0,1,7,0,0,1,0,0,12533,6.71,15866,210,49,21.0,1253.3
1,27,3,1,8,3,10,2,1,0,0,17620,7.36,21707,233,74,1524,1269,23.3,1762.0,20,2,0,3,8,5,0,0,0,0,15032,6.76,13844,187,42,18.7,1503.2
0,13,3,0,7,5,3,0,0,1,1,14260,6.46,17498,237,61,-1157,1016,23.7,1426.0,21,2,1,5,7,6,0,0,0,1,15321,6.99,16773,177,52,17.7,1532.1
0,10,0,0,2,7,4,0,0,0,0,14928,6.85,15820,209,54,-1919,-125,20.9,1492.8,27,1,1,7,2,10,2,0,1,1,17021,7.74,19168,255,47,25.5,1702.1
1,20,3,0,7,4,8,1,1,0,1,16713,7.16,21676,239,75,1883,4111,23.9,1671.3,16,2,1,4,7,1,0,0,0,2,15785,6.77,16537,214,35,21.4,1578.5
1,27,4,1,5,6,6,0,1,0,1,17945,7.51,17437,220,42,468,-213,22.0,1794.5,21,3,0,6,5,6,0,0,0,0,15688,7.0,16545,205,55,20.5,1568.8
0,18,2,0,3,10,0,0,0,0,0,13489,7.02,16700,189,24,-3389,-2413,18.9,1348.9,25,2,1,10,3,9,2,0,1,2,18783,7.06,18663,234,83,23.4,1878.3
1,18,4,0,7,4,4,1,1,1,1,16922,7.46,20255,252,60,2235,705,25.2,1692.2,21,1,1,4,7,1,0,0,0,0,15326,6.63,16270,219,50,21.9,1532.6
1,15,3,1,14,2,11,0,1,0,2,19272,6.81,18266,242,56,868,751,24.2,1927.2,26,2,0,2,14,4,0,1,0,0,14891,7.2,14348,203,42,20.3,1489.1
0,12,3,0,0,14,3,0,0,0,3,11585,6.0,14866,181,52,-6213,-3208,18.1,1158.5,32,2,1,14,0,10,1,1,1,2,19366,7.5,21339,301,70,30.1,1936.6
1,15,1,1,6,12,5,1,0,1,1,13866,6.74,16300,232,49,-1376,-362,23.2,1386.6,15,0,0,12,6,6,1,0,0,0,18689,7.57,17113,222,67,22.2,1868.9
1,24,5,0,3,9,8,1,0,0,1,16233,7.08,15875,205,75,1027,500,20.5,1623.3,23,2,1,9,3,4,1,0,0,2,16165,6.79,18638,232,40,23.2,1616.5
1,27,3,1,9,1,4,0,0,0,0,18038,7.08,17028,225,73,1159,1638,22.5,1803.8,14,1,0,1,9,1,0,0,0,0,13941,6.64,18146,203,37,20.3,1394.1
0,14,1,1,4,6,4,1,1,0,0,14869,6.7,17662,180,60,-672,-374,18.0,1486.9,20,2,0,6,4,8,1,1,1,1,16268,7.39,19087,213,69,21.3,1626.8
0,22,0,0,4,9,4,0,0,1,0,13086,6.89,17224,221,62,-2414,-627,22.1,1308.6,19,1,1,9,4,8,1,0,0,1,18976,7.37,19514,231,48,23.1,1897.6
1,25,1,1,11,3,6,0,1,0,1,17387,7.59,19153,227,49,2274,2000,22.7,1738.7,25,2,0,3,11,3,0,1,0,0,15139,7.67,17018,210,33,21.0,1513.9
0,13,0,0,4,5,2,0,0,0,0,15676,7.43,16723,198,44,-960,160,19.8,1567.6,26,2,1,5,4,5,1,2,1,1,18005,6.68,18872,215,43,21.5,1800.5
1,21,2,0,4,2,10,1,0,1,0,16759,7.65,16845,281,47,1286,308,28.1,1675.9,17,3,1,2,4,5,0,1,1,1,15934,6.79,16569,222,45,22.2,1593.4
0,19,0,1,1,8,2,1,0,0,0,14946,6.01,18700,219,45,-2867,-2214,21.9,1494.6,18,1,0,8,1,10,0,1,1,0,18116,6.94,21173,217,75,21.7,1811.6
0,18,3,1,3,7,4,1,0,0,0,15699,5.52,14634,239,30,-3179,-2426,23.9,1569.9,23,3,0,7,3,10,0,1,0,0,18350,7.66,19354,208,48,20.8,1835.0
1,13,3,0,8,0,8,0,1,0,1,17500,7.32,18992,240,47,1166,674,24.0,1750.0,13,0,1,0,8,4,0,2,0,1,15053,6.76,15675,203,59,20.3,1505.3
0,21,2,0,7,8,9,1,0,0,2,17252,7.34,16855,221,51,-156,387,22.1,1725.2,20,2,1,8,7,5,1,0,0,1,15745,6.53,18955,225,42,22.5,1574.5
1,25,1,0,5,5,10,1,1,0,1,18194,7.48,18030,206,40,2442,783,20.6,1819.4,13,2,1,5,5,6,1,1,0,0,12656,6.66,18702,201,45,20.1,1265.6
1,27,1,1,9,4,4,0,1,0,1,16000,7.11,16074,211,49,-1256,-1464,21.1,1600.0,21,3,0,4,9,8,0,1,0,2,16584,6.78,17192,193,54,19.3,1658.4
0,15,0,1,7,10,1,1,1,1,1,14892,7.08,16457,249,34,-1263,-1675,24.9,1489.2,20,1,0,10,7,5,0,0,0,0,17414,6.79,20743,208,58,20.8,1741.4
1,20,5,0,9,3,11,1,1,0,2,18640,7.25,19858,235,58,3539,2571,23.5,1864.0,14,2,1,3,9,6,0,0,0,0,14580,6.6,15519,219,41,21.9,1458.0
0,16,0,0,0,12,6,1,0,0,2,15632,6.66,16485,201,27,-2169,-3049,20.1,1563.2,24,4,1,12,0,5,1,1,0,1,16981,7.4,18516,247,55,24.7,1698.1
1,24,1,1,12,5,15,2,0,0,1,17397,7.46,17143,238,74,3579,1077,23.8,1739.7,15,2,0,5,12,5,0,0,0,0,15688,6.18,15510,206,62,20.6,1568.8
1,23,5,0,11,1,11,1,0,0,1,16630,7.49,17263,280,74,1275,1356,28.0,1663.0,10,1,1,1,11,4,1,0,0,1,13018,6.52,18173,194,29,19.4,1301.8
1,25,3,0,8,6,6,1,0,0,1,18469,7.02,17953,210,50,1763,997,21.0,1846.9,18,1,1,6,8,4,0,0,0,0,14492,6.68,16120,208,54,20.8,1449.2
0,13,2,1,7,9,3,0,0,1,1,14687,6.37,16459,210,50,-2684,-578,21.0,1468.7,23,3,0,9,7,9,0,1,0,2,17445,7.26,17268,208,73,20.8,1744.5
1,20,2,0,3,10,0,0,0,1,0,16003,6.16,15343,220,65,-2309,-2018,22.0,1600.3,18,0,1,10,3,8,0,0,1,1,16890,7.12,17454,273,56,27.3,1689.0
0,16,3,0,3,9,4,0,0,0,1,14357,6.71,17557,236,70,-452,1005,23.6,1435.7,22,2,1,9,3,6,1,1,0,0,18018,6.66,17430,210,68,21.0,1801.8
0,17,2,1,3,13,0,0,1,0,0,13840,6.15,15586,206,43,-2266,-539,20.6,1384.0,29,3,0,13,3,12,1,2,0,2,17454,7.38,17108,244,76,24.4,1745.4
0,27,0,1,0,10,6,0,1,0,1,15465,6.65,15101,177,40,-1526,-1162,17.7,1546.5,20,2,0,10,0,13,2,1,0,1,17852,7.63,19930,271,63,27.1,1785.2
1,14,3,1,5,3,10,1,0,0,3,16940,7.35,19410,249,79,1172,416,24.9,1694.0,25,0,0,3,5,0,0,0,0,0,13681,7.16,17705,214,55,21.4,1368.1
1,20,3,0,9,5,13,1,1,0,1,17890,7.18,18877,232,47,3177,879,23.2,1789.0,19,4,1,5,9,5,1,0,1,0,15799,6.62,16309,254,39,25.4,1579.9
0,12,3,1,4,6,12,0,1,0,1,15929,6.62,16477,223,56,-2419,-894,22.3,1592.9,26,0,0,6,4,9,0,0,0,1,19936,7.31,16592,230,51,23.0,1993.6
1,22,0,1,4,7,8,0,0,0,2,17186,7.27,17873,218,55,351,74,21.8,1718.6,11,3,0,7,4,3,0,0,0,1,15636,6.22,16938,255,45,25.5,1563.6
1,26,1,1,6,3,5,1,1,0,0,16869,6.68,17127,255,54,3036,1097,25.5,1686.9,18,3,0,3,6,14,1,0,0,0,15927,6.68,16094,207,35,20.7,1592.7
1,24,3,1,6,8,8,1,1,0,2,18202,7.56,20859,241,57,4340,415,24.1,1820.2,11,2,0,8,6,3,0,0,0,2,14841,6.68,16186,198,68,19.8,1484.1
1,21,1,0,6,4,5,0,0,1,1,16877,7.13,18254,214,62,1738,876,21.4,1687.7,24,3,1,4,6,2,0,1,1,0,14293,7.39,14150,233,51,23.3,1429.3
1,29,0,1,7,4,14,0,0,1,0,18971,6.97,17226,271,61,2747,2482,27.1,1897.1,11,2,0,4,7,4,0,0,0,1,15021,5.96,15250,187,40,18.7,1502.1
1,23,3,0,9,4,0,2,1,0,1,17665,7.31,19071,219,44,525,1228,21.9,1766.5,18,4,1,4,9,10,0,1,0,0,16118,6.6,14002,229,69,22.9,1611.8
0,26,4,1,8,2,12,1,0,1,0,17213,6.07,21443,238,60,1601,1215,23.8,1721.3,16,2,0,2,8,9,0,1,0,0,15444,6.97,14327,171,57,17.1,1544.4
0,21,1,1,3,8,1,1,1,0,0,16349,6.59,14775,214,40,-1926,-1455,21.4,1634.9,25,2,0,8,3,16,1,0,1,0,20299,6.77,19667,238,75,23.8,2029.9
0,5,3,1,5,7,5,0,1,0,0,18198,6.72,17362,233,53,41,-570,23.3,1819.8,22,5,0,7,5,9,0,0,0,1,15650,6.63,19030,232,60,23.2,1565.0
0,20,3,0,2,6,0,1,1,0,0,16413,6.64,17263,195,60,-614,554,19.5,1641.3,19,1,1,6,2,2,0,0,0,0,17452,6.88,19233,206,67,20.6,1745.2
0,14,2,1,5,6,8,1,0,1,1,14809,6.66,18050,270,49,214,-1373,27.0,1480.9,26,0,0,6,5,5,0,0,0,0,15448,7.1,19526,210,51,21.0,1544.8
0,17,2,1,8,6,9,1,1,0,0,16461,7.2,18000,239,55,3060,1741,23.9,1646.1,21,1,0,6,8,4,1,1,0,0,17286,6.79,15823,228,71,22.8,1728.6
1,29,4,1,8,3,5,0,1,1,1,17099,6.94,17557,258,52,1743,1168,25.8,1709.9,17,2,0,3,8,5,0,0,1,1,15647,6.63,17795,193,34,19.3,1564.7
1,19,1,0,8,5,10,1,1,2,1,17347,7.44,18861,204,61,2746,1638,20.4,1734.7,20,2,1,5,8,2,1,0,0,1,17569,7.17,20219,200,42,20.0,1756.9
0,29,3,1,7,10,8,0,1,0,0,18124,6.39,17783,216,53,104,-998,21.6,1812.4,22,1,0,10,7,3,0,1,0,1,14825,6.85,20223,205,72,20.5,1482.5
0,11,0,1,9,6,3,0,1,0,0,17257,6.77,18257,213,55,-334,-2840,21.3,1725.7,21,4,0,6,9,6,1,0,0,1,20770,7.5,18049,217,64,21.7,2077.0
1,17,1,1,6,3,3,0,0,0,0,18370,6.82,20625,238,62,2286,507,23.8,1837.0,22,1,0,3,6,5,1,1,0,0,15653,6.64,16647,252,49,25.2,1565.3
0,25,4,0,7,3,6,0,0,0,1,13642,7.49,17672,263,76,1059,477,26.3,1364.2,14,2,1,3,7,10,1,0,0,1,17609,7.21,15500,229,39,22.9,1760.9
0,16,0,0,5,7,7,0,0,0,0,13563,6.85,17285,233,53,-2441,-1397,23.3,1356.3,20,3,1,7,5,11,1,0,0,0,15720,6.84,19153,237,60,23.7,1572.0
1,21,2,0,5,7,3,1,1,1,1,14593,6.49,18293,201,55,-963,-840,20.1,1459.3,15,4,1,7,5,8,1,0,0,2,16842,7.39,18442,232,52,23.2,1684.2
0,16,5,0,1,9,5,0,0,0,0,15538,6.7,16719,237,46,-2689,-4169,23.7,1553.8,33,4,1,9,1,9,0,1,0,2,17229,7.02,20136,231,53,23.1,1722.9
0,19,4,1,7,3,4,0,0,0,1,15212,7.34,17699,195,72,956,-378,19.5,1521.2,19,2,0,3,7,6,1,1,0,0,15880,6.91,18489,194,68,19.4,1588.0
0,18,1,1,6,7,5,1,0,0,1,14009,6.79,15193,219,67,488,-749,21.9,1400.9,22,3,0,7,6,7,0,0,0,0,13785,7.68,19369,219,69,21.9,1378.5
0,20,1,0,2,8,3,0,0,0,1,17827,6.75,15301,191,65,-12,-2153,19.1,1782.7,23,2,1,8,2,5,1,0,0,0,17695,6.94,19344,255,55,25.5,1769.5
1,26,3,0,6,4,10,1,1,0,0,18147,7.42,18859,262,64,1476,3516,26.2,1814.7,13,0,1,4,6,0,0,1,0,0,14672,6.63,17376,218,57,21.8,1467.2
0,26,3,0,2,6,6,0,0,0,0,15040,6.61,15207,197,55,-1917,-2460,19.7,1504.0,21,1,1,6,2,7,1,1,1,0,20983,7.21,18960,212,50,21.2,2098.3
1,20,1,1,6,7,11,0,0,0,0,17848,7.5,19341,215,58,2069,719,21.5,1784.8,19,2,0,7,6,4,1,0,0,0,15652,6.77,16341,213,48,21.3,1565.2
1,22,2,1,12,0,11,0,1,1,1,20364,7.54,20835,263,75,1793,4734,26.3,2036.4,11,2,0,0,12,0,0,0,0,1,14613,6.91,13956,200,53,20.0,1461.3
1,20,4,1,6,1,4,1,0,1,2,16033,7.33,19218,244,61,2207,1414,24.4,1603.3,19,0,0,1,6,4,0,0,0,1,15535,6.51,15131,195,67,19.5,1553.5
0,27,0,1,6,8,8,1,0,0,0,14844,7.11,17669,211,54,-36,427,21.1,1484.4,23,2,0,8,6,6,0,0,0,0,13894,7.18,16640,232,56,23.2,1389.4
0,21,0,0,0,11,3,0,0,0,0,16633,6.73,15221,213,45,-1457,-1796,21.3,1663.3,31,0,1,11,0,6,0,1,0,1,17793,7.48,17920,255,73,25.5,1779.3
0,8,1,1,0,8,2,0,0,0,0,13295,6.59,18035,203,49,-3061,-2642,20.3,1329.5,24,3,0,8,0,7,1,0,0,2,20551,7.14,20905,205,59,20.5,2055.1
0,9,2,1,3,5,5,0,1,1,0,15717,6.69,17286,228,62,292,-1254,22.8,1571.7,24,3,0,5,3,11,1,1,1,0,15497,7.43,16569,249,63,24.9,1549.7
0,14,0,1,4,8,6,1,0,0,1,17632,6.85,16770,203,60,-837,-297,20.3,1763.2,19,1,0,8,4,10,0,0,1,0,18651,7.12,19879,216,68,21.6,1865.1
1,20,2,0,3,5,4,0,0,1,0,17435,6.86,16475,225,45,-1221,-285,22.5,1743.5,17,3,1,5,3,6,1,0,1,2,18431,6.86,18004,219,67,21.9,1843.1
1,19,3,0,6,12,7,0,0,1,1,16658,6.96,15350,211,53,-620,624,21.1,1665.8,23,4,1,12,6,5,0,0,0,1,18362,6.44,17051,266,57,26.6,1836.2
0,22,1,0,2,4,7,1,0,0,0,15636,6.27,18915,231,44,-348,-1366,23.1,1563.6,22,0,1,4,2,8,1,1,1,1,16014,6.64,18061,219,49,21.9,1601.4
1,20,5,0,7,6,8,1,0,0,1,17581,7.22,18992,188,54,1060,-970,18.8,1758.1,17,4,1,6,7,7,0,0,0,0,16183,7.47,18539,221,42,22.1,1618.3
0,25,2,1,3,8,6,0,1,0,0,13495,6.71,18602,196,41,-2532,-1478,19.6,1349.5,16,2,0,8,3,5,0,1,0,0,17626,7.56,18998,231,53,23.1,1762.6
0,22,0,1,1,5,0,1,0,0,0,16357,6.97,17570,188,38,-1020,-2159,18.8,1635.7,22,3,0,5,1,5,1,0,0,1,17086,7.3,20685,195,71,19.5,1708.6
1,20,4,1,6,4,5,1,0,1,1,17071,6.42,18260,192,51,-263,-1049,19.2,1707.1,23,1,0,4,6,5,1,0,0,0,19987,6.8,17026,261,61,26.1,1998.7
0,25,1,1,1,9,5,0,0,0,0,14714,6.83,16563,221,71,-495,-867,22.1,1471.4,20,2,0,9,1,7,0,0,0,0,17510,7.49,18844,192,75,19.2,1751.0
1,15,3,0,9,3,9,2,1,0,2,22615,7.5,20310,252,66,2732,1560,25.2,2261.5,23,1,1,3,9,1,0,0,0,1,14640,6.48,17259,220,46,22.0,1464.0
1,20,1,1,8,4,4,0,0,1,1,17633,7.02,18582,244,66,840,912,24.4,1763.3,14,1,0,4,8,8,0,1,0,1,15794,6.86,16993,199,62,19.9,1579.4
0,17,2,0,0,8,1,0,1,0,0,13439,6.75,12886,216,46,-1917,-3262,21.6,1343.9,17,4,1,8,0,11,1,0,1,1,17098,7.01,20401,240,86,24.0,1709.8
1,24,1,0,8,3,8,1,0,0,0,18921,6.98,20412,205,54,2009,1977,20.5,1892.1,21,1,1,3,8,1,1,0,0,0,14819,6.69,17655,229,46,22.9,1481.9
1,13,2,1,5,7,8,0,1,0,1,17321,6.53,18860,231,71,1327,771,23.1,1732.1,17,2,0,7,5,8,1,0,0,0,15337,6.96,18624,224,65,22.4,1533.7
0,18,2,0,4,8,6,1,1,0,1,16207,5.94,18917,219,70,551,512,21.9,1620.7,18,0,1,8,4,9,0,1,0,1,16253,6.87,15736,218,56,21.8,1625.3
0,20,1,0,6,10,1,0,1,0,0,14055,6.24,17388,188,36,-2603,-1730,18.8,1405.5,18,3,1,10,6,11,0,1,0,1,19377,7.07,19225,197,61,19.7,1937.7
1,26,4,1,8,3,12,2,1,1,3,20064,7.02,18525,233,78,3279,2174,23.3,2006.4,16,1,0,3,8,3,0,0,0,0,14709,6.52,15817,198,36,19.8,1470.9
0,24,0,1,7,10,6,0,0,0,0,16807,7.01,15136,224,51,-1733,-1064,22.4,1680.7,31,4,0,10,7,9,0,1,1,1,19204,7.47,18826,232,57,23.2,1920.4
1,25,2,1,7,1,10,1,1,1,0,17225,7.47,18169,236,47,1796,840,23.6,1722.5,17,0,0,1,7,5,0,0,0,1,16945,6.59,16202,240,49,24.0,1694.5
0,20,2,0,6,6,4,0,1,0,0,16966,7.28,17359,202,53,-757,1017,20.2,1696.6,18,1,1,6,6,10,1,1,1,1,16054,6.79,18897,260,53,26.0,1605.4
1,25,2,0,9,7,16,1,0,0,1,16433,7.03,18689,214,58,487,927,21.4,1643.3,21,2,1,7,9,6,1,0,0,0,14817,6.65,17802,208,84,20.8,1481.7
0,22,4,1,11,3,10,1,1,0,2,18518,6.76,21003,244,73,3323,3100,24.4,1851.8,12,0,0,3,11,1,0,0,0,1,16595,6.14,16101,212,45,21.2,1659.5
1,22,0,0,8,5,5,1,1,0,0,18098,6.87,16048,185,63,1773,410,18.5,1809.8,15,0,1,5,8,7,0,0,0,0,16839,6.9,20609,192,42,19.2,1683.9
0,23,3,1,4,6,11,1,1,0,0,16907,7.36,16383,200,48,-185,514,20.0,1690.7,24,1,0,6,4,7,1,0,0,0,18642,6.44,16753,209,57,20.9,1864.2
1,22,1,0,5,2,10,1,0,0,0,17872,6.83,20170,241,69,3736,-507,24.1,1787.2,20,1,1,2,5,1,0,1,0,0,13901,6.68,18029,211,60,21.1,1390.1
1,21,1,1,1,6,5,0,0,1,1,15387,6.94,14596,198,46,-1645,31,19.8,1538.7,22,0,0,6,1,6,0,1,1,0,13610,6.83,16742,245,65,24.5,1361.0
1,25,0,0,9,6,7,1,1,0,0,16688,6.94,18500,229,52,1175,-729,22.9,1668.8,17,1,1,6,9,1,1,0,0,1,16518,6.74,17694,173,44,17.3,1651.8
0,21,1,1,7,8,7,1,0,0,0,13970,6.46,17231,160,67,-3211,-544,16.0,1397.0,20,7,0,8,7,11,2,1,1,1,20669,7.26,19478,248,57,24.8,2066.9
0,24,1,0,4,4,5,0,0,0,0,16025,6.57,14880,220,33,-1126,-1820,22.0,1602.5,17,3,1,4,4,11,0,0,0,1,19590,6.87,20771,241,32,24.1,1959.0
1,32,4,0,2,8,2,0,0,0,1,16931,7.24,17962,203,64,706,1099,20.3,1693.1,17,2,1,8,2,2,0,1,0,1,15368,7.07,15830,223,54,22.3,1536.8
1,24,3,1,5,6,7,1,0,1,0,17608,6.43,18894,236,46,1394,240,23.6,1760.8,17,2,0,6,5,5,0,0,0,0,15611,6.6,17721,210,73,21.0,1561.1
0,14,2,1,0,11,5,0,0,0,0,12865,6.54,15916,224,49,-2324,-1681,22.4,1286.5,28,4,0,11,0,6,2,1,0,1,16180,7.8,20165,236,56,23.6,1618.0
1,24,1,0,6,3,7,0,1,0,1,18382,6.29,19125,233,59,-73,1864,23.3,1838.2,9,2,1,3,6,4,0,1,1,1,13501,6.62,16973,203,72,20.3,1350.1
0,21,3,0,2,7,2,0,0,0,1,14534,6.59,16933,200,44,-396,-737,20.0,1453.4,16,2,1,7,2,5,1,1,0,1,17906,7.34,16402,201,59,20.1,1790.6
1,26,5,0,10,4,8,0,1,1,1,17829,7.44,19559,262,62,471,2287,26.2,1782.9,22,1,1,4,10,4,0,1,0,1,16064,6.89,16897,217,62,21.7,1606.4
0,27,3,1,6,7,7,0,0,1,1,14958,7.07,17403,208,44,-1002,-725,20.8,1495.8,24,4,0,7,6,7,1,0,0,0,15955,7.02,18441,246,49,24.6,1595.5
1,9,0,1,7,7,7,0,0,0,0,14215,6.76,17376,198,54,-1639,-1597,19.8,1421.5,15,4,0,7,7,7,0,1,0,0,17438,7.6,20227,218,72,21.8,1743.8
0,28,1,1,5,9,3,0,0,0,1,16430,6.85,16874,211,63,253,946,21.1,1643.0,17,0,0,9,5,2,0,1,0,1,17057,7.39,17684,232,55,23.2,1705.7
0,27,2,0,4,6,1,1,0,1,0,14905,6.87,17300,201,62,-2736,-846,20.1,1490.5,15,2,1,6,4,5,1,0,0,1,18437,7.06,18696,212,47,21.2,1843.7
1,25,2,1,10,0,8,1,0,1,1,17592,7.84,17487,212,80,2760,2308,21.2,1759.2,12,2,0,0,10,2,0,1,1,0,15930,6.27,15364,214,37,21.4,1593.0
1,23,6,1,8,6,4,1,0,0,2,18198,7.08,15717,201,52,2072,-1143,20.1,1819.8,13,2,0,6,8,7,1,0,1,1,16624,6.54,20399,214,52,21.4,1662.4
0,18,1,0,3,7,4,1,0,1,0,17282,6.06,13983,244,48,-26,507,24.4,1728.2,21,6,1,7,3,7,1,1,1,1,17051,7.21,19331,243,61,24.3,1705.1
1,21,2,0,8,5,7,1,0,0,1,18057,7.17,17553,260,53,1119,-737,26.0,1805.7,22,2,1,5,8,7,1,0,0,0,12788,6.46,17213,214,42,21.4,1278.8
1,21,1,0,4,9,6,0,0,0,0,16503,7.03,14997,197,62,-2765,-1997,19.7,1650.3,21,4,1,9,4,9,2,0,0,0,16448,7.13,19662,230,75,23.0,1644.8
0,21,2,0,4,8,1,1,0,0,0,14220,6.64,15571,219,43,-3432,-1422,21.9,1422.0,28,1,1,8,4,10,1,1,1,2,18518,7.27,18158,248,68,24.8,1851.8
1,24,4,1,7,7,4,0,0,0,1,17375,6.75,18200,226,63,-188,1461,22.6,1737.5,23,0,0,7,7,7,0,1,0,1,14514,7.06,18018,225,56,22.5,1451.4
0,21,2,1,7,5,2,1,1,0,0,14971,7.06,15110,193,36,-1256,-700,19.3,1497.1,17,1,0,5,7,4,1,0,0,1,16604,7.31,18991,236,35,23.6,1660.4
0,22,1,0,2,8,0,0,1,0,1,12679,6.59,17104,224,48,-1498,-103,22.4,1267.9,15,1,1,8,2,12,1,0,0,0,18823,6.66,19528,251,68,25.1,1882.3
1,26,1,0,6,3,8,0,0,1,1,18559,6.67,19237,223,63,2398,1376,22.3,1855.9,19,2,1,3,6,5,2,0,1,0,14545,6.31,14834,203,54,20.3,1454.5
1,16,4,1,5,7,7,1,1,0,0,16810,7.03,16663,248,56,1013,473,24.8,1681.0,25,0,0,7,5,5,0,0,0,0,15806,6.07,18068,205,62,20.5,1580.6
0,22,1,1,3,7,6,0,0,0,1,14876,6.9,13196,199,43,-2607,-2009,19.9,1487.6,25,0,0,7,3,12,1,0,0,2,15560,7.28,16502,226,64,22.6,1556.0
0,28,1,1,5,8,2,1,1,0,0,14849,6.75,16603,225,36,-1921,-550,22.5,1484.9,25,4,0,8,5,11,1,0,0,1,15252,6.52,17241,224,63,22.4,1525.2
0,18,0,1,3,8,4,1,0,0,0,15166,6.46,15008,204,67,-3035,-1771,20.4,1516.6,20,3,0,8,3,14,1,0,1,0,18777,7.27,18356,258,61,25.8,1877.7
1,31,3,1,12,3,10,0,1,0,1,21999,7.56,21134,254,68,2994,2898,25.4,2199.9,22,1,0,3,12,0,0,0,0,0,14481,6.25,15983,217,50,21.7,1448.1
1,17,2,1,8,2,4,1,0,0,0,14787,7.36,19404,207,80,1113,489,20.7,1478.7,7,0,0,2,8,7,0,1,0,1,15546,7.07,15769,218,40,21.8,1554.6
1,19,0,0,5,8,6,1,0,0,1,17015,6.47,16233,190,59,932,1957,19.0,1701.5,16,3,1,8,5,7,1,0,0,0,15762,7.22,16694,202,41,20.2,1576.2
1,18,4,1,4,5,8,1,0,0,2,19752,6.92,18737,243,69,2151,868,24.3,1975.2,22,2,0,5,4,10,0,0,1,0,16795,6.61,15659,214,40,21.4,1679.5
0,24,1,0,7,10,3,0,0,0,0,12319,6.28,15948,207,44,-3286,-957,20.7,1231.9,24,3,1,10,7,6,1,0,0,1,17812,6.99,20185,201,69,20.1,1781.2
0,27,5,0,4,11,1,0,1,0,0,14762,6.8,17965,204,52,-1307,-1703,20.4,1476.2,24,1,1,11,4,3,2,1,1,1,15653,6.79,18853,244,53,24.4,1565.3
1,20,4,1,10,6,6,0,0,0,1,17330,7.51,16681,227,57,-2134,-526,22.7,1733.0,19,1,0,6,10,6,0,0,0,1,14067,6.35,16125,209,56,20.9,1406.7
1,27,1,0,6,3,2,2,1,1,1,16641,7.52,21545,201,59,1021,788,20.1,1664.1,18,1,1,3,6,1,1,0,0,0,12670,6.48,17745,224,42,22.4,1267.0
0,28,4,0,8,11,7,1,0,1,1,15621,6.89,18100,240,72,154,-1567,24.0,1562.1,16,1,1,11,8,8,1,1,0,1,17047,7.26,21813,209,54,20.9,1704.7
0,20,5,0,5,8,8,0,0,0,0,17680,6.41,18047,206,55,818,526,20.6,1768.0,12,5,1,8,5,0,1,0,0,1,16118,6.43,15055,209,71,20.9,1611.8
0,21,1,0,10,7,6,0,1,0,0,13685,6.93,18303,219,57,799,-198,21.9,1368.5,13,0,1,7,10,6,1,0,0,0,20325,6.8,16596,216,67,21.6,2032.5
0,23,0,0,8,6,9,1,0,1,1,17182,6.78,16719,214,49,-243,1569,21.4,1718.2,21,0,1,6,8,6,1,0,1,0,17645,6.99,18679,173,52,17.3,1764.5
0,15,0,0,7,8,4,1,0,0,0,17049,6.48,16924,246,56,-631,-773,24.6,1704.9,24,2,1,8,7,9,0,1,0,0,17065,7.11,16652,242,65,24.2,1706.5
1,20,2,0,3,2,3,1,0,0,0,17236,7.14,15699,179,46,-702,-1112,17.9,1723.6,18,1,1,2,3,7,1,0,0,1,17389,6.56,16442,217,54,21.7,1738.9
1,31,1,1,11,9,6,1,0,1,0,17444,7.29,19100,191,54,-456,919,19.1,1744.4,17,2,0,9,11,5,0,0,1,0,16610,6.44,18906,196,42,19.6,1661.0
0,18,3,0,11,7,12,1,0,0,1,18122,7.02,17776,187,75,610,100,18.7,1812.2,15,0,1,7,11,2,1,1,1,0,14610,6.65,14619,225,58,22.5,1461.0
1,25,1,0,6,5,6,0,0,0,0,16791,6.88,17677,227,55,1004,529,22.7,1679.1,23,0,1,5,6,7,0,1,0,0,15949,6.83,17700,212,53,21.2,1594.9
0,20,0,0,4,11,9,0,1,0,0,12737,6.28,15616,199,38,-2514,-1458,19.9,1273.7,25,2,1,11,4,7,1,0,0,0,18585,6.87,18759,236,63,23.6,1858.5
1,17,1,0,6,10,4,1,1,0,0,14529,6.77,15888,241,64,-515,-732,24.1,1452.9,13,4,1,10,6,13,1,0,1,1,18393,6.96,18803,227,53,22.7,1839.3
1,22,0,1,3,3,5,1,0,0,0,16796,7.25,17066,234,57,589,705,23.4,1679.6,24,2,0,3,3,5,1,0,1,1,15037,7.0,17614,252,47,25.2,1503.7
1,32,2,1,12,3,14,1,0,1,1,18259,7.47,19165,208,75,2256,2201,20.8,1825.9,10,2,0,3,12,6,0,0,0,0,15515,6.38,15598,221,46,22.1,1551.5
1,23,1,1,9,6,7,1,1,0,1,15843,7.01,14322,217,67,-415,172,21.7,1584.3,23,4,0,6,9,5,2,1,0,0,16845,7.5,17917,218,50,21.8,1684.5
0,23,2,0,4,7,4,1,0,0,2,15329,7.42,18557,229,57,-974,-2173,22.9,1532.9,14,3,1,7,4,10,1,0,0,1,16655,6.74,18953,212,75,21.2,1665.5
0,28,2,0,2,5,9,1,0,0,1,17606,7.1,17439,221,61,-248,1818,22.1,1760.6,9,0,1,5,2,6,1,0,1,1,16999,6.99,16213,190,47,19.0,1699.9
0,16,0,0,4,10,7,0,1,0,1,15211,6.52,15255,200,43,-1827,-2772,20.0,1521.1,28,2,1,10,4,8,2,1,0,1,18340,6.52,19274,207,62,20.7,1834.0
1,17,4,1,6,4,7,1,0,0,0,17283,7.02,20547,225,64,2884,1414,22.5,1728.3,31,0,0,4,6,2,0,0,0,0,13418,7.05,16315,198,37,19.8,1341.8
0,29,2,0,3,10,9,1,0,0,1,17519,6.57,20086,221,70,2470,-50,22.1,1751.9,23,1,1,10,3,6,0,0,0,1,18735,6.87,18944,210,40,21.0,1873.5
0,19,4,0,5,6,4,1,0,0,1,15772,7.49,14899,191,49,-1867,87,19.1,1577.2,21,1,1,6,5,8,1,1,1,0,17086,6.67,16992,209,51,20.9,1708.6
0,24,2,1,9,7,3,0,0,1,0,14456,7.14,18953,219,46,-356,-289,21.9,1445.6,20,2,0,7,9,6,0,0,0,2,17269,6.84,18587,215,46,21.5,1726.9
0,15,2,1,4,5,3,0,0,0,1,15914,7.23,15199,221,36,-528,-241,22.1,1591.4,24,1,0,5,4,8,1,1,0,2,19253,7.47,18304,217,52,21.7,1925.3
1,25,2,0,11,5,6,2,1,0,1,18997,7.29,19364,229,65,2792,1410,22.9,1899.7,17,0,1,5,11,1,0,0,0,0,14672,5.64,15728,228,38,22.8,1467.2
0,14,3,0,7,4,6,2,0,1,0,15173,6.95,19146,219,47,117,-1400,21.9,1517.3,23,4,1,4,7,2,0,0,0,2,17775,7.03,17240,233,59,23.3,1777.5
0,21,2,1,3,6,7,1,0,1,0,16875,6.63,16412,223,70,1331,-575,22.3,1687.5,17,3,0,6,3,6,1,1,0,0,14920,7.32,15584,220,61,22.0,1492.0
1,18,4,0,6,7,10,1,0,0,0,16077,6.94,17119,220,63,609,1466,22.0,1607.7,18,2,1,7,6,5,0,0,0,0,15478,6.68,17268,214,35,21.4,1547.8
0,14,4,1,7,8,7,0,1,0,1,14635,6.61,18207,232,53,-1299,-956,23.2,1463.5,13,0,0,8,7,12,1,0,0,0,17263,7.39,22448,259,57,25.9,1726.3
1,19,1,0,5,3,5,1,0,0,0,17151,6.6,14263,178,58,938,333,17.8,1715.1,20,6,1,3,5,5,1,0,0,0,15401,7.17,16500,214,35,21.4,1540.1
1,9,3,1,8,7,6,1,0,0,2,18588,7.15,19712,194,57,-962,2974,19.4,1858.8,20,1,0,7,8,11,1,0,0,1,14158,7.71,16700,225,49,22.5,1415.8
0,11,2,0,2,10,1,1,1,1,1,14914,7.79,13757,212,48,-3333,-1003,21.2,1491.4,32,3,1,10,2,6,2,1,0,1,18010,7.07,18773,235,63,23.5,1801.0
0,24,3,1,8,5,7,0,0,0,1,15894,6.51,18259,240,46,530,420,24.0,1589.4,28,1,0,5,8,10,1,0,0,1,17789,7.44,18509,218,49,21.8,1778.9
0,22,1,0,7,4,5,0,1,0,1,17101,7.08,15685,212,62,702,-1192,21.2,1710.1,22,2,1,4,7,3,1,1,1,0,17330,6.3,19093,206,60,20.6,1733.0
1,15,1,1,6,2,6,1,0,0,2,16509,6.75,17548,239,54,108,1710,23.9,1650.9,17,0,0,2,6,9,1,1,0,0,15698,6.65,18393,198,43,19.8,1569.8
1,23,1,0,8,11,10,1,1,1,0,17801,7.01,16712,207,58,423,752,20.7,1780.1,23,3,1,11,8,6,0,0,0,0,14446,7.05,17374,199,57,19.9,1444.6
1,16,1,0,2,4,10,1,0,1,0,17161,7.55,17206,209,46,-1380,-1209,20.9,1716.1,21,0,1,4,2,1,0,0,0,1,14503,6.74,17675,201,62,20.1,1450.3
1,26,1,1,7,1,7,1,1,0,1,17006,6.64,18087,243,51,1626,1729,24.3,1700.6,18,3,0,1,7,0,0,0,1,0,14066,6.52,15706,201,48,20.1,1406.6
0,17,1,0,2,9,6,0,0,0,0,14850,6.21,16340,218,42,-3600,-2121,21.8,1485.0,16,3,1,9,2,8,1,1,0,1,17876,7.28,17851,225,61,22.5,1787.6
0,18,1,0,8,5,7,0,0,0,1,15975,6.71,16432,216,53,-395,-226,21.6,1597.5,24,4,1,5,8,8,0,1,0,0,17676,6.76,19692,191,50,19.1,1767.6
0,21,3,1,4,6,6,2,1,0,0,15173,7.08,19135,261,73,774,1234,26.1,1517.3,26,1,0,6,4,4,0,0,0,0,16534,6.88,15181,225,52,22.5,1653.4
1,34,2,1,7,8,10,1,1,0,0,17560,6.79,18459,239,26,1523,777,23.9,1756.0,19,0,0,8,7,4,0,0,0,0,13221,6.49,15395,199,38,19.9,1322.1
1,17,2,0,8,3,3,0,0,0,0,19986,6.92,18013,174,77,973,-144,17.4,1998.6,20,3,1,3,8,0,1,0,0,0,15640,6.66,17357,223,42,22.3,1564.0
1,27,3,1,13,0,14,2,0,0,2,19701,7.91,21694,254,61,4662,5000,25.4,1970.1,15,1,0,0,13,1,0,0,0,0,11921,6.19,14879,185,38,18.5,1192.1
0,25,2,0,7,6,7,1,0,0,1,13932,6.65,18399,239,65,1408,235,23.9,1393.2,14,3,1,6,7,7,0,0,0,1,15047,6.3,17595,225,53,22.5,1504.7
1,17,2,1,7,1,6,1,0,0,1,17514,6.97,16411,255,70,2465,2450,25.5,1751.4,19,1,0,1,7,4,1,0,0,1,15986,6.52,15293,178,53,17.8,1598.6
0,11,3,1,5,5,5,1,0,0,0,18889,6.57,17579,243,48,-930,-1495,24.3,1888.9,25,0,0,5,5,9,0,1,0,0,17266,7.31,18552,228,56,22.8,1726.6
0,15,1,0,6,8,9,1,0,0,1,13831,7.06,15524,218,53,-1399,-2627,21.8,1383.1,26,1,1,8,6,12,1,0,1,2,16388,7.19,18206,185,71,18.5,1638.8
1,23,2,0,4,11,12,0,1,0,1,17508,6.69,15788,219,48,-1538,-2121,21.9,1750.8,21,3,1,11,4,3,2,1,1,0,16311,6.93,18404,264,67,26.4,1631.1
1,20,0,1,3,3,5,1,1,1,0,16607,6.88,16841,236,58,1527,860,23.6,1660.7,14,2,0,3,3,5,0,0,1,0,14146,6.44,17404,220,47,22.0,1414.6
1,20,3,1,8,4,7,0,1,1,0,17434,6.91,16914,230,44,1252,1931,23.0,1743.4,14,3,0,4,8,3,1,0,0,0,13437,7.09,15104,218,48,21.8,1343.7
1,25,1,0,10,11,6,1,0,1,2,16985,7.01,18775,172,53,605,1808,17.2,1698.5,21,1,1,11,10,6,0,1,0,1,15280,6.9,18016,242,40,24.2,1528.0
0,16,1,1,3,8,6,0,0,0,0,15069,7.29,14600,229,66,-783,-283,22.9,1506.9,19,0,0,8,3,8,0,1,1,1,16826,6.97,17905,210,55,21.0,1682.6
0,19,0,0,8,3,9,1,0,0,1,14819,6.96,17755,187,67,-1912,687,18.7,1481.9,15,1,1,3,8,9,0,0,1,0,19470,7.29,16501,226,59,22.6,1947.0
0,12,0,0,7,6,5,1,0,1,0,17586,7.53,15467,260,49,212,-1099,26.0,1758.6,21,1,1,6,7,8,1,1,0,2,16651,6.66,17398,245,47,24.5,1665.1
1,23,2,1,5,6,5,0,1,0,2,19109,6.9,18411,223,54,493,681,22.3,1910.9,28,4,0,6,5,5,0,1,0,0,18326,6.65,14846,212,48,21.2,1832.6
1,23,5,1,6,7,7,2,1,1,0,18084,7.42,20980,240,49,53,-270,24.0,1808.4,13,3,0,7,6,9,0,0,0,1,14839,6.74,14184,224,62,22.4,1483.9
0,22,1,0,2,11,4,0,0,0,0,14027,7.15,16650,223,56,-1827,-621,22.3,1402.7,18,2,1,11,2,7,2,0,0,1,17961,7.01,17502,245,54,24.5,1796.1
1,16,0,1,8,6,9,0,1,0,1,17447,6.65,17781,247,61,305,218,24.7,1744.7,20,5,0,6,8,3,0,0,0,0,17813,6.95,15149,213,55,21.3,1781.3
0,18,2,1,4,9,5,0,0,0,2,15332,6.25,14416,222,48,-2421,-1515,22.2,1533.2,15,3,0,9,4,5,1,0,1,1,17367,7.14,17796,230,64,23.0,1736.7
1,15,1,1,9,2,9,1,0,1,0,17700,6.87,18453,229,52,1433,738,22.9,1770.0,19,2,0,2,9,5,0,1,0,0,13871,7.04,18719,215,48,21.5,1387.1
1,18,3,0,7,5,8,0,0,0,0,16115,7.49,16190,267,59,-103,-549,26.7,1611.5,18,2,1,5,7,5,1,0,0,1,16724,7.33,18488,232,71,23.2,1672.4
1,31,2,1,6,0,8,2,1,0,2,18050,7.35,18578,264,63,3197,1421,26.4,1805.0,22,3,0,0,6,8,1,1,0,0,15010,6.87,16167,181,35,18.1,1501.0
0,18,1,0,2,9,5,0,0,1,0,15294,6.9,19743,196,58,723,-1163,19.6,1529.4,24,1,1,9,2,13,1,0,0,2,18274,7.05,20293,250,46,25.0,1827.4
0,14,4,1,8,6,8,1,0,0,1,16567,6.86,17602,217,55,533,-1590,21.7,1656.7,17,4,0,6,8,6,2,0,0,2,13575,7.63,16273,198,54,19.8,1357.5
1,18,3,1,6,5,6,2,0,0,2,19119,7.22,17020,280,68,1343,654,28.0,1911.9,20,1,0,5,6,0,1,1,0,0,15420,6.73,16718,214,46,21.4,1542.0
0,10,0,1,4,11,4,0,0,0,1,17422,6.73,15977,163,56,-2096,-2033,16.3,1742.2,23,3,0,11,4,8,1,0,1,1,17941,7.29,19411,230,25,23.0,1794.1
1,13,0,0,7,7,9,0,0,1,2,16976,6.4,16214,212,48,1309,592,21.2,1697.6,19,3,1,7,7,7,0,0,0,0,17228,6.61,17112,236,47,23.6,1722.8
0,23,0,0,7,9,6,0,1,0,0,16432,6.04,16753,195,51,-1219,-967,19.5,1643.2,32,1,1,9,7,8,1,0,0,1,18269,6.79,15386,222,63,22.2,1826.9
0,12,6,0,2,9,8,1,0,0,1,14814,7.22,16094,197,35,713,-872,19.7,1481.4,22,3,1,9,2,3,1,1,0,0,17878,7.44,18098,203,47,20.3,1787.8
0,21,0,0,0,9,3,0,0,0,0,15548,5.95,17226,181,56,-1881,-789,18.1,1554.8,32,4,1,9,0,9,0,0,0,1,16800,7.3,19791,257,63,25.7,1680.0
1,22,4,1,8,1,9,1,1,0,1,18098,7.0,18403,246,52,1572,2749,24.6,1809.8,20,0,0,1,8,6,1,0,0,0,15485,7.3,13376,166,55,16.6,1548.5
0,16,1,1,3,9,6,0,0,0,0,16826,6.55,18600,232,56,-330,-638,23.2,1682.6,24,2,0,9,3,8,0,0,1,1,18799,7.68,18561,233,64,23.3,1879.9
1,22,1,1,7,6,8,1,0,1,1,17029,6.96,19624,230,48,2036,807,23.0,1702.9,32,4,0,6,7,10,0,0,0,0,13934,6.71,17324,210,36,21.0,1393.4
1,16,2,0,6,4,6,1,1,0,1,16115,6.95,16796,223,51,-626,469,22.3,1611.5,28,3,1,4,6,0,1,0,0,1,16986,6.06,15728,234,48,23.4,1698.6
0,21,1,0,1,11,0,0,0,0,0,14404,7.03,14936,191,34,-2276,-2661,19.1,1440.4,19,3,1,11,1,10,1,1,0,1,16783,7.46,18873,230,54,23.0,1678.3
1,18,3,0,12,8,10,0,0,0,0,18423,7.15,16999,248,71,1629,1151,24.8,1842.3,20,3,1,8,12,3,1,1,0,2,16374,6.63,15450,215,64,21.5,1637.4
0,15,3,0,3,9,0,0,1,0,0,15340,7.01,15786,225,51,-1953,-2247,22.5,1534.0,20,5,1,9,3,9,0,1,0,1,16518,7.57,17728,265,70,26.5,1651.8
1,19,1,0,6,3,4,0,0,0,1,17772,6.91,19342,259,63,1728,-286,25.9,1777.2,16,3,1,3,6,6,0,0,1,0,15739,6.11,14925,224,50,22.4,1573.9
0,22,0,0,5,6,6,0,0,0,1,15820,6.71,16549,189,36,-1741,-465,18.9,1582.0,24,5,1,6,5,6,0,0,0,1,16539,6.41,19130,235,71,23.5,1653.9
1,23,0,0,7,3,5,0,0,0,1,15764,6.49,19261,209,52,1617,8,20.9,1576.4,17,2,1,3,7,7,2,0,0,1,16051,7.49,14490,232,80,23.2,1605.1
0,4,0,1,2,8,4,0,0,0,1,14447,6.43,16726,203,53,-3417,-1897,20.3,1444.7,18,4,0,8,2,10,2,1,0,0,17873,7.22,19236,235,51,23.5,1787.3
0,22,2,1,11,7,3,0,0,0,1,16092,7.09,18550,237,65,774,973,23.7,1609.2,19,1,0,7,11,6,0,0,0,1,17629,7.03,20016,203,35,20.3,1762.9
1,13,2,0,5,8,9,2,2,0,2,16851,6.42,20497,225,56,2682,2379,22.5,1685.1,20,4,1,8,5,4,0,1,0,0,14693,6.41,15358,219,58,21.9,1469.3
0,17,0,0,1,6,6,1,0,0,0,14575,6.81,16742,224,44,-159,-532,22.4,1457.5,36,3,1,6,1,10,1,1,1,1,15423,6.97,18537,231,56,23.1,1542.3
0,18,0,0,1,8,1,0,0,0,1,15450,6.29,17284,178,42,81,-1785,17.8,1545.0,26,3,1,8,1,7,1,1,0,0,16841,6.87,17335,253,59,25.3,1684.1
1,19,2,1,7,5,8,1,1,1,1,17694,6.76,18554,239,67,1982,33,23.9,1769.4,12,4,0,5,7,2,1,0,0,1,16156,6.77,17790,239,40,23.9,1615.6
1,23,1,0,8,5,9,0,1,0,0,17258,7.38,18013,213,39,2202,59,21.3,1725.8,15,2,1,5,8,5,1,0,0,1,16029,6.4,17109,213,42,21.3,1602.9
0,19,0,1,0,8,0,0,0,0,0,12956,5.94,13433,167,42,-4485,-4559,16.7,1295.6,24,3,0,8,0,11,1,1,1,0,18668,7.27,19801,266,74,26.6,1866.8
1,20,2,1,11,0,10,2,1,0,1,19757,7.11,21394,243,42,3183,2516,24.3,1975.7,21,0,0,0,11,4,0,0,0,0,15053,6.47,14400,220,34,22.0,1505.3
1,17,3,1,8,9,7,0,1,1,1,15893,7.3,17411,238,67,2029,444,23.8,1589.3,22,2,0,9,8,7,0,0,0,0,14221,7.06,15648,209,57,20.9,1422.1
0,21,2,0,7,7,8,1,0,1,0,15050,7.11,18237,204,51,2147,1711,20.4,1505.0,15,1,1,7,7,5,1,0,0,0,14835,6.95,16933,205,68,20.5,1483.5
0,12,1,1,7,7,5,0,0,1,0,14616,6.29,18800,248,65,424,611,24.8,1461.6,25,2,0,7,7,7,1,0,0,1,16710,7.6,16281,217,68,21.7,1671.0
0,14,0,0,1,11,0,0,0,0,0,14562,6.31,17548,183,33,-3351,-1463,18.3,1456.2,25,5,1,11,1,14,0,1,0,2,16249,7.26,19882,236,71,23.6,1624.9
1,28,2,1,7,6,6,0,0,1,1,19522,6.93,20730,277,62,-554,1096,27.7,1952.2,9,3,0,6,7,5,0,0,0,0,15390,6.91,17445,192,61,19.2,1539.0
0,11,2,1,4,6,3,1,0,0,1,15338,6.75,17653,192,57,131,-1242,19.2,1533.8,16,1,0,6,4,8,1,1,0,1,18766,6.69,18856,207,47,20.7,1876.6
1,19,2,1,8,4,7,1,1,1,1,17923,7.08,18533,209,54,1409,2645,20.9,1792.3,29,0,0,4,8,6,0,0,0,1,14020,6.5,15242,214,53,21.4,1402.0
0,17,5,1,8,5,9,1,0,0,0,14403,6.62,18491,198,37,424,735,19.8,1440.3,22,0,0,5,8,4,0,1,0,1,17236,7.39,17565,231,52,23.1,1723.6
0,31,2,0,4,6,3,1,1,0,2,15113,8.02,17018,222,48,107,2466,22.2,1511.3,23,0,1,6,4,4,0,0,0,0,19777,7.0,16571,237,47,23.7,1977.7
0,16,1,1,3,5,7,1,0,1,1,15396,6.58,16535,234,42,-1358,-1733,23.4,1539.6,27,6,0,5,3,11,0,1,0,1,17035,7.31,19446,201,76,20.1,1703.5
1,19,3,0,8,3,12,1,1,0,0,19494,7.25,20907,218,68,1070,1877,21.8,1949.4,18,1,1,3,8,6,0,1,0,0,16178,6.75,17526,209,66,20.9,1617.8
0,12,5,0,7,10,8,1,0,0,0,14900,5.92,16165,203,45,-2388,-1233,20.3,1490.0,22,4,1,10,7,11,1,0,0,1,21910,7.65,18160,223,59,22.3,2191.0
1,25,4,1,12,0,15,1,1,0,1,17786,7.24,20515,236,76,4265,4201,23.6,1778.6,20,1,0,0,12,0,0,0,0,0,13446,5.85,14913,203,36,20.3,1344.6
1,26,0,1,9,0,11,2,1,0,1,19060,7.47,20352,258,84,6338,2951,25.8,1906.0,12,2,0,0,9,0,0,0,0,0,12780,6.51,12851,182,45,18.2,1278.0
1,19,3,1,8,2,9,2,0,0,0,17222,6.86,21568,245,44,1283,1552,24.5,1722.2,11,3,0,2,8,6,0,0,0,0,15466,6.35,15442,191,44,19.1,1546.6
1,27,1,1,11,4,4,2,1,1,1,18673,7.07,19530,292,65,2776,1589,29.2,1867.3,13,0,0,4,11,0,1,0,0,0,12769,6.36,15685,219,51,21.9,1276.9
0,21,0,1,5,6,5,0,2,0,1,15249,6.95,16340,226,50,1559,-764,22.6,1524.9,20,2,0,6,5,7,0,0,0,0,21114,6.68,18465,262,59,26.2,2111.4
1,27,5,0,6,0,11,1,0,0,0,19415,6.7,18492,244,68,3113,923,24.4,1941.5,12,2,1,0,6,4,0,0,0,0,13864,6.04,15763,200,58,20.0,1386.4
1,18,4,1,8,8,2,0,0,1,1,15206,6.64,17602,235,51,1323,-80,23.5,1520.6,20,3,0,8,8,9,1,1,0,1,13925,7.56,18503,222,61,22.2,1392.5
0,18,0,1,3,9,1,0,0,1,0,13215,6.52,13995,166,46,-4243,-2020,16.6,1321.5,25,2,0,9,3,10,1,1,0,1,18078,7.28,20480,198,81,19.8,1807.8
1,22,1,0,7,3,9,1,1,0,0,20580,7.5,19351,220,52,1846,1324,22.0,2058.0,21,2,1,3,7,2,1,0,0,0,15831,6.01,17280,196,32,19.6,1583.1
1,30,3,1,6,6,4,1,0,0,1,16365,7.41,18252,242,53,2511,1853,24.2,1636.5,22,1,0,6,6,6,0,0,0,0,16806,6.55,16388,201,50,20.1,1680.6
1,21,1,1,1,6,10,0,0,0,1,17887,6.89,15684,249,56,2045,-1144,24.9,1788.7,32,1,0,6,1,7,1,0,1,1,15292,7.18,18043,241,50,24.1,1529.2
0,18,1,0,2,4,5,0,1,0,0,13702,6.54,16292,198,33,-2503,-2931,19.8,1370.2,18,2,1,4,2,10,1,1,0,1,19523,6.68,19228,223,38,22.3,1952.3
0,17,1,1,5,11,6,1,1,0,0,14448,7.24,17713,209,40,-2094,-617,20.9,1444.8,20,1,0,11,5,9,1,0,1,0,16099,7.09,18408,235,43,23.5,1609.9
0,14,0,0,4,5,4,0,0,1,0,15013,7.05,16597,189,46,-3104,-2866,18.9,1501.3,28,4,1,5,4,10,2,1,0,0,20336,7.8,21050,225,41,22.5,2033.6
1,23,0,1,9,3,7,0,1,0,1,17864,7.75,18715,237,61,2327,2154,23.7,1786.4,22,1,0,3,9,3,0,0,0,0,16909,6.94,13850,226,49,22.6,1690.9
0,21,2,0,0,12,3,0,0,0,0,12979,6.57,14884,233,40,-2505,-1850,23.3,1297.9,18,1,1,12,0,9,1,1,1,0,18066,7.89,17523,257,82,25.7,1806.6
1,17,4,0,6,4,4,0,1,0,2,16214,6.89,17603,215,54,1448,1103,21.5,1621.4,21,2,1,4,6,8,0,2,1,0,14834,7.79,18073,217,55,21.7,1483.4
0,19,1,1,7,6,0,0,0,0,1,13397,6.72,18607,237,45,-740,-857,23.7,1339.7,26,3,0,6,7,16,1,2,0,1,19412,6.53,18229,251,68,25.1,1941.2
0,18,1,0,2,9,3,0,0,0,0,12705,6.16,14469,161,43,-3021,-1259,16.1,1270.5,32,1,1,9,2,9,1,1,1,0,18553,7.44,21908,239,65,23.9,1855.3
1,22,3,1,8,5,10,0,0,0,0,17174,6.74,17725,242,49,1332,1934,24.2,1717.4,27,3,0,5,8,0,1,0,1,0,16887,7.03,18988,236,46,23.6,1688.7
0,11,2,0,7,5,10,1,1,0,0,15057,6.71,16133,221,38,-1561,-1433,22.1,1505.7,25,2,1,5,7,4,0,0,0,0,18405,6.81,19600,195,49,19.5,1840.5
1,17,5,0,10,3,7,1,0,1,0,19340,7.23,19826,226,69,1106,1117,22.6,1934.0,24,2,1,3,10,5,1,0,0,1,16905,6.69,16592,220,56,22.0,1690.5
0,11,0,1,4,11,3,0,1,0,0,13760,6.85,15167,222,53,-1047,-2774,22.2,1376.0,20,2,0,11,4,10,0,0,0,1,15787,6.95,23466,224,62,22.4,1578.7
1,19,3,0,6,6,1,0,1,0,0,14042,7.21,14403,211,34,-2753,-1690,21.1,1404.2,27,1,1,6,6,10,1,0,0,0,18092,7.02,19003,227,59,22.7,1809.2
0,11,1,1,0,12,4,0,0,0,0,12883,6.88,13801,152,28,-4684,-4677,15.2,1288.3,34,2,0,12,0,11,0,0,1,2,19535,7.94,19844,291,70,29.1,1953.5
0,13,0,0,5,9,3,0,0,1,0,12750,6.23,14904,190,60,-4104,-2138,19.0,1275.0,24,4,1,9,5,21,2,1,0,1,20113,7.35,20441,264,74,26.4,2011.3
1,18,6,1,6,5,9,2,1,0,1,18454,7.41,20971,242,71,2727,2051,24.2,1845.4,14,2,0,5,6,3,0,0,0,1,14792,6.28,14100,208,54,20.8,1479.2
1,22,7,1,11,3,5,1,1,0,1,18255,7.87,21602,240,79,4045,4349,24.0,1825.5,14,0,0,3,11,0,0,0,0,0,14316,6.88,15073,181,38,18.1,1431.6
0,15,2,0,6,6,2,1,0,0,0,16789,6.98,16463,214,46,-897,-131,21.4,1678.9,19,1,1,6,6,4,1,0,0,1,17225,6.75,16085,212,54,21.2,1722.5
1,22,2,0,3,9,5,1,1,0,0,15013,6.31,15866,202,58,-1999,-476,20.2,1501.3,15,0,1,9,3,10,1,0,0,1,15647,7.16,16748,235,52,23.5,1564.7
1,22,1,0,3,10,2,0,1,0,0,17408,7.18,16977,209,46,-1328,-4,20.9,1740.8,15,3,1,10,3,6,0,0,0,1,16801,6.8,16021,236,50,23.6,1680.1
1,22,2,0,9,2,9,1,0,0,0,20203,6.93,18485,216,49,2937,-657,21.6,2020.3,11,2,1,2,9,6,1,0,1,1,13504,6.29,15263,206,48,20.6,1350.4
0,17,0,1,7,5,6,0,0,0,1,14967,6.28,14742,208,54,-1241,-1304,20.8,1496.7,27,1,0,5,7,7,0,0,0,1,17304,6.99,20044,223,59,22.3,1730.4
0,10,0,0,6,6,3,0,0,1,2,16628,6.68,17636,233,45,1706,-1479,23.3,1662.8,22,5,1,6,6,5,0,0,0,0,18545,6.64,17134,187,44,18.7,1854.5
1,18,5,0,5,3,6,1,1,0,0,19373,7.07,16475,179,51,-2086,-224,17.9,1937.3,14,3,1,3,5,1,1,0,0,0,18028,7.26,17941,183,53,18.3,1802.8
1,15,2,0,8,4,3,0,1,1,0,13636,6.84,17608,207,46,-899,421,20.7,1363.6,25,2,1,4,8,7,1,1,0,0,17737,7.26,18546,222,64,22.2,1773.7
1,20,2,0,4,4,7,1,0,0,0,17574,6.6,18958,213,28,66,-834,21.3,1757.4,22,3,1,4,4,7,0,0,0,1,16429,7.04,17247,244,70,24.4,1642.9
0,24,1,1,7,6,15,2,0,0,0,17730,7.83,18624,224,39,926,309,22.4,1773.0,23,2,0,6,7,9,1,0,0,2,14596,7.22,16554,215,23,21.5,1459.6
0,20,2,1,3,4,4,1,1,0,1,13018,6.25,15692,185,51,-1243,-447,18.5,1301.8,28,1,0,4,3,10,0,0,0,2,18830,7.84,19446,236,73,23.6,1883.0
1,27,0,1,12,4,11,0,0,1,1,16440,6.8,17911,232,51,-156,-2017,23.2,1644.0,16,1,0,4,12,8,0,1,0,1,15438,6.47,16220,208,45,20.8,1543.8
0,16,1,1,3,0,8,0,0,0,0,18113,6.68,18974,214,60,-998,-2357,21.4,1811.3,24,2,0,0,3,9,0,1,0,1,17319,7.4,18283,189,43,18.9,1731.9
1,17,0,0,8,7,6,1,1,0,0,17178,6.46,15500,210,57,918,221,21.0,1717.8,19,2,1,7,8,3,0,0,0,0,15956,7.36,16924,217,47,21.7,1595.6
1,28,5,1,5,4,10,1,0,0,1,17679,7.12,19560,221,62,2985,906,22.1,1767.9,11,1,0,4,5,3,0,0,0,0,13804,6.97,13950,211,44,21.1,1380.4
1,20,0,0,4,6,2,1,1,0,1,15008,6.3,18227,225,70,836,-715,22.5,1500.8,23,4,1,6,4,6,1,1,0,1,15140,7.1,19382,234,41,23.4,1514.0
1,21,1,0,7,7,8,1,2,1,1,15693,7.35,20288,200,65,1946,1466,20.0,1569.3,16,0,1,7,7,6,0,0,0,1,15520,6.64,17246,214,35,21.4,1552.0
0,26,0,1,2,12,2,0,0,0,0,14305,6.53,12661,205,46,-2421,-2087,20.5,1430.5,20,3,0,12,2,8,2,1,1,1,17495,7.3,21886,234,67,23.4,1749.5
0,22,0,0,4,5,8,0,1,0,1,17203,6.85,15767,221,58,455,442,22.1,1720.3,25,2,1,5,4,7,0,0,0,0,18962,7.58,19517,194,54,19.4,1896.2
1,19,1,1,6,4,4,1,0,0,1,17222,7.36,16950,186,59,940,712,18.6,1722.2,24,4,0,4,6,3,1,0,0,0,15173,7.1,17563,214,76,21.4,1517.3
1,20,4,1,9,4,7,1,0,1,1,19088,7.37,19680,244,66,3247,2755,24.4,1908.8,11,0,0,4,9,1,0,0,0,0,15019,5.75,15652,183,33,18.3,1501.9
0,23,1,0,5,12,0,0,0,0,0,14164,5.84,14224,174,45,-3253,-3758,17.4,1416.4,17,4,1,12,5,11,1,1,0,1,18662,7.78,20758,269,87,26.9,1866.2
1,21,1,1,4,6,8,0,1,0,1,16031,6.74,16950,254,48,617,1673,25.4,1603.1,17,4,0,6,4,4,1,1,0,0,17395,6.8,18085,174,46,17.4,1739.5
1,23,3,1,11,0,8,1,1,1,1,19201,7.54,19136,213,71,3436,2862,21.3,1920.1,13,2,0,0,11,6,0,1,0,0,14529,6.43,17774,179,36,17.9,1452.9
0,22,1,1,6,10,0,1,0,0,2,13470,6.42,16330,240,47,-1606,-1965,24.0,1347.0,28,4,0,10,6,3,1,1,0,1,17542,6.7,17266,231,53,23.1,1754.2
0,24,6,1,3,7,8,0,0,0,0,14637,6.9,16954,212,59,-507,1346,21.2,1463.7,17,3,0,7,3,5,0,0,1,1,16215,7.08,17796,237,38,23.7,1621.5
0,23,1,1,6,5,3,1,0,1,1,16094,6.71,18605,230,52,-364,122,23.0,1609.4,19,3,0,5,6,6,1,0,0,3,16226,7.02,17131,187,46,18.7,1622.6
1,25,3,1,6,0,5,2,0,0,0,14981,6.65,19258,228,34,966,969,22.8,1498.1,21,0,0,0,6,10,0,0,1,1,15314,6.84,14751,205,47,20.5,1531.4
1,25,4,0,13,4,9,0,1,0,0,20582,7.31,21660,207,67,3329,2725,20.7,2058.2,20,1,1,4,13,3,0,1,0,1,13673,6.67,16132,172,62,17.2,1367.3
0,24,1,1,6,5,4,0,0,0,0,16628,7.38,17850,214,79,1311,187,21.4,1662.8,13,0,0,5,6,6,0,0,0,0,15828,6.33,17294,208,53,20.8,1582.8
1,19,3,1,17,2,4,1,1,0,1,18247,7.03,20745,227,54,2327,-342,22.7,1824.7,27,3,0,2,17,4,0,0,0,0,13757,6.37,16050,209,51,20.9,1375.7
0,28,1,1,7,5,7,0,0,0,2,17042,7.26,17295,184,51,509,-1248,18.4,1704.2,27,0,0,5,7,9,0,0,0,0,18677,6.29,20278,221,54,22.1,1867.7
0,12,2,1,5,8,6,0,0,0,2,14613,6.66,15089,206,53,-43,317,20.6,1461.3,24,3,0,8,5,6,0,0,0,1,17328,6.8,17392,261,58,26.1,1732.8
1,21,2,1,7,8,6,2,0,1,0,14309,6.68,16168,218,57,-345,-378,21.8,1430.9,23,2,0,8,7,8,1,0,0,1,17070,7.29,18132,219,64,21.9,1707.0
0,11,1,0,0,8,5,0,1,0,0,13839,6.3,17264,180,56,-2837,-359,18.0,1383.9,14,2,1,8,0,8,0,0,0,0,17471,7.09,17460,232,64,23.2,1747.1
1,20,1,0,10,6,3,1,1,1,0,16495,7.05,19192,253,54,-923,263,25.3,1649.5,20,0,1,6,10,2,0,0,1,0,14640,6.88,14883,224,46,22.4,1464.0
0,16,5,0,2,4,7,0,0,0,1,16235,6.82,18577,198,47,-1741,-286,19.8,1623.5,21,2,1,4,2,9,1,1,1,1,16069,6.99,19121,201,49,20.1,1606.9
0,19,3,0,6,6,6,0,0,0,2,14383,6.59,16941,184,41,-516,-493,18.4,1438.3,29,0,1,6,6,8,0,0,0,1,16845,7.31,18527,229,45,22.9,1684.5
1,23,0,0,6,6,8,1,0,0,1,17002,6.67,16561,247,62,67,1113,24.7,1700.2,12,1,1,6,6,7,1,1,0,0,17261,6.66,16508,192,46,19.2,1726.1
0,13,1,1,2,8,5,0,0,0,1,14952,5.84,18383,184,56,-1536,-1724,18.4,1495.2,16,3,0,8,2,7,1,1,0,1,17988,7.31,19070,224,78,22.4,1798.8
1,21,0,1,12,8,10,0,0,0,1,17253,6.98,18569,214,63,485,934,21.4,1725.3,20,2,0,8,12,5,1,0,0,2,16183,5.81,18316,215,40,21.5,1618.3
0,26,3,0,5,8,5,0,0,0,0,17718,6.77,16315,232,53,-2037,-2710,23.2,1771.8,18,2,1,8,5,6,0,1,0,1,19123,6.79,18601,220,57,22.0,1912.3
1,16,3,1,5,1,8,1,0,0,0,18547,7.69,17484,219,60,2543,2683,21.9,1854.7,30,0,0,1,5,4,1,0,0,0,14166,6.79,17143,213,52,21.3,1416.6
1,15,2,0,7,3,2,0,1,0,0,16127,6.81,15939,236,64,-821,1421,23.6,1612.7,17,2,1,3,7,7,1,0,0,1,15778,7.44,20919,236,51,23.6,1577.8
1,26,1,1,5,6,9,0,0,0,0,18748,7.43,19143,227,75,566,1178,22.7,1874.8,26,4,0,6,5,5,2,0,0,1,14917,6.74,16805,185,68,18.5,1491.7
1,21,2,0,9,4,5,0,0,0,0,17296,6.72,17596,209,55,880,503,20.9,1729.6,9,1,1,4,9,5,0,0,0,1,15716,6.12,14781,222,55,22.2,1571.6
1,22,4,1,8,6,6,1,0,0,1,14654,6.75,16014,236,51,2865,1220,23.6,1465.4,22,1,0,6,8,5,0,0,0,0,12976,6.96,17946,240,50,24.0,1297.6
1,25,4,0,3,5,5,1,1,0,0,18205,5.84,16778,207,43,-337,-2180,20.7,1820.5,26,3,1,5,3,7,1,0,0,0,15358,7.13,15736,226,63,22.6,1535.8
0,13,2,0,4,10,0,0,0,0,0,12890,6.37,14163,223,53,-3028,-2932,22.3,1289.0,15,3,1,10,4,9,0,1,0,0,18152,7.46,21447,224,56,22.4,1815.2
1,19,0,1,9,3,8,0,1,0,0,17961,7.51,17902,231,50,1356,1531,23.1,1796.1,7,1,0,3,9,6,0,0,0,1,11688,6.87,16227,210,48,21.0,1168.8
0,17,2,1,1,7,8,1,0,0,1,15151,6.13,17569,232,50,298,530,23.2,1515.1,7,0,0,7,1,6,1,1,0,1,16027,7.26,17013,223,50,22.3,1602.7
1,20,3,1,8,6,5,0,0,1,1,17937,7.06,16278,200,53,1578,146,20.0,1793.7,19,1,0,6,8,11,0,1,0,1,16157,6.86,17519,210,73,21.0,1615.7
1,28,1,1,8,5,7,1,0,0,0,16297,7.31,18480,212,75,866,759,21.2,1629.7,17,2,0,5,8,4,0,0,0,0,15461,6.43,16577,216,70,21.6,1546.1
0,10,0,0,5,9,6,0,0,0,0,15408,6.29,19597,182,59,340,-2602,18.2,1540.8,22,2,1,9,5,12,1,0,0,0,16507,7.52,17180,249,69,24.9,1650.7
0,12,0,0,4,4,0,0,0,0,2,16230,6.86,15329,237,63,-3000,-293,23.7,1623.0,29,3,1,4,4,4,1,0,0,1,16641,7.61,19120,244,61,24.4,1664.1
1,14,5,1,9,5,12,0,1,1,1,15955,6.8,20031,221,55,1260,1004,22.1,1595.5,19,0,0,5,9,7,1,0,0,0,15877,7.29,18314,204,57,20.4,1587.7
1,26,0,1,7,7,4,1,0,0,0,14914,7.4,16397,196,63,56,916,19.6,1491.4,19,0,0,7,7,5,1,0,0,0,17269,6.81,17205,225,65,22.5,1726.9
1,19,3,0,8,3,6,0,0,0,1,16028,6.71,17005,220,69,1350,429,22.0,1602.8,14,2,1,3,8,10,0,1,0,0,15460,6.55,15733,239,63,23.9,1546.0
1,18,2,0,5,1,6,1,1,1,0,18093,7.18,14113,202,58,106,56,20.2,1809.3,26,0,1,1,5,2,2,0,0,0,16515,7.51,20377,253,63,25.3,1651.5
1,14,2,0,9,0,6,0,0,0,1,17636,6.4,20216,267,55,2168,1347,26.7,1763.6,19,0,1,0,9,1,0,0,0,0,16428,6.66,16651,212,21,21.2,1642.8
1,20,2,1,6,6,7,0,0,0,0,16766,7.31,18437,234,58,1808,736,23.4,1676.6,17,1,0,6,6,6,1,0,0,0,15329,6.69,14771,208,49,20.8,1532.9
1,25,3,1,4,6,5,1,0,0,0,15740,6.89,14443,198,61,1571,-412,19.8,1574.0,23,2,0,6,4,3,1,0,0,2,14665,6.9,17810,206,60,20.6,1466.5
0,21,2,1,3,8,8,0,0,0,1,15156,6.95,17039,205,51,-783,-832,20.5,1515.6,17,3,0,8,3,6,1,1,0,0,19036,6.61,18058,228,54,22.8,1903.6
1,20,1,1,6,5,13,1,0,1,2,14387,6.39,15773,226,50,1322,1046,22.6,1438.7,16,6,0,5,6,6,0,1,0,2,15710,6.99,17051,235,65,23.5,1571.0
1,15,3,1,7,1,10,1,1,0,1,18808,7.04,21914,241,80,3589,2296,24.1,1880.8,19,2,0,1,7,5,0,0,0,0,14577,7.0,15955,220,34,22.0,1457.7
0,18,0,1,6,4,6,0,1,0,1,15250,7.15,17393,219,59,203,-1007,21.9,1525.0,14,2,0,4,6,2,0,0,0,0,15446,6.73,16453,213,60,21.3,1544.6
1,22,3,1,10,0,6,1,0,1,0,17203,7.0,17661,205,58,636,1933,20.5,1720.3,13,1,0,0,10,3,0,0,0,0,17060,6.61,16988,197,70,19.7,1706.0
0,15,1,0,6,6,9,1,0,0,1,16951,6.66,17014,232,63,-344,692,23.2,1695.1,19,4,1,6,6,6,1,0,1,1,16692,6.59,18732,234,64,23.4,1669.2
1,24,1,1,7,10,4,0,1,0,1,19371,7.43,18115,221,67,931,463,22.1,1937.1,21,0,0,10,7,9,1,1,0,0,16953,7.07,16932,204,61,20.4,1695.3
1,28,4,0,9,2,10,1,1,0,0,17268,7.34,19214,249,56,2428,748,24.9,1726.8,14,0,1,2,9,7,0,0,0,0,13959,6.77,14766,213,40,21.3,1395.9
0,20,2,1,12,2,7,0,0,0,1,18264,7.49,17599,191,43,1765,2066,19.1,1826.4,16,1,0,2,12,3,0,0,0,0,16267,6.45,14273,220,63,22.0,1626.7
0,24,2,0,10,6,3,0,1,0,1,16074,6.38,18269,225,59,414,-625,22.5,1607.4,23,2,1,6,10,7,0,0,0,0,16789,6.83,19654,202,42,20.2,1678.9
0,20,4,1,5,5,6,1,1,0,1,14324,6.86,16570,246,66,-295,131,24.6,1432.4,15,2,0,5,5,9,0,1,0,0,15026,6.67,17622,226,58,22.6,1502.6
0,24,0,0,6,4,2,0,0,0,0,18527,6.43,17758,210,63,-1263,-1676,21.0,1852.7,10,2,1,4,6,8,0,0,0,0,16815,7.04,17928,231,50,23.1,1681.5
1,30,3,1,10,7,9,1,0,0,2,14990,6.67,18913,212,59,537,-2333,21.2,1499.0,25,2,0,7,10,5,1,0,0,0,18111,6.25,20008,240,45,24.0,1811.1
0,15,4,1,4,5,5,0,0,0,1,16986,7.78,17419,206,45,-390,1110,20.6,1698.6,12,3,0,5,4,2,1,0,0,2,14063,7.15,18378,205,58,20.5,1406.3
1,26,4,0,10,4,7,1,1,0,2,17621,7.38,16388,188,64,1880,1434,18.8,1762.1,14,0,1,4,10,5,0,0,0,1,16354,6.98,17539,263,53,26.3,1635.4
1,28,6,1,4,9,6,1,0,0,0,17882,7.05,18066,227,66,1963,875,22.7,1788.2,10,3,0,9,4,5,0,0,0,1,15641,6.42,14906,172,50,17.2,1564.1
0,13,0,0,4,8,1,1,0,0,0,19505,6.5,15998,194,45,-827,-804,19.4,1950.5,23,0,1,8,4,6,0,0,0,2,16153,7.34,18187,308,62,30.8,1615.3
1,19,1,0,8,8,10,1,0,0,2,18156,6.65,16912,256,68,1853,1567,25.6,1815.6,21,0,1,8,8,4,0,0,0,0,15378,6.65,17937,204,40,20.4,1537.8
0,17,3,1,2,4,6,0,0,0,0,16070,6.48,14686,194,41,-219,-816,19.4,1607.0,28,2,0,4,2,6,0,0,1,0,15144,6.83,17522,192,65,19.2,1514.4
0,17,3,1,6,5,10,0,0,0,2,15538,6.88,13566,209,65,-2021,-79,20.9,1553.8,30,2,0,5,6,7,1,2,0,1,15517,7.39,19076,219,62,21.9,1551.7
1,21,1,0,9,1,11,1,1,1,0,18420,7.16,20733,243,57,1667,2788,24.3,1842.0,23,2,1,1,9,5,1,0,0,0,15070,6.66,16512,212,75,21.2,1507.0
1,22,3,0,7,5,9,1,1,0,1,19738,7.1,20439,243,48,3762,2032,24.3,1973.8,17,3,1,5,7,2,0,0,0,0,15062,6.54,19093,145,58,14.5,1506.2
1,25,6,1,7,4,7,1,0,1,1,18124,6.12,16080,205,49,700,178,20.5,1812.4,21,0,0,4,7,6,1,0,1,0,16673,6.72,18209,229,56,22.9,1667.3
1,12,3,0,10,1,7,0,2,0,0,17501,7.0,19777,220,67,1336,2096,22.0,1750.1,20,1,1,1,10,1,0,1,0,0,16533,6.55,16316,222,48,22.2,1653.3
1,17,4,0,4,5,5,0,0,0,0,18278,8.01,18740,235,67,1451,885,23.5,1827.8,17,0,1,5,4,8,0,1,0,0,15511,7.32,15501,231,47,23.1,1551.1
1,26,5,1,2,2,5,1,1,0,0,20148,7.47,19778,231,65,2266,3072,23.1,2014.8,21,1,0,2,2,6,2,0,0,0,13157,7.01,17764,182,47,18.2,1315.7
1,24,6,0,8,6,5,1,0,0,1,17493,6.92,13467,234,39,852,210,23.4,1749.3,20,2,1,6,8,6,0,0,0,0,17015,7.19,15974,206,77,20.6,1701.5
0,12,2,1,1,7,7,0,0,0,1,15794,6.63,14776,171,37,-2526,-908,17.1,1579.4,20,2,0,7,1,6,2,0,0,1,19321,7.45,20913,265,61,26.5,1932.1
1,27,5,1,13,0,11,1,0,1,1,18927,7.17,21503,237,63,2925,2918,23.7,1892.7,20,2,0,0,13,0,0,0,0,0,15160,6.31,15420,178,38,17.8,1516.0
1,29,1,0,8,7,9,1,1,1,0,18484,7.81,15919,245,58,1756,2152,24.5,1848.4,18,2,1,7,8,4,0,0,0,0,14606,6.65,15127,211,40,21.1,1460.6
0,19,2,0,6,5,7,1,1,0,0,14341,7.1,18956,209,40,-1287,-808,20.9,1434.1,23,1,1,5,6,0,1,0,0,1,18577,6.9,16574,194,51,19.4,1857.7
0,13,1,1,3,6,3,0,0,0,0,13877,6.74,17036,165,47,-1979,-2527,16.5,1387.7,18,3,0,6,3,11,1,0,1,1,18832,7.05,21922,245,53,24.5,1883.2
0,25,0,0,4,6,5,0,0,0,0,19032,6.79,17815,228,68,-413,1384,22.8,1903.2,4,0,1,6,4,2,0,0,0,2,18206,6.53,15931,237,64,23.7,1820.6
0,28,0,1,5,0,10,0,0,0,0,16315,7.08,15778,212,54,619,-652,21.2,1631.5,21,2,0,0,5,10,1,0,0,0,15952,7.32,18623,218,52,21.8,1595.2
1,16,3,1,4,7,8,0,1,0,0,16823,7.14,18921,206,71,678,-1091,20.6,1682.3,12,2,0,7,4,2,1,0,0,1,17279,7.18,17760,215,64,21.5,1727.9
1,22,3,1,5,8,3,1,0,1,0,19091,7.27,18827,247,59,998,588,24.7,1909.1,24,2,0,8,5,5,0,0,1,1,15057,6.61,16230,217,69,21.7,1505.7
0,24,0,1,2,9,0,1,0,0,1,16483,6.95,16295,229,66,-1375,-1822,22.9,1648.3,19,2,0,9,2,12,2,1,0,1,16141,7.44,17748,243,52,24.3,1614.1
0,18,4,0,1,6,6,0,1,0,0,14787,6.59,16741,194,65,-674,-276,19.4,1478.7,16,3,1,6,1,7,0,0,1,1,17746,6.73,19347,222,62,22.2,1774.6
1,12,1,1,6,4,5,1,0,0,1,16519,6.42,16532,228,61,248,854,22.8,1651.9,16,1,0,4,6,10,1,0,0,0,15967,6.76,16436,221,51,22.1,1596.7
0,21,2,0,4,7,5,1,1,0,0,16479,6.81,15984,212,53,104,-62,21.2,1647.9,20,2,1,7,4,7,0,0,0,2,16135,7.09,17444,238,65,23.8,1613.5
1,15,1,0,7,6,1,2,0,1,2,17432,6.76,17195,207,68,-256,1023,20.7,1743.2,25,1,1,6,7,4,0,0,0,0,15682,6.63,17252,235,63,23.5,1568.2
0,11,1,0,0,13,2,0,0,0,0,14984,6.09,14922,228,58,-1858,-3108,22.8,1498.4,29,3,1,13,0,9,1,0,1,2,19402,7.1,19780,236,48,23.6,1940.2
0,11,3,1,5,10,8,0,0,0,1,18709,6.21,17245,205,51,114,278,20.5,1870.9,21,3,0,10,5,5,1,0,0,2,15252,7.82,19183,235,43,23.5,1525.2
0,27,3,0,7,4,6,1,1,1,0,16572,7.0,18170,224,56,2498,938,22.4,1657.2,15,1,1,4,7,0,1,0,1,0,14778,7.14,16563,179,56,17.9,1477.8
1,17,3,1,8,3,4,2,1,0,0,17814,6.61,19042,219,63,1331,-340,21.9,1781.4,21,2,0,3,8,9,0,1,1,0,14671,7.55,16418,238,62,23.8,1467.1
0,20,2,0,5,6,4,1,0,0,2,15080,6.1,16921,215,38,-1678,-812,21.5,1508.0,19,1,1,6,5,6,0,0,1,0,16021,7.04,20264,257,73,25.7,1602.1
0,21,0,1,4,10,4,0,0,0,1,14193,6.92,17364,238,53,-1024,-1775,23.8,1419.3,28,4,0,10,4,11,0,1,0,1,16483,7.53,17980,223,58,22.3,1648.3
1,21,4,0,4,8,5,1,0,0,0,16061,7.3,15378,240,55,717,1399,24.0,1606.1,15,4,1,8,4,9,1,0,0,1,15789,6.72,16384,198,47,19.8,1578.9
0,23,1,1,7,5,3,1,0,0,1,17657,7.31,19606,266,48,-518,-410,26.6,1765.7,29,3,0,5,7,6,0,1,0,0,16874,7.11,17807,172,47,17.2,1687.4
1,23,2,0,6,5,8,0,0,0,1,16167,7.41,17295,241,54,2112,1916,24.1,1616.7,21,4,1,5,6,6,0,0,0,0,16515,7.48,16257,213,50,21.3,1651.5
0,20,1,0,8,12,4,1,0,0,1,14858,6.33,15785,224,57,-1638,-1103,22.4,1485.8,19,4,1,12,8,5,1,0,1,0,16356,6.38,17562,216,47,21.6,1635.6
1,17,3,0,7,7,7,0,0,0,0,14318,6.91,16818,172,55,1143,1018,17.2,1431.8,24,3,1,7,7,9,0,0,0,1,15315,6.72,15725,222,50,22.2,1531.5
1,19,2,0,9,0,7,1,0,0,1,19871,7.27,18215,246,67,2760,1344,24.6,1987.1,20,4,1,0,9,5,1,0,0,1,12952,6.27,15027,198,60,19.8,1295.2
1,20,2,0,4,5,10,0,0,1,0,17177,7.07,16845,212,63,-2297,2981,21.2,1717.7,23,3,1,5,4,10,1,0,0,0,15006,5.67,18570,192,35,19.2,1500.6
0,16,4,0,1,10,5,0,0,0,0,15181,6.51,15770,180,61,-1492,-2258,18.0,1518.1,25,1,1,10,1,6,0,0,0,1,18452,7.28,17187,259,65,25.9,1845.2
1,23,0,1,7,5,6,1,0,0,0,15540,6.37,19633,213,53,1270,-496,21.3,1554.0,21,2,0,5,7,10,0,0,0,2,16603,7.03,18169,241,57,24.1,1660.3
1,30,3,0,10,4,11,2,1,1,2,19687,7.19,20609,237,66,3365,2817,23.7,1968.7,22,2,1,4,10,4,0,0,0,0,15080,6.58,12534,214,56,21.4,1508.0
0,19,0,1,3,8,8,0,0,0,0,14976,6.61,14707,180,49,-198,-3253,18.0,1497.6,20,0,0,8,3,15,1,0,0,0,19187,7.0,18565,225,56,22.5,1918.7
0,16,3,1,2,4,9,1,1,0,1,16784,6.76,15720,213,74,-86,330,21.3,1678.4,25,5,0,4,2,7,0,1,0,1,14026,6.96,16263,226,80,22.6,1402.6
1,9,1,1,4,5,9,0,0,0,0,15648,7.08,16631,260,64,-552,-1393,26.0,1564.8,18,3,0,5,4,6,1,1,0,0,15639,7.47,20707,223,48,22.3,1563.9
0,16,2,0,6,7,8,0,1,0,1,15565,7.08,17378,192,47,-160,-33,19.2,1556.5,23,2,1,7,6,8,0,1,1,0,15975,6.75,18076,251,57,25.1,1597.5
1,14,0,1,9,3,5,0,0,1,0,17250,7.56,16703,229,42,935,-536,22.9,1725.0,27,3,0,3,9,6,1,1,1,1,15579,6.86,15360,183,43,18.3,1557.9
1,19,5,1,4,2,10,1,1,0,1,17836,7.38,18680,240,75,2547,2849,24.0,1783.6,24,2,0,2,4,0,0,0,0,0,16628,6.91,14423,186,40,18.6,1662.8
0,21,2,0,4,8,10,0,0,1,1,16355,7.34,17196,229,58,82,1570,22.9,1635.5,19,3,1,8,4,8,2,0,0,2,17352,7.26,19175,225,60,22.5,1735.2
1,23,3,0,5,0,10,0,0,0,1,17136,6.95,20945,235,77,1979,1909,23.5,1713.6,9,3,1,0,5,0,0,0,0,0,15804,5.98,14863,217,49,21.7,1580.4
0,29,3,1,6,4,4,2,0,0,0,16034,7.39,15226,228,70,600,-58,22.8,1603.4,25,3,0,4,6,7,0,1,1,1,14565,6.91,18852,224,60,22.4,1456.5
0,22,0,0,8,3,5,0,0,1,0,17497,7.26,17084,188,48,-1165,-532,18.8,1749.7,16,4,1,3,8,10,0,0,0,0,20158,6.58,14753,222,47,22.2,2015.8
1,28,1,0,5,6,7,1,1,0,0,16545,6.65,16341,202,50,-678,-1259,20.2,1654.5,22,3,1,6,5,6,1,1,0,0,15940,6.89,18420,250,75,25.0,1594.0
0,20,1,0,3,9,3,1,0,1,0,14141,6.3,15645,194,52,-3038,-2666,19.4,1414.1,22,3,1,9,3,11,1,1,0,0,16968,6.63,19185,261,70,26.1,1696.8
0,26,0,0,4,5,8,1,1,0,0,17377,6.87,18403,263,49,-1412,1415,26.3,1737.7,24,1,1,5,4,6,0,0,0,0,15113,7.02,17387,230,53,23.0,1511.3
1,22,1,1,11,0,9,2,1,0,1,17567,6.87,21835,236,69,3794,3310,23.6,1756.7,12,2,0,0,11,4,0,0,0,1,12682,6.64,14707,221,46,22.1,1268.2
1,16,1,1,5,4,6,0,0,0,0,19452,6.69,17984,206,56,44,276,20.6,1945.2,13,1,0,4,5,5,0,0,0,1,16563,6.51,16781,200,64,20.0,1656.3
1,19,1,0,8,7,8,0,0,0,1,20029,7.24,17798,244,55,1442,2062,24.4,2002.9,8,1,1,7,8,8,1,0,0,0,15175,6.6,14035,220,42,22.0,1517.5
0,19,1,0,6,8,6,1,0,0,1,14649,7.22,17392,235,60,-404,-1069,23.5,1464.9,22,3,1,8,6,8,1,1,0,0,16343,6.88,20074,224,48,22.4,1634.3
1,16,3,0,5,11,4,0,0,1,1,15793,7.13,14572,218,53,711,-1500,21.8,1579.3,19,2,1,11,5,11,1,0,1,1,15829,7.29,18890,197,50,19.7,1582.9
1,17,4,0,10,2,2,1,1,0,0,18287,6.8,18784,196,53,2094,625,19.6,1828.7,14,0,1,2,10,8,0,0,1,1,14040,6.7,17922,219,18,21.9,1404.0
1,26,6,1,10,1,3,2,1,0,1,19847,7.83,20467,245,77,3975,3143,24.5,1984.7,15,3,0,1,10,1,1,0,0,0,15846,6.32,16208,208,27,20.8,1584.6
1,18,3,0,10,3,9,0,1,0,2,17885,7.62,19517,225,76,2128,1920,22.5,1788.5,19,3,1,3,10,3,0,0,0,0,15705,5.94,13866,207,33,20.7,1570.5
1,14,3,1,12,3,8,0,0,0,1,17825,7.19,17914,233,70,1116,3161,23.3,1782.5,21,0,0,3,12,6,0,0,0,1,13987,6.28,16744,206,49,20.6,1398.7
0,14,2,0,7,6,6,0,0,0,1,17137,7.35,17907,205,50,1100,89,20.5,1713.7,13,2,1,6,7,7,0,1,1,0,18338,7.07,17804,194,49,19.4,1833.8
0,19,3,1,5,1,7,1,0,0,0,15509,7.79,18017,221,61,-189,79,22.1,1550.9,23,1,0,1,5,6,0,2,0,0,16014,6.72,18296,221,65,22.1,1601.4
0,14,2,0,3,7,8,0,0,0,0,15066,6.64,17264,198,52,-1796,73,19.8,1506.6,25,1,1,7,3,3,1,1,0,0,18699,7.92,21725,231,58,23.1,1869.9
0,16,3,1,5,11,2,1,0,0,0,15564,6.41,16225,163,47,-2725,-2531,16.3,1556.4,10,2,0,11,5,5,1,1,1,1,18240,7.16,18168,234,59,23.4,1824.0
0,21,3,0,6,13,5,0,1,1,0,16340,6.43,16322,227,54,-550,-1473,22.7,1634.0,25,2,1,13,6,12,1,0,0,0,18672,7.37,19306,214,55,21.4,1867.2
0,23,3,1,6,9,10,1,1,0,1,17372,6.78,17668,200,62,-488,1676,20.0,1737.2,24,1,0,9,6,10,1,0,0,1,16090,7.78,16249,249,72,24.9,1609.0
0,16,4,0,2,7,3,1,0,0,1,16908,7.12,16539,218,69,1343,40,21.8,1690.8,18,1,1,7,2,7,0,1,0,2,14190,7.24,16516,224,49,22.4,1419.0
0,11,1,0,1,10,7,0,0,0,0,14183,6.01,16218,235,51,-1253,-1067,23.5,1418.3,17,4,1,10,1,13,0,1,1,0,20096,7.75,19048,266,65,26.6,2009.6
0,17,1,0,6,7,8,1,1,0,1,16164,6.36,19966,203,59,1100,-432,20.3,1616.4,21,0,1,7,6,6,1,0,1,0,17255,6.11,18822,174,60,17.4,1725.5
1,23,1,0,7,5,5,0,1,1,0,16251,6.97,18366,226,58,-969,-2408,22.6,1625.1,14,3,1,5,7,6,1,0,1,0,15858,7.34,17620,226,58,22.6,1585.8
0,22,1,1,6,6,0,0,0,0,0,13875,6.55,15398,186,65,-2251,-1990,18.6,1387.5,27,4,0,6,6,7,1,1,0,0,16302,7.14,18511,269,46,26.9,1630.2
1,21,0,0,1,7,9,0,1,1,1,15712,7.19,15645,226,39,-979,-188,22.6,1571.2,21,2,1,7,1,6,1,0,0,0,17709,7.19,18113,220,70,22.0,1770.9
1,25,1,1,7,6,10,1,1,0,2,16143,6.34,17514,206,64,259,1581,20.6,1614.3,28,2,0,6,7,6,0,0,0,2,16928,7.24,17642,210,52,21.0,1692.8
1,27,0,0,8,9,3,0,1,0,0,17426,6.59,17896,172,57,-1004,-1937,17.2,1742.6,18,1,1,9,8,3,2,0,0,0,18212,7.09,18454,201,41,20.1,1821.2
1,19,3,1,3,0,12,2,1,0,2,20173,7.06,18322,244,61,1783,2518,24.4,2017.3,22,2,0,0,3,0,0,0,0,0,16644,6.35,14543,225,51,22.5,1664.4
0,24,2,0,2,10,0,1,0,0,0,16152,6.68,14776,193,47,-3781,-2305,19.3,1615.2,25,0,1,10,2,7,2,1,1,1,17597,6.59,22107,236,83,23.6,1759.7
0,15,0,0,3,13,3,0,0,1,1,12340,6.35,14387,203,58,-2942,-2676,20.3,1234.0,20,4,1,13,3,12,1,0,0,2,19544,7.6,22136,238,51,23.8,1954.4
1,25,1,1,3,7,6,1,0,0,1,18208,6.6,20242,222,61,115,-29,22.2,1820.8,16,3,0,7,3,7,1,0,0,0,16957,6.93,20315,250,56,25.0,1695.7
0,24,5,1,5,4,3,0,1,0,1,16911,7.07,17837,206,62,-890,699,20.6,1691.1,23,1,0,4,5,10,1,0,0,1,17628,6.27,16532,225,51,22.5,1762.8
1,11,3,0,8,2,6,1,1,0,0,16387,7.0,18999,244,58,777,908,24.4,1638.7,24,0,1,2,8,3,1,1,0,0,13848,6.09,16670,197,45,19.7,1384.8
0,14,2,1,4,7,5,0,0,0,1,15412,6.58,15428,220,61,-1657,-894,22.0,1541.2,25,0,0,7,4,9,1,1,2,1,17021,6.44,18556,236,44,23.6,1702.1
0,12,1,0,3,10,1,1,1,0,0,13596,6.23,15914,195,59,-2907,-1803,19.5,1359.6,19,5,1,10,3,8,0,0,0,1,16548,7.0,19247,209,64,20.9,1654.8
0,11,2,0,6,7,8,0,0,0,0,16472,7.23,20252,218,35,-1820,680,21.8,1647.2,17,0,1,7,6,5,0,1,0,0,16040,6.54,16854,202,56,20.2,1604.0
1,24,2,0,2,7,3,0,0,0,0,16849,6.68,16845,245,56,-2003,-1245,24.5,1684.9,35,1,1,7,2,7,0,1,0,0,16115,6.6,18176,200,54,20.0,1611.5
1,33,2,1,7,4,8,2,2,0,0,17294,7.29,20441,233,90,4121,1483,23.3,1729.4,19,0,0,4,7,2,0,0,1,0,12852,6.36,14641,259,50,25.9,1285.2
0,18,1,0,6,7,9,1,0,0,0,15053,7.02,15509,211,70,-1583,1132,21.1,1505.3,24,3,1,7,6,5,1,1,1,0,16514,7.27,18308,215,60,21.5,1651.4
0,24,1,1,8,7,4,1,0,1,0,16114,6.55,17450,247,66,462,-1027,24.7,1611.4,22,2,0,7,8,9,1,0,0,1,17279,7.13,19064,209,46,20.9,1727.9
1,32,1,0,12,3,5,2,1,1,1,21864,7.74,18101,297,71,6316,4241,29.7,2186.4,20,1,1,3,12,0,0,0,1,0,12444,5.93,14025,197,34,19.7,1244.4
0,21,0,1,9,5,5,1,0,0,0,13552,7.11,16579,199,66,-1290,-950,19.9,1355.2,21,2,0,5,9,4,0,0,0,0,16923,7.03,18785,259,36,25.9,1692.3
1,21,2,1,8,3,7,2,1,0,0,17960,6.79,18187,224,62,860,798,22.4,1796.0,17,1,0,3,8,4,0,1,0,1,15993,7.12,16154,191,50,19.1,1599.3
1,20,1,1,11,6,7,1,1,1,1,17798,6.91,19649,225,43,2846,1733,22.5,1779.8,12,4,0,6,11,5,1,0,0,0,16707,6.31,16709,177,62,17.7,1670.7
0,24,2,1,8,3,10,1,1,0,0,18161,6.79,18228,248,59,2409,1150,24.8,1816.1,9,5,0,3,8,3,0,0,0,0,15519,6.64,18502,242,41,24.2,1551.9
1,25,0,0,7,1,8,1,1,0,1,14304,6.87,17765,257,43,1848,2,25.7,1430.4,15,5,1,1,7,6,1,0,0,1,15360,7.07,17818,230,57,23.0,1536.0
0,23,3,1,7,9,5,0,0,0,1,15820,7.14,16524,217,56,-32,-563,21.7,1582.0,10,1,0,9,7,5,0,0,0,0,15378,6.93,18367,214,60,21.4,1537.8
0,22,5,0,5,6,8,1,0,0,0,15993,6.47,17421,185,79,1030,-1125,18.5,1599.3,15,1,1,6,5,3,0,0,0,1,14379,6.58,18366,223,70,22.3,1437.9
0,19,3,1,3,8,6,1,0,0,1,13819,6.76,17712,212,46,-1552,-313,21.2,1381.9,21,1,0,8,3,7,1,0,0,0,16669,6.92,16361,167,63,16.7,1666.9
1,13,4,1,5,5,8,1,0,1,1,19220,7.06,14521,222,66,103,1661,22.2,1922.0,16,2,0,5,5,11,1,0,0,2,18721,7.35,15781,207,56,20.7,1872.1
1,29,4,0,9,3,10,0,1,1,1,20134,7.57,21243,264,54,5582,2944,26.4,2013.4,19,1,1,3,9,0,0,0,0,0,13749,6.15,12972,197,59,19.7,1374.9
1,16,3,0,13,1,9,0,1,0,0,19343,6.77,18586,209,65,2901,685,20.9,1934.3,14,0,1,1,13,5,0,0,0,0,13530,6.23,19426,219,56,21.9,1353.0
1,24,2,0,11,5,7,0,0,0,1,17823,6.77,17659,213,41,1896,1759,21.3,1782.3,21,2,1,5,11,6,0,0,0,1,14265,6.61,18932,202,60,20.2,1426.5
1,25,1,1,7,5,7,0,1,0,0,15774,7.08,18041,253,47,290,-442,25.3,1577.4,16,3,0,5,7,3,0,0,0,0,15726,6.58,19031,240,36,24.0,1572.6
0,13,3,0,3,9,5,0,0,0,0,13346,6.4,15534,218,57,-2109,-1173,21.8,1334.6,6,4,1,9,3,6,1,0,0,0,18887,7.12,16963,212,52,21.2,1888.7
0,16,3,0,1,3,7,1,0,1,1,17453,6.28,15567,220,52,-1784,-734,22.0,1745.3,30,1,1,3,1,6,1,1,0,1,16755,6.75,17101,264,66,26.4,1675.5
1,33,2,0,6,5,9,1,1,0,0,16442,7.54,17552,240,60,1631,3506,24.0,1644.2,16,0,1,5,6,5,1,0,0,1,17344,6.63,17028,185,51,18.5,1734.4
1,23,4,1,7,2,11,2,1,0,1,19035,7.15,17979,235,64,4374,2390,23.5,1903.5,14,1,0,2,7,3,0,1,1,0,14540,6.29,14346,209,53,20.9,1454.0
1,12,1,1,3,6,0,1,0,0,0,14148,6.61,17280,187,29,-1593,-1277,18.7,1414.8,14,2,0,6,3,8,0,0,0,1,17120,6.38,20279,258,70,25.8,1712.0
0,23,1,1,4,4,7,1,0,0,1,14771,6.79,18779,213,48,-694,-1203,21.3,1477.1,24,4,0,4,4,5,1,1,1,0,17734,7.19,18273,244,49,24.4,1773.4
1,20,4,1,11,6,8,1,0,0,1,19419,7.89,19798,248,68,4416,4311,24.8,1941.9,21,2,0,6,11,0,0,0,0,0,13928,6.37,12117,194,56,19.4,1392.8
0,11,3,0,8,6,9,1,2,1,1,15188,7.24,16878,260,60,257,1467,26.0,1518.8,17,4,1,6,8,6,0,1,0,1,16621,6.82,17130,161,52,16.1,1662.1
1,26,3,1,8,3,6,1,0,0,0,16216,7.47,19683,236,40,3276,519,23.6,1621.6,14,0,0,3,8,3,0,0,0,1,13782,6.0,15919,186,33,18.6,1378.2
1,16,2,1,10,3,10,1,1,0,0,16870,6.32,16281,233,67,-71,1011,23.3,1687.0,23,1,0,3,10,8,0,0,0,0,14509,7.28,17226,229,52,22.9,1450.9
1,22,2,0,7,2,1,1,0,0,1,19798,7.56,18278,230,46,285,768,23.0,1979.8,16,2,1,2,7,10,1,0,0,0,16039,7.03,20175,231,48,23.1,1603.9
1,15,0,1,7,8,6,1,1,0,0,16894,6.82,16921,238,59,-406,-391,23.8,1689.4,28,0,0,8,7,10,0,0,0,2,17530,6.88,17136,241,59,24.1,1753.0
0,25,1,0,7,1,7,1,0,1,0,16361,6.44,15912,231,61,2082,3331,23.1,1636.1,22,3,1,1,7,2,0,0,0,1,16515,6.49,16401,187,56,18.7,1651.5
1,24,1,1,10,6,10,1,1,0,1,17606,7.55,19983,219,73,3712,3048,21.9,1760.6,18,2,0,6,10,5,0,0,0,0,16042,5.97,14539,209,33,20.9,1604.2
0,5,2,0,5,12,8,0,0,0,0,14811,6.29,14402,275,64,-2430,-1574,27.5,1481.1,17,5,1,12,5,7,1,1,1,2,19232,7.55,19411,224,54,22.4,1923.2
0,21,3,1,8,5,6,0,0,0,0,16046,6.55,16728,184,54,128,-1145,18.4,1604.6,23,4,0,5,8,7,1,0,1,0,17275,7.3,17415,237,67,23.7,1727.5
1,20,3,1,9,3,10,1,1,0,2,16671,6.84,18162,217,63,1457,-420,21.7,1667.1,11,3,0,3,9,6,0,1,0,1,15963,6.54,18911,208,53,20.8,1596.3
1,27,1,0,8,1,10,0,0,0,0,17778,5.98,18215,214,31,-106,-682,21.4,1777.8,22,2,1,1,8,6,0,1,0,0,16809,7.11,18608,229,61,22.9,1680.9
0,21,1,0,4,3,3,0,1,1,0,15026,6.64,16181,250,44,-1659,-2038,25.0,1502.6,12,3,1,3,4,9,1,0,0,1,17987,6.99,18928,262,58,26.2,1798.7
1,26,1,1,11,5,9,0,0,0,1,18036,7.49,20585,221,51,1836,2461,22.1,1803.6,23,4,0,5,11,6,1,1,0,0,14443,6.78,16304,219,67,21.9,1444.3
1,19,6,1,6,6,12,0,1,1,0,20076,7.16,20361,212,61,1974,1063,21.2,2007.6,25,2,0,6,6,8,0,1,0,1,13645,6.14,15651,232,51,23.2,1364.5
1,15,2,1,4,5,6,2,1,1,0,15632,6.6,16804,222,52,-364,-1406,22.2,1563.2,17,1,0,5,4,4,1,1,0,1,15847,7.59,15828,235,47,23.5,1584.7
1,20,2,0,7,4,5,0,1,0,1,19352,6.72,20428,248,55,-660,1945,24.8,1935.2,25,2,1,4,7,4,0,1,0,0,16896,7.01,20449,237,55,23.7,1689.6
0,16,0,0,1,5,5,1,0,0,1,15303,6.46,15379,179,51,-3042,-1750,17.9,1530.3,16,4,1,5,1,11,1,1,1,0,18516,7.53,20549,221,46,22.1,1851.6
0,25,0,0,2,5,4,0,0,0,0,14602,6.24,15316,220,71,-593,-2053,22.0,1460.2,20,4,1,5,2,5,1,1,1,0,15826,7.11,16024,210,29,21.0,1582.6
1,19,2,0,4,9,8,0,1,0,0,16329,7.08,20010,228,64,-606,919,22.8,1632.9,22,3,1,9,4,7,1,0,0,0,15843,6.97,16481,234,54,23.4,1584.3
0,14,1,0,7,7,5,1,0,1,0,15801,7.19,18579,202,62,-2,-1289,20.2,1580.1,21,2,1,7,7,6,1,1,1,0,17921,6.81,17643,234,44,23.4,1792.1
0,14,2,1,4,4,5,0,0,0,0,13289,6.96,17401,184,50,-2377,-2054,18.4,1328.9,21,3,0,4,4,10,1,1,1,0,17843,7.41,17631,239,71,23.9,1784.3
0,23,2,0,7,9,4,0,1,0,1,11068,6.96,17552,216,51,-1254,-1092,21.6,1106.8,24,4,1,9,7,7,0,1,0,1,18167,6.87,18707,239,67,23.9,1816.7
0,17,2,0,8,14,3,0,0,0,0,13898,6.8,17135,190,53,-1924,-2657,19.0,1389.8,26,2,1,14,8,7,1,1,0,0,18452,6.94,22886,233,75,23.3,1845.2
0,20,0,1,8,4,10,0,0,0,1,14549,6.9,18403,220,58,1185,700,22.0,1454.9,19,1,0,4,8,7,1,1,0,0,15468,6.87,15589,189,51,18.9,1546.8
0,21,0,1,1,9,1,1,0,0,1,12500,6.6,13896,222,61,-4404,-3104,22.2,1250.0,23,2,0,9,1,10,0,1,0,3,18857,7.47,19605,247,65,24.7,1885.7
0,13,1,1,5,10,2,1,0,0,0,16473,6.75,14234,212,41,-2654,-959,21.2,1647.3,17,3,0,10,5,8,2,0,0,0,16874,6.66,18345,251,55,25.1,1687.4
0,5,0,0,0,12,0,1,0,0,1,13331,5.88,14457,191,51,-1962,-2636,19.1,1333.1,22,2,1,12,0,8,1,1,0,0,17324,6.88,20480,241,53,24.1,1732.4
1,17,2,1,7,7,7,0,0,0,2,19037,6.81,18366,267,51,2162,545,26.7,1903.7,16,2,0,7,7,7,1,1,0,0,14175,6.3,18495,238,35,23.8,1417.5
0,18,1,1,7,9,2,0,0,0,0,13287,6.6,16596,206,48,-4220,-2245,20.6,1328.7,28,2,0,9,7,7,1,0,0,2,20441,8.15,19698,266,60,26.6,2044.1
1,19,1,0,6,5,8,0,0,0,0,17591,7.01,16968,208,61,402,-250,20.8,1759.1,20,2,1,5,6,8,1,0,0,0,16999,7.01,17424,256,58,25.6,1699.9
1,15,3,0,10,0,6,1,1,0,1,18613,7.09,17347,251,69,1714,2149,25.1,1861.3,22,0,1,0,10,4,0,1,0,1,14203,6.14,15548,151,50,15.1,1420.3
1,28,4,1,9,0,5,1,0,0,1,18310,7.22,21489,261,63,2599,3051,26.1,1831.0,8,1,0,0,9,3,0,0,0,0,14847,6.35,14907,194,49,19.4,1484.7
0,17,1,1,1,11,0,0,1,0,2,15703,6.33,16753,211,32,-2249,-1841,21.1,1570.3,31,4,0,11,1,5,1,1,0,1,18993,7.58,19814,253,68,25.3,1899.3
1,23,3,0,8,4,8,1,2,0,0,19556,6.99,17394,243,53,70,-646,24.3,1955.6,17,4,1,4,8,7,0,0,0,1,16350,6.93,15565,215,53,21.5,1635.0
0,20,0,0,1,9,7,0,0,1,0,14599,7.0,16644,232,54,-682,-902,23.2,1459.9,26,3,1,9,1,9,1,1,1,1,18379,6.75,18189,223,56,22.3,1837.9
0,11,1,1,3,8,6,0,0,1,0,13486,7.19,15408,202,26,-3740,-2017,20.2,1348.6,21,0,0,8,3,12,0,0,0,1,17052,7.16,19579,228,65,22.8,1705.2
0,21,3,1,3,6,5,0,0,1,1,16281,7.01,15871,245,58,652,-23,24.5,1628.1,23,1,0,6,3,9,1,0,1,1,16403,6.91,19657,220,37,22.0,1640.3
1,27,1,0,12,3,9,1,1,1,1,18612,6.45,18913,266,60,2368,3088,26.6,1861.2,17,2,1,3,12,1,0,0,0,0,14112,6.66,15506,179,43,17.9,1411.2
1,27,1,0,9,6,2,1,0,1,0,18047,6.7,16216,231,46,1449,251,23.1,1804.7,21,2,1,6,9,2,0,0,0,0,13068,6.58,15203,253,42,25.3,1306.8
0,22,1,0,3,9,9,1,0,0,0,15636,6.69,16817,256,52,-2129,-2267,25.6,1563.6,22,4,1,9,3,5,1,0,1,3,17725,7.56,18122,233,67,23.3,1772.5
1,24,2,0,3,4,10,1,1,0,1,16420,7.52,18868,220,75,-44,382,22.0,1642.0,27,4,1,4,3,6,0,0,0,0,14476,6.72,17661,187,27,18.7,1447.6
0,7,0,0,2,10,4,0,0,0,1,15800,6.84,13478,186,53,-4435,-2934,18.6,1580.0,23,4,1,10,2,13,1,1,1,1,16976,6.84,20207,264,60,26.4,1697.6
0,18,4,0,4,8,2,0,0,0,0,14377,7.15,17663,185,42,1236,-594,18.5,1437.7,26,1,1,8,4,7,0,1,1,0,15875,7.73,18177,247,65,24.7,1587.5
0,14,2,1,9,6,3,1,0,0,1,15124,6.5,14569,212,72,-1966,-122,21.2,1512.4,23,4,0,6,9,6,1,1,0,0,18734,7.64,17177,204,67,20.4,1873.4
1,27,1,1,9,8,6,0,0,1,0,17989,6.83,16110,210,61,-601,-170,21.0,1798.9,13,0,0,8,9,5,0,0,0,0,16465,7.48,16973,211,57,21.1,1646.5
0,25,0,0,7,5,10,1,0,0,1,14960,7.19,18208,208,62,-718,801,20.8,1496.0,24,1,1,5,7,4,1,0,0,2,17393,7.11,18486,220,51,22.0,1739.3
0,15,3,1,5,6,8,1,0,0,0,16278,6.05,17842,230,55,-213,-444,23.0,1627.8,23,2,0,6,5,5,0,0,0,1,16701,7.4,17010,255,55,25.5,1670.1
0,19,1,1,5,7,5,0,0,0,1,16963,6.63,16567,205,51,-633,-1434,20.5,1696.3,15,2,0,7,5,7,1,1,0,0,16011,6.44,17198,223,29,22.3,1601.1
1,21,5,0,7,7,8,0,0,0,0,16772,7.45,17665,211,39,96,-396,21.1,1677.2,11,2,1,7,7,3,1,1,0,0,15641,7.31,17519,214,33,21.4,1564.1
1,26,3,0,8,5,5,0,0,0,1,17815,7.17,17513,253,74,1060,1119,25.3,1781.5,22,2,1,5,8,5,0,1,0,0,15195,6.86,15107,217,30,21.7,1519.5
0,12,3,1,5,5,3,1,0,1,0,16392,6.9,16947,199,60,853,3021,19.9,1639.2,20,2,0,5,5,7,2,1,0,0,19707,6.67,18538,239,73,23.9,1970.7
0,8,2,1,2,10,5,0,0,1,0,16442,6.91,17468,239,51,-593,-1301,23.9,1644.2,18,1,0,10,2,5,1,0,0,0,18040,7.6,15890,243,62,24.3,1804.0
1,21,4,0,11,5,4,2,0,1,0,16174,7.72,17704,268,69,895,1760,26.8,1617.4,18,0,1,5,11,5,1,0,0,0,15819,7.65,16595,208,37,20.8,1581.9
1,9,0,0,8,4,3,0,0,0,1,15623,7.25,18003,261,62,67,2093,26.1,1562.3,22,4,1,4,8,4,1,0,0,0,14919,6.54,15925,201,80,20.1,1491.9
0,20,0,0,6,11,5,0,0,0,0,14894,7.1,16267,199,39,-1362,-1186,19.9,1489.4,17,1,1,11,6,8,1,1,0,0,18370,7.13,18720,225,58,22.5,1837.0
1,23,4,1,4,4,5,0,0,0,1,16438,7.27,20538,186,55,-597,556,18.6,1643.8,18,1,0,4,4,5,0,1,0,0,16192,7.07,16664,223,45,22.3,1619.2
1,29,5,1,12,7,6,0,1,0,1,18797,8.15,19903,227,57,1498,818,22.7,1879.7,19,0,0,7,12,6,0,0,0,0,14068,6.82,18099,199,51,19.9,1406.8
0,15,0,0,6,4,3,0,1,0,0,16447,6.62,15355,197,44,-1667,-2595,19.7,1644.7,25,0,1,4,6,5,2,1,0,0,17482,7.16,16608,237,53,23.7,1748.2
1,24,0,0,10,1,11,1,1,0,1,20910,7.51,18523,204,81,2737,1354,20.4,2091.0,18,2,1,1,10,6,1,0,0,0,13311,6.24,15041,198,33,19.8,1331.1
0,21,2,0,4,5,3,0,1,0,2,12818,6.82,15623,185,52,-3321,-2603,18.5,1281.8,34,4,1,5,4,14,0,1,0,1,19615,7.28,19773,246,65,24.6,1961.5
1,13,3,0,6,4,6,0,1,0,0,14782,6.48,14810,210,61,604,-445,21.0,1478.2,23,2,1,4,6,8,1,1,0,0,16722,7.81,18090,265,23,26.5,1672.2
0,23,2,1,4,9,4,0,0,0,0,14604,7.29,17964,222,62,-1960,-3178,22.2,1460.4,27,3,0,9,4,10,0,1,0,1,19585,6.95,17439,235,64,23.5,1958.5
1,26,3,1,12,2,15,1,1,0,1,19941,7.35,19463,252,75,4597,4021,25.2,1994.1,2,1,0,2,12,0,0,0,1,0,12488,6.9,14674,175,56,17.5,1248.8
1,16,0,0,6,6,8,1,1,0,0,15692,6.46,16711,212,59,-1354,-381,21.2,1569.2,31,2,1,6,6,10,0,0,0,2,17762,7.24,18104,215,62,21.5,1776.2
0,20,1,0,5,11,5,0,0,0,1,16641,6.87,18065,226,58,-1654,-873,22.6,1664.1,27,1,1,11,5,5,0,1,0,2,18008,7.5,15749,240,64,24.0,1800.8
0,19,1,1,3,9,3,0,1,0,0,16404,6.35,19014,218,55,-1919,-604,21.8,1640.4,12,0,0,9,3,6,0,0,1,1,19148,6.92,19040,193,65,19.3,1914.8
0,24,1,1,6,6,5,1,0,1,1,17476,6.8,16776,218,58,1655,1590,21.8,1747.6,13,1,0,6,6,10,1,0,0,1,16783,6.73,16652,218,71,21.8,1678.3
0,18,0,0,7,3,2,1,0,0,0,14284,6.96,17944,178,46,32,-857,17.8,1428.4,20,4,1,3,7,7,1,1,0,0,15547,7.2,18443,224,62,22.4,1554.7
1,21,3,0,7,8,4,0,0,0,1,16433,6.28,19934,203,51,-898,-802,20.3,1643.3,22,2,1,8,7,8,1,0,0,0,17329,6.84,18305,232,74,23.2,1732.9
0,10,2,0,1,13,1,0,0,0,0,11780,6.09,10856,181,38,-4462,-5683,18.1,1178.0,31,2,1,13,1,13,1,0,0,1,19877,7.65,23337,292,77,29.2,1987.7
0,15,1,0,9,7,5,0,0,0,0,16828,6.5,16594,190,58,-1437,188,19.0,1682.8,23,1,1,7,9,7,1,0,0,2,17265,6.41,20097,200,61,20.0,1726.5
0,21,2,0,8,8,6,0,0,0,1,16479,6.95,17910,242,49,173,-1130,24.2,1647.9,14,1,1,8,8,8,0,0,0,0,16505,6.67,18410,192,65,19.2,1650.5
1,18,2,1,9,3,11,2,0,0,0,19901,7.23,17719,234,60,687,2449,23.4,1990.1,19,2,0,3,9,6,0,0,0,0,15157,6.31,17696,176,40,17.6,1515.7
1,27,2,1,10,6,10,1,0,0,1,18351,7.22,18484,274,60,1301,573,27.4,1835.1,21,2,0,6,10,3,1,0,0,1,14493,6.88,17484,192,46,19.2,1449.3
0,23,3,0,4,6,6,1,0,0,1,14861,6.84,18008,221,66,-2921,530,22.1,1486.1,19,0,1,6,4,5,1,0,1,1,16550,6.57,19175,207,53,20.7,1655.0
0,18,3,1,10,5,7,1,0,0,1,16269,7.53,20366,238,60,1378,4259,23.8,1626.9,17,2,0,5,10,2,0,0,0,0,16294,6.88,15506,220,49,22.0,1629.4
0,19,3,1,6,10,3,0,0,0,0,14296,5.94,17701,185,44,-1611,-130,18.5,1429.6,27,3,0,10,6,8,0,0,0,1,15645,7.23,18964,205,69,20.5,1564.5
1,18,4,0,10,6,10,1,1,0,1,16194,7.04,17478,259,49,2175,2279,25.9,1619.4,15,3,1,6,10,6,1,0,0,0,14333,7.34,15784,222,62,22.2,1433.3
0,11,1,1,6,11,6,0,0,0,0,17785,6.95,16518,224,40,-589,-1866,22.4,1778.5,18,5,0,11,6,13,1,0,0,2,15281,6.62,16980,201,50,20.1,1528.1
0,15,6,1,3,7,3,0,0,0,0,16623,7.23,14546,206,33,-2048,-963,20.6,1662.3,26,2,0,7,3,11,1,1,0,1,17358,6.95,18670,235,50,23.5,1735.8
1,19,4,0,5,4,2,0,0,0,0,15566,6.65,19391,230,60,722,-667,23.0,1556.6,19,5,1,4,5,8,1,0,0,1,16511,6.6,16249,210,48,21.0,1651.1
1,25,2,1,9,2,10,0,0,1,0,18968,7.25,19876,236,52,3514,2932,23.6,1896.8,22,2,0,2,9,2,0,0,0,1,15738,6.24,16044,230,51,23.0,1573.8
0,21,2,1,5,12,7,0,1,0,1,16361,7.45,17579,205,46,-337,1056,20.5,1636.1,14,0,0,12,5,8,0,0,1,0,18579,6.94,16634,240,70,24.0,1857.9
1,28,0,1,10,6,5,1,0,0,1,18315,7.21,19448,226,42,3361,1913,22.6,1831.5,16,4,0,6,10,1,0,0,0,0,12901,6.29,16028,200,44,20.0,1290.1
0,14,2,0,0,6,4,0,0,0,1,14647,7.09,16314,216,44,-677,-2193,21.6,1464.7,20,3,1,6,0,9,0,1,0,0,15142,6.71,18566,269,73,26.9,1514.2
1,20,5,0,7,3,9,1,0,0,1,18650,7.46,18168,266,44,967,1281,26.6,1865.0,25,1,1,3,7,3,0,0,0,0,13350,6.69,16990,194,63,19.4,1335.0
0,27,6,1,5,7,4,0,0,0,0,15373,7.21,16299,202,35,-1027,-1491,20.2,1537.3,18,2,0,7,5,6,0,1,1,1,15339,7.56,17730,231,43,23.1,1533.9
1,11,2,1,12,6,11,2,2,0,0,16345,6.75,17069,237,64,-827,765,23.7,1634.5,22,4,0,6,12,8,0,0,1,0,16387,6.21,17526,205,69,20.5,1638.7
0,18,3,0,6,7,10,1,0,0,1,16304,6.77,18437,203,56,97,1256,20.3,1630.4,19,2,1,7,6,5,0,1,1,1,17483,7.19,16537,221,59,22.1,1748.3
1,16,3,1,8,6,4,0,1,0,0,18706,6.45,16845,239,53,1720,901,23.9,1870.6,17,3,0,6,8,8,0,0,0,0,13642,7.21,16981,230,52,23.0,1364.2
0,20,5,0,5,8,6,1,0,0,0,15808,6.77,18183,233,66,1185,-329,23.3,1580.8,25,1,1,8,5,5,0,0,0,0,14645,7.02,17097,196,51,19.6,1464.5
0,16,0,1,8,12,7,0,0,0,0,14739,6.82,14241,196,48,-2063,-1313,19.6,1473.9,25,4,0,12,8,11,0,0,0,0,17114,6.98,18651,223,53,22.3,1711.4
1,25,6,1,6,4,8,3,0,0,2,16925,7.54,19492,242,48,1744,2100,24.2,1692.5,22,2,0,4,6,3,0,0,1,2,17218,6.76,14184,213,53,21.3,1721.8
1,25,2,1,14,2,11,1,1,1,1,19797,7.42,18376,214,73,4048,2441,21.4,1979.7,16,0,0,2,14,0,0,0,0,0,13800,6.06,13730,156,50,15.6,1380.0
0,12,0,1,3,6,3,2,0,0,0,17642,6.93,16005,213,58,-1229,-740,21.3,1764.2,21,2,0,6,3,6,1,0,0,1,17051,7.48,17959,229,57,22.9,1705.1
0,13,1,0,4,9,0,0,0,0,0,13098,6.09,14722,192,35,-3571,-2637,19.2,1309.8,29,0,1,9,4,9,1,1,0,1,21783,7.29,20628,209,78,20.9,2178.3
1,21,1,1,7,6,9,0,0,1,1,18934,6.32,17582,252,52,2084,-474,25.2,1893.4,26,2,0,6,7,5,0,0,0,0,15851,6.18,17002,240,54,24.0,1585.1
0,23,2,0,4,8,5,0,0,0,0,17424,7.26,20336,210,48,18,-1344,21.0,1742.4,19,3,1,8,4,11,0,0,1,1,17956,7.35,19300,219,53,21.9,1795.6
0,32,0,0,8,10,12,1,1,1,0,15108,7.1,16239,244,70,13,-827,24.4,1510.8,18,1,1,10,8,5,0,1,0,0,18883,7.27,17708,278,67,27.8,1888.3
1,25,2,1,10,3,9,0,1,0,0,17541,7.35,17990,251,53,-528,1343,25.1,1754.1,12,1,0,3,10,7,0,0,0,1,13907,6.28,18211,186,69,18.6,1390.7
0,14,3,0,5,8,2,0,0,0,0,14526,6.24,15278,255,48,-587,-1001,25.5,1452.6,16,2,1,8,5,5,1,0,0,2,16787,7.33,18013,238,37,23.8,1678.7
0,19,4,0,5,5,7,1,0,0,0,15705,6.59,19545,167,46,-757,906,16.7,1570.5,24,1,1,5,5,4,1,1,0,1,17011,7.39,15182,223,38,22.3,1701.1
0,21,3,0,5,7,6,0,1,0,1,14631,6.55,17144,225,46,-959,425,22.5,1463.1,12,4,1,7,5,6,1,0,0,0,16422,6.69,18186,170,41,17.0,1642.2
1,20,5,0,10,9,10,1,1,0,2,18035,7.14,17770,265,68,2681,3948,26.5,1803.5,20,1,1,9,10,7,1,1,0,0,13630,6.61,14942,185,46,18.5,1363.0
0,22,1,1,4,6,4,0,1,0,0,16210,7.14,19523,229,69,1165,1316,22.9,1621.0,18,0,0,6,4,3,0,0,0,1,16827,8.02,14777,255,58,25.5,1682.7
0,6,2,1,0,14,4,0,1,0,0,13605,6.9,16717,206,39,-310,-689,20.6,1360.5,18,4,0,14,0,9,0,1,0,0,19350,7.11,20144,269,59,26.9,1935.0
0,20,0,0,0,7,6,1,0,0,0,15312,6.81,15905,215,23,-1481,-1131,21.5,1531.2,22,1,1,7,0,10,2,1,0,0,17098,7.53,18322,258,61,25.8,1709.8
1,18,2,0,6,5,8,1,1,1,0,18054,6.7,17660,208,57,-657,128,20.8,1805.4,15,2,1,5,6,6,1,1,0,1,15632,6.24,16498,231,36,23.1,1563.2
0,17,2,1,1,8,6,0,0,0,1,15536,6.59,16089,239,21,-2354,-483,23.9,1553.6,15,3,0,8,1,8,2,0,0,1,18362,7.32,20664,265,33,26.5,1836.2
0,24,2,0,2,10,11,0,0,0,1,12763,6.66,16875,199,43,-3185,-1760,19.9,1276.3,22,3,1,10,2,3,1,1,1,2,15162,7.16,19230,228,54,22.8,1516.2
0,15,0,0,6,4,6,0,0,0,2,18862,6.61,19967,221,58,378,3003,22.1,1886.2,23,1,1,4,6,5,0,0,0,0,18193,7.19,18661,201,65,20.1,1819.3
1,23,2,1,6,6,12,1,0,0,1,17675,6.92,15094,182,44,1889,1334,18.2,1767.5,17,3,0,6,6,6,1,0,0,1,15659,6.62,15783,243,57,24.3,1565.9
0,23,1,0,4,1,6,2,1,0,0,14983,6.77,16209,231,54,-1012,-769,23.1,1498.3,14,0,1,1,4,10,1,0,0,1,16925,7.6,20290,254,55,25.4,1692.5
1,21,2,1,9,3,6,2,1,0,0,16678,7.06,17933,197,55,-652,577,19.7,1667.8,25,1,0,3,9,1,0,0,1,1,15237,7.04,18286,223,55,22.3,1523.7
1,12,3,0,7,10,6,1,0,1,0,18283,7.08,16748,251,38,496,119,25.1,1828.3,14,3,1,10,7,10,0,0,1,0,15532,6.65,15307,191,66,19.1,1553.2
1,28,2,0,11,2,9,0,0,1,1,17310,6.49,17144,249,49,2637,22,24.9,1731.0,21,0,1,2,11,8,0,0,1,0,16999,6.94,15552,211,57,21.1,1699.9
1,20,2,0,8,4,6,1,0,1,0,16660,6.6,18935,223,58,1510,2339,22.3,1666.0,27,3,1,4,8,4,0,0,1,1,16793,6.44,16442,213,61,21.3,1679.3
0,12,0,0,0,13,0,0,0,0,0,12695,5.82,16115,149,48,-5202,-4108,14.9,1269.5,15,1,1,13,0,14,2,1,1,3,21117,8.12,20629,250,69,25.0,2111.7
1,18,3,1,3,6,8,0,0,0,1,14493,7.09,17200,202,47,1109,340,20.2,1449.3,11,1,0,6,3,8,0,0,0,2,15899,6.8,18111,248,66,24.8,1589.9
1,19,4,0,7,3,8,1,1,1,0,16225,6.7,17728,229,54,876,-1318,22.9,1622.5,24,1,1,3,7,4,1,1,0,0,15667,6.18,16180,214,56,21.4,1566.7
0,13,1,0,6,8,4,2,0,1,0,16655,6.57,15348,217,42,-565,-567,21.7,1665.5,29,3,1,8,6,9,1,1,0,0,18416,7.29,18711,212,62,21.2,1841.6
1,21,6,1,5,8,3,1,0,1,1,16343,6.3,19483,206,57,281,238,20.6,1634.3,24,0,0,8,5,4,1,1,0,0,16229,7.16,18836,246,43,24.6,1622.9
1,19,1,1,6,3,9,1,0,1,0,17095,7.33,18972,261,58,2938,1395,26.1,1709.5,20,0,0,3,6,5,0,1,0,0,14190,6.99,16162,187,55,18.7,1419.0
0,24,4,1,5,7,9,1,0,0,1,16564,6.9,17930,203,60,77,-1300,20.3,1656.4,29,4,0,7,5,0,1,0,0,0,16765,6.74,19423,232,53,23.2,1676.5
1,26,1,1,9,5,7,1,1,1,2,19494,7.93,19765,198,57,2234,2398,19.8,1949.4,20,0,0,5,9,6,0,0,0,0,14725,6.48,16135,212,58,21.2,1472.5
1,30,4,1,8,6,9,1,0,0,1,21235,6.17,20262,249,52,3036,542,24.9,2123.5,14,0,0,6,8,2,1,0,0,1,14330,7.13,15901,194,31,19.4,1433.0
0,19,3,1,3,7,11,0,0,0,1,12806,6.4,16892,233,50,1285,-844,23.3,1280.6,31,1,0,7,3,4,1,0,0,2,15636,6.85,17799,237,68,23.7,1563.6
0,16,0,0,6,10,8,0,0,0,0,16130,6.98,18087,212,52,-409,-240,21.2,1613.0,22,0,1,10,6,7,1,0,1,1,17089,7.27,18149,233,59,23.3,1708.9
0,7,0,0,0,12,0,1,0,0,0,12085,6.81,13391,181,40,-5471,-4285,18.1,1208.5,26,1,1,12,0,11,1,1,1,2,19566,7.06,21463,222,84,22.2,1956.6
0,30,5,1,5,5,5,0,0,0,1,17542,6.37,16191,212,58,-174,-1152,21.2,1754.2,13,4,0,5,5,5,1,0,0,0,16421,7.42,19329,209,44,20.9,1642.1
0,21,0,0,2,8,2,0,0,0,1,14417,5.84,14578,196,50,-4509,-1945,19.6,1441.7,29,5,1,8,2,7,2,0,0,1,17590,7.92,22002,267,79,26.7,1759.0
0,17,3,0,8,8,7,2,0,0,1,16205,6.92,16461,239,52,35,865,23.9,1620.5,16,3,1,8,8,5,1,0,0,0,15580,6.75,15835,229,66,22.9,1558.0
0,29,3,0,9,4,5,1,0,0,0,16350,6.68,15524,225,66,-858,2154,22.5,1635.0,15,4,1,4,9,5,1,0,0,2,15831,7.41,16748,193,50,19.3,1583.1
1,28,2,1,7,0,7,1,0,1,0,19162,7.16,20492,213,61,-134,1293,21.3,1916.2,11,0,0,0,7,5,0,0,1,1,16939,6.77,14543,184,58,18.4,1693.9
1,16,0,1,8,4,9,1,0,0,2,16287,7.85,20751,255,78,1243,1531,25.5,1628.7,18,4,0,4,8,2,0,0,0,0,16284,6.55,14969,208,57,20.8,1628.4
0,16,3,1,7,5,2,1,0,0,2,16755,6.7,17075,245,61,-82,1433,24.5,1675.5,16,0,0,5,7,6,1,1,0,1,16730,7.51,17391,231,50,23.1,1673.0
1,24,3,1,8,6,10,2,1,0,1,20155,7.38,20441,249,49,3389,3960,24.9,2015.5,11,0,0,6,8,2,0,0,0,1,12314,5.99,12784,213,53,21.3,1231.4
0,15,4,1,4,6,13,0,1,0,1,18774,6.85,17926,222,41,-751,1353,22.2,1877.4,15,5,0,6,4,9,0,0,0,0,17403,7.38,18350,181,51,18.1,1740.3
0,17,2,0,2,12,0,1,0,0,0,13130,6.76,16600,225,62,-2360,-2808,22.5,1313.0,21,3,1,12,2,4,1,1,0,1,16400,7.35,20075,230,64,23.0,1640.0
0,22,2,0,5,6,9,0,0,0,1,15002,6.71,18061,248,57,-1189,-1598,24.8,1500.2,15,4,1,6,5,3,0,0,0,1,16401,6.42,18371,241,73,24.1,1640.1
1,12,2,0,3,8,8,0,0,1,1,16520,6.47,17804,207,53,-285,-2084,20.7,1652.0,23,5,1,8,3,10,1,1,1,0,15924,6.86,15032,280,35,28.0,1592.4
0,23,1,0,7,6,9,0,0,0,0,16848,7.42,16872,228,79,1471,1637,22.8,1684.8,15,2,1,6,7,8,0,0,0,1,15641,6.62,15484,230,63,23.0,1564.1
0,24,4,0,0,11,3,0,0,0,2,13203,6.19,15827,211,27,-1998,93,21.1,1320.3,17,0,1,11,0,11,1,1,0,0,14254,7.45,17593,201,50,20.1,1425.4
1,21,1,0,7,7,8,0,1,1,0,17168,6.66,16556,213,44,62,-1082,21.3,1716.8,13,3,1,7,7,8,0,1,0,0,16551,6.86,17726,229,58,22.9,1655.1
0,19,1,1,9,5,10,0,0,0,1,16299,6.76,12753,221,56,-863,308,22.1,1629.9,29,3,0,5,9,8,1,1,0,0,16430,7.15,18404,239,63,23.9,1643.0
0,16,4,0,3,9,8,0,0,1,2,14845,6.29,17091,277,49,-1149,86,27.7,1484.5,20,3,1,9,3,7,1,0,1,1,18233,7.35,18309,213,68,21.3,1823.3
1,26,3,0,9,3,8,1,1,0,1,16345,7.48,15247,223,69,1564,1476,22.3,1634.5,16,1,1,3,9,5,0,0,0,0,13764,5.82,16871,193,46,19.3,1376.4
1,15,2,1,7,3,8,1,0,1,1,17770,6.82,20356,250,79,1807,2039,25.0,1777.0,14,1,0,3,7,5,1,1,0,1,15310,6.79,15170,209,44,20.9,1531.0
1,24,3,1,9,3,7,2,1,0,1,16590,6.83,17098,218,70,1794,1746,21.8,1659.0,24,0,0,3,9,3,0,0,0,0,15034,7.1,17275,193,51,19.3,1503.4
0,19,3,0,5,6,6,1,1,0,1,16502,7.34,16960,208,33,-1909,-1143,20.8,1650.2,22,3,1,6,5,8,1,1,0,0,18615,6.36,18428,229,73,22.9,1861.5
1,28,2,1,8,3,10,2,0,1,0,21743,7.28,20740,173,79,3149,587,17.3,2174.3,22,1,0,3,8,8,0,0,0,1,15973,7.29,14488,215,56,21.5,1597.3
0,14,3,0,1,8,4,0,0,0,0,13127,6.31,14470,203,46,-3159,-1740,20.3,1312.7,26,4,1,8,1,4,1,0,1,1,17276,7.27,19865,240,62,24.0,1727.6
0,15,0,1,1,12,3,0,0,0,0,16594,6.5,16035,177,40,-1944,-3176,17.7,1659.4,26,0,0,12,1,9,0,1,1,2,17372,7.07,19408,231,78,23.1,1737.2
0,11,2,0,6,11,4,0,0,0,0,16278,6.64,14556,210,29,-3020,-1134,21.0,1627.8,20,1,1,11,6,10,1,1,0,0,17768,7.92,18559,256,31,25.6,1776.8
1,22,3,1,2,8,11,0,1,0,1,15811,6.93,17179,213,55,-1869,-355,21.3,1581.1,23,4,0,8,2,7,0,1,0,1,18117,7.55,18452,198,76,19.8,1811.7
1,20,4,1,9,5,9,0,0,1,1,17781,7.33,18116,202,46,1795,896,20.2,1778.1,22,0,0,5,9,2,1,1,1,0,14396,6.49,15275,180,33,18.0,1439.6
0,14,0,0,5,3,6,0,0,0,0,15047,6.78,17504,210,43,-351,-537,21.0,1504.7,25,2,1,3,5,6,0,0,1,0,18684,7.17,18086,223,67,22.3,1868.4
0,15,2,1,5,7,0,1,0,0,1,16242,7.37,17262,208,38,-1974,-985,20.8,1624.2,25,4,0,7,5,8,2,0,1,1,16310,6.64,17682,208,53,20.8,1631.0
1,22,0,1,7,8,8,1,0,0,0,16266,6.98,17822,259,50,-622,-27,25.9,1626.6,20,2,0,8,7,6,0,0,0,0,15333,7.13,19730,200,63,20.0,1533.3
0,16,4,1,6,8,9,1,0,0,1,16839,7.18,18308,231,55,1664,615,23.1,1683.9,18,3,0,8,6,8,0,0,0,1,13929,6.94,15969,231,45,23.1,1392.9
1,14,1,1,6,7,7,1,0,0,0,14984,6.4,15981,188,40,-472,-496,18.8,1498.4,24,2,0,7,6,9,0,1,0,0,17185,7.3,18585,232,60,23.2,1718.5
0,23,3,0,9,10,7,0,0,0,1,14873,6.76,17516,221,49,2169,-1287,22.1,1487.3,23,3,1,10,9,4,0,0,0,1,18894,6.88,18822,241,71,24.1,1889.4
0,16,0,1,3,10,1,0,0,0,0,15618,6.05,16130,213,52,-1817,-3062,21.3,1561.8,23,5,0,10,3,6,0,1,0,1,16577,7.55,17676,240,69,24.0,1657.7
0,24,2,1,0,2,4,0,0,0,1,14524,7.01,15111,205,50,-808,-2083,20.5,1452.4,26,2,0,2,0,5,1,1,1,1,16807,7.12,16478,217,57,21.7,1680.7
1,21,3,0,8,3,13,1,0,0,1,17382,7.27,20091,229,86,1814,914,22.9,1738.2,19,1,1,3,8,4,1,1,0,0,16506,6.61,14604,181,48,18.1,1650.6
1,20,6,0,6,4,3,0,0,0,2,17535,6.98,18535,235,50,-365,-281,23.5,1753.5,15,1,1,4,6,8,0,0,0,0,16781,7.41,17641,200,49,20.0,1678.1
0,19,3,1,5,6,1,0,0,0,0,14955,7.03,17784,190,49,-1269,-139,19.0,1495.5,17,3,0,6,5,8,0,0,1,0,17308,7.6,16253,218,63,21.8,1730.8
1,29,4,0,4,6,5,0,1,0,0,17366,7.64,19663,271,74,2769,1691,27.1,1736.6,20,0,1,6,4,6,0,0,0,1,14474,7.27,16657,212,44,21.2,1447.4
1,25,5,0,5,8,5,0,1,0,1,15194,6.16,15549,235,42,-2479,-1240,23.5,1519.4,18,2,1,8,5,11,1,0,0,1,17015,7.0,18949,220,62,22.0,1701.5
1,29,3,1,8,2,13,1,0,1,1,20693,7.08,19379,246,70,2181,1306,24.6,2069.3,26,4,0,2,8,1,0,0,0,0,12649,5.89,17903,209,34,20.9,1264.9
1,20,3,0,11,1,10,0,1,0,1,17262,7.28,17555,213,53,1468,342,21.3,1726.2,18,2,1,1,11,4,1,0,1,0,15808,6.04,15750,239,39,23.9,1580.8
1,15,2,1,5,7,9,1,1,0,0,18020,6.52,18387,246,48,-837,1103,24.6,1802.0,16,2,0,7,5,5,0,0,0,0,17802,7.13,19452,245,74,24.5,1780.2
0,21,2,1,5,9,0,0,1,0,0,13655,6.69,17190,178,49,-1568,-2994,17.8,1365.5,17,2,0,9,5,8,2,1,0,0,17787,7.79,20201,252,55,25.2,1778.7
1,31,0,0,8,2,9,0,2,0,2,20154,7.69,23152,252,61,4381,3175,25.2,2015.4,22,0,1,2,8,0,0,0,1,0,14394,6.25,14129,192,47,19.2,1439.4
0,27,2,0,7,3,5,1,0,0,0,16384,6.86,17472,220,52,1739,422,22.0,1638.4,11,2,1,3,7,5,1,0,0,0,17438,6.48,15362,212,68,21.2,1743.8
0,19,2,1,3,6,10,0,1,0,1,17098,7.05,14729,230,33,333,-795,23.0,1709.8,21,0,0,6,3,9,1,1,0,0,17319,6.33,16964,214,70,21.4,1731.9
1,26,2,1,7,1,9,0,0,2,0,16231,7.13,17711,226,77,1112,3934,22.6,1623.1,21,2,0,1,7,6,0,0,0,0,15800,6.95,17250,194,55,19.4,1580.0
1,25,0,1,14,3,8,0,1,1,1,16467,6.71,17395,206,66,1037,851,20.6,1646.7,10,4,0,3,14,4,0,0,0,0,14623,6.24,16377,181,46,18.1,1462.3
1,23,2,1,7,8,9,1,0,0,2,17549,7.17,18395,223,66,3342,1505,22.3,1754.9,12,2,0,8,7,8,0,1,0,1,14790,6.26,16123,225,51,22.5,1479.0
0,20,0,0,4,6,4,0,0,0,0,15912,6.18,18893,205,45,-2165,-377,20.5,1591.2,17,5,1,6,4,6,1,0,1,1,15769,7.31,20269,192,65,19.2,1576.9
0,21,5,1,4,4,12,0,0,0,1,16962,6.97,18185,246,38,700,417,24.6,1696.2,30,2,0,4,4,4,1,1,0,0,14735,6.98,14178,251,65,25.1,1473.5
0,14,1,0,3,7,9,0,0,0,0,12740,6.83,17793,206,52,-2683,-2970,20.6,1274.0,22,0,1,7,3,5,1,0,1,0,19484,6.72,19027,225,52,22.5,1948.4
1,18,0,0,7,4,10,1,1,0,1,16162,7.29,19564,205,62,613,1446,20.5,1616.2,20,2,1,4,7,7,0,1,1,0,16853,7.11,15952,217,49,21.7,1685.3
0,16,2,1,4,6,9,0,1,0,1,18513,6.81,18538,235,35,124,-558,23.5,1851.3,28,2,0,6,4,4,0,0,1,0,15819,6.83,17961,211,68,21.1,1581.9
1,13,3,0,10,8,6,0,0,0,1,16903,6.87,18560,235,42,468,287,23.5,1690.3,18,2,1,8,10,7,0,1,0,0,14124,6.28,17311,226,50,22.6,1412.4
0,20,2,1,8,5,7,0,1,0,1,13824,7.17,16694,203,53,-832,768,20.3,1382.4,9,0,0,5,8,0,0,0,0,0,19024,7.13,16561,190,57,19.0,1902.4
0,19,1,1,3,7,1,0,1,0,0,16869,6.6,17884,199,56,-221,443,19.9,1686.9,8,2,0,7,3,6,0,0,0,1,16748,6.9,16576,203,53,20.3,1674.8
0,22,1,0,6,4,3,1,0,0,0,15342,6.35,19140,204,48,-470,-2127,20.4,1534.2,17,3,1,4,6,3,1,1,0,0,17296,7.42,17924,242,59,24.2,1729.6
1,28,2,1,7,2,4,1,1,0,0,17994,7.67,18659,218,32,-395,1543,21.8,1799.4,22,2,0,2,7,5,0,0,0,2,16449,7.23,16798,204,43,20.4,1644.9
1,30,2,0,7,5,10,2,0,1,0,19215,7.05,19916,254,65,1860,2112,25.4,1921.5,25,3,1,5,7,7,0,0,0,0,14251,6.41,16353,209,28,20.9,1425.1
0,26,0,1,3,5,5,0,0,0,0,14533,6.35,15620,215,50,-1797,-1603,21.5,1453.3,24,1,0,5,3,6,0,1,0,1,16558,7.11,19620,193,50,19.3,1655.8
1,17,2,0,4,6,9,1,0,1,2,17767,7.18,17837,206,44,1801,-213,20.6,1776.7,16,2,1,6,4,3,1,0,0,0,16900,6.7,17054,181,53,18.1,1690.0
1,14,0,0,9,3,9,0,1,0,0,18173,6.65,17509,227,57,1063,-198,22.7,1817.3,15,3,1,3,9,3,1,0,0,1,15204,6.48,16699,213,28,21.3,1520.4
0,25,3,0,4,6,9,0,1,0,1,16132,7.27,19741,221,48,-134,1020,22.1,1613.2,30,1,1,6,4,8,0,1,1,1,15791,6.74,17292,249,42,24.9,1579.1
0,24,3,0,5,13,1,0,0,0,0,15819,6.35,15314,182,24,-4086,-5253,18.2,1581.9,37,2,1,13,5,7,1,1,0,0,19800,6.94,20752,252,58,25.2,1980.0
0,25,0,0,3,11,0,0,0,0,0,12595,6.43,16123,195,47,-831,-2934,19.5,1259.5,23,4,1,11,3,9,1,0,0,1,19104,6.84,20175,253,74,25.3,1910.4
0,21,1,1,3,3,10,1,0,0,1,16184,6.86,18606,217,59,-2327,-392,21.7,1618.4,25,2,0,3,3,5,0,1,1,1,17993,6.88,19519,218,59,21.8,1799.3
0,6,0,0,0,18,1,0,0,0,1,12179,6.94,15678,220,54,-4938,-4401,22.0,1217.9,25,2,1,18,0,13,2,1,0,1,18560,7.46,21008,257,56,25.7,1856.0
1,25,3,0,13,1,9,0,0,0,0,15790,7.37,19552,251,71,-22,2342,25.1,1579.0,16,2,1,1,13,7,1,0,0,1,16179,6.57,15694,221,44,22.1,1617.9
1,24,3,0,7,9,10,0,1,0,0,15443,7.09,18359,209,54,-62,78,20.9,1544.3,19,4,1,9,7,5,0,0,0,0,15301,6.89,16697,166,43,16.6,1530.1
1,26,3,0,5,5,5,2,0,1,1,14233,6.88,17659,248,48,-458,-941,24.8,1423.3,13,3,1,5,5,7,1,1,0,0,16248,6.98,18289,195,54,19.5,1624.8
0,23,2,1,3,8,0,0,0,1,0,15129,7.03,16093,185,29,-4303,-4661,18.5,1512.9,20,3,0,8,3,9,2,1,0,2,18725,7.81,20068,251,84,25.1,1872.5
0,21,3,1,3,9,8,0,1,0,0,12997,6.62,14603,210,21,-2782,-3252,21.0,1299.7,25,3,0,9,3,10,1,1,0,1,19663,7.92,19040,241,59,24.1,1966.3
1,17,2,1,4,5,5,1,1,0,0,17018,6.55,17226,244,56,238,-45,24.4,1701.8,27,1,0,5,4,7,0,0,0,0,15313,6.43,17956,200,40,20.0,1531.3
1,19,1,1,10,0,15,1,1,0,1,18539,6.98,19446,253,68,3954,2316,25.3,1853.9,16,0,0,0,10,5,0,0,0,0,12681,6.07,15747,197,36,19.7,1268.1
0,21,0,0,0,8,6,2,0,0,0,17501,6.91,18064,201,46,-2219,-695,20.1,1750.1,35,0,1,8,0,7,1,0,1,1,16872,6.84,17889,219,79,21.9,1687.2
1,18,5,1,8,5,11,1,1,0,1,17046,7.24,20234,236,72,2299,2601,23.6,1704.6,14,1,0,5,8,5,1,0,0,0,16726,7.55,17643,237,43,23.7,1672.6
0,26,3,0,6,10,8,0,0,0,1,16145,6.69,16995,221,62,-768,726,22.1,1614.5,22,1,1,10,6,3,1,1,1,1,16573,7.4,16798,257,61,25.7,1657.3
0,12,2,1,7,6,5,0,0,1,0,15597,6.41,17934,199,61,-171,-364,19.9,1559.7,25,1,0,6,7,3,0,0,1,0,17420,6.84,16399,216,62,21.6,1742.0
1,25,3,0,6,3,10,1,1,0,1,19039,7.31,21210,228,55,1104,889,22.8,1903.9,15,1,1,3,6,4,0,0,0,0,14551,6.37,17624,196,51,19.6,1455.1
0,21,2,1,4,5,11,0,0,0,1,15783,6.6,17906,230,71,-421,-838,23.0,1578.3,27,2,0,5,4,7,1,0,0,2,17534,7.23,15836,233,64,23.3,1753.4
0,18,2,1,5,7,8,0,1,0,0,16193,6.43,15631,203,64,-597,-747,20.3,1619.3,32,3,0,7,5,7,0,0,1,0,17154,7.39,19586,229,55,22.9,1715.4
1,18,2,0,12,2,12,1,1,0,1,16614,7.61,18499,222,49,3233,1924,22.2,1661.4,11,0,1,2,12,2,0,0,0,1,15696,6.74,15471,196,37,19.6,1569.6
1,10,4,0,6,3,8,1,0,1,1,17086,6.79,17953,182,58,-291,557,18.2,1708.6,18,2,1,3,6,6,1,0,0,1,19854,7.01,16717,226,55,22.6,1985.4
0,20,2,1,7,9,8,1,1,0,0,18109,6.92,20805,200,67,2611,1782,20.0,1810.9,11,1,0,9,7,3,0,0,0,1,14633,6.56,17181,197,63,19.7,1463.3
0,16,0,1,7,8,3,0,1,0,0,13536,6.7,17348,255,40,-3121,-1506,25.5,1353.6,14,3,0,8,7,11,1,0,0,1,18732,7.28,18695,177,44,17.7,1873.2
1,28,0,1,9,3,13,0,1,1,1,15979,7.16,18665,218,71,2326,946,21.8,1597.9,24,0,0,3,9,2,0,0,0,0,15524,6.37,14245,185,56,18.5,1552.4
1,17,2,0,7,8,5,1,1,1,1,18475,7.19,19456,209,68,1696,2759,20.9,1847.5,23,5,1,8,7,6,1,0,0,0,14358,6.72,18227,244,59,24.4,1435.8
1,23,4,1,9,0,6,2,1,0,0,17689,6.96,17456,248,50,923,829,24.8,1768.9,15,1,0,0,9,7,0,0,1,0,15089,6.7,18577,201,60,20.1,1508.9
1,14,1,0,6,11,7,0,1,0,1,17282,6.82,17675,202,52,-598,730,20.2,1728.2,24,1,1,11,6,6,0,0,0,0,16644,7.12,15476,204,67,20.4,1664.4
0,21,0,1,3,5,2,0,0,0,1,17652,7.24,20056,204,57,-2571,-3015,20.4,1765.2,13,0,0,5,3,8,1,1,1,1,17181,6.96,15663,186,72,18.6,1718.1
0,9,2,0,6,4,5,0,0,0,0,17495,7.06,16911,239,72,-636,-337,23.9,1749.5,21,3,1,4,6,8,0,0,1,0,16247,6.48,16808,226,53,22.6,1624.7
1,30,1,0,7,6,4,1,1,0,1,17477,7.08,17134,217,58,-1093,-2505,21.7,1747.7,19,4,1,6,7,8,0,0,0,0,15885,7.02,16669,230,61,23.0,1588.5
1,21,5,0,12,6,5,1,0,0,1,16483,7.43,19236,204,55,2147,860,20.4,1648.3,19,0,1,6,12,0,0,0,0,1,14424,6.59,16618,262,40,26.2,1442.4
1,6,4,1,3,11,3,1,1,0,1,16212,6.73,15712,206,49,55,-1207,20.6,1621.2,18,2,0,11,3,3,0,1,0,2,16111,6.93,16848,246,63,24.6,1611.1
0,13,0,1,6,13,3,0,0,0,1,17559,6.5,16913,221,49,-2153,-3412,22.1,1755.9,20,3,0,13,6,12,2,1,1,1,16442,6.76,17619,236,66,23.6,1644.2
0,12,1,1,1,9,5,0,0,0,0,14916,6.49,15419,193,46,-2803,-1721,19.3,1491.6,28,3,0,9,1,10,1,1,0,1,17479,6.67,20768,234,64,23.4,1747.9
0,13,0,1,2,6,3,0,0,0,0,10438,7.08,15783,199,44,-2630,-1857,19.9,1043.8,23,6,0,6,2,14,1,0,0,1,18674,6.9,22307,240,62,24.0,1867.4
1,19,1,1,11,4,5,1,2,1,1,17620,6.44,18308,227,46,2089,63,22.7,1762.0,21,4,0,4,11,5,1,0,0,0,15420,6.9,16543,203,68,20.3,1542.0
0,14,1,1,3,7,2,0,0,0,1,14166,6.56,14564,230,50,-1600,-194,23.0,1416.6,18,2,0,7,3,10,0,1,0,0,19534,7.87,20950,221,79,22.1,1953.4
0,17,3,0,6,2,8,0,0,0,1,15809,7.03,18969,206,62,781,-1057,20.6,1580.9,10,0,1,2,6,7,0,1,1,1,17459,7.08,15025,225,63,22.5,1745.9
1,14,2,0,5,7,9,0,0,1,1,18098,6.48,19410,190,50,254,1474,19.0,1809.8,18,1,1,7,5,7,1,0,1,0,14679,7.03,19108,238,40,23.8,1467.9
0,24,1,0,6,6,9,1,1,0,1,15828,6.27,16036,236,60,111,539,23.6,1582.8,13,2,1,6,6,9,0,0,0,1,18244,6.82,18076,259,63,25.9,1824.4
1,27,0,1,8,6,8,1,0,1,0,17451,6.8,18245,197,67,766,885,19.7,1745.1,18,1,0,6,8,5,0,1,0,1,14678,6.68,17662,164,43,16.4,1467.8
0,19,1,0,5,7,10,0,1,0,1,15826,7.05,19135,194,64,9,469,19.4,1582.6,24,1,1,7,5,4,0,0,0,1,17205,7.46,15108,174,59,17.4,1720.5
0,14,1,0,3,13,0,0,0,0,0,13048,6.48,13680,206,52,-2267,-1785,20.6,1304.8,22,1,1,13,3,10,1,1,1,1,21203,7.76,20519,278,86,27.8,2120.3
0,14,0,0,4,7,3,0,0,0,1,16819,7.25,17013,207,42,-1198,-1468,20.7,1681.9,28,2,1,7,4,7,1,0,0,1,18089,6.99,19930,204,33,20.4,1808.9
1,21,4,1,8,9,6,1,1,0,0,17477,7.13,18561,227,63,579,1184,22.7,1747.7,20,2,0,9,8,4,1,0,0,2,16846,6.89,16480,259,38,25.9,1684.6
1,24,2,0,10,1,13,1,0,0,1,18368,7.14,19317,197,81,2142,645,19.7,1836.8,28,0,1,1,10,3,0,0,0,0,13219,6.9,13824,154,47,15.4,1321.9
1,22,3,1,12,1,11,2,1,0,1,19239,7.32,20215,252,79,4999,3840,25.2,1923.9,17,1,0,1,12,1,1,0,0,0,13659,6.32,14652,186,54,18.6,1365.9
0,19,1,1,1,8,6,0,0,1,1,17007,6.38,14993,183,25,-2079,-2870,18.3,1700.7,25,6,0,8,1,7,1,1,0,1,18255,6.89,20366,226,70,22.6,1825.5
0,21,0,1,6,8,5,0,1,0,1,17110,6.94,17438,237,48,506,2307,23.7,1711.0,10,1,0,8,6,11,1,1,1,1,17022,7.0,20076,205,61,20.5,1702.2
0,12,2,1,8,11,4,0,1,0,1,13939,6.38,15152,200,48,-924,-1851,20.0,1393.9,20,4,0,11,8,12,0,1,1,1,18308,7.27,18597,262,73,26.2,1830.8
1,29,2,0,6,2,9,0,1,1,2,17327,7.23,19749,254,42,3187,2329,25.4,1732.7,15,1,1,2,6,0,1,1,0,0,15910,6.12,16696,196,53,19.6,1591.0
1,21,1,0,6,3,6,1,2,1,1,15799,7.36,19511,240,65,2531,2164,24.0,1579.9,26,3,1,3,6,5,0,0,1,0,18393,6.16,15265,219,57,21.9,1839.3
0,29,0,0,11,8,7,2,0,1,1,15021,6.71,17081,221,40,1935,1782,22.1,1502.1,15,2,1,8,11,4,0,0,0,1,16701,6.95,17718,228,53,22.8,1670.1
1,22,4,0,6,3,6,1,1,0,0,14693,7.31,16997,209,52,46,423,20.9,1469.3,26,0,1,3,6,6,0,0,0,0,15480,6.49,18336,239,67,23.9,1548.0
1,33,3,1,9,9,8,0,0,0,1,16480,6.81,19385,221,57,2181,3063,22.1,1648.0,24,3,0,9,9,1,0,0,0,0,14862,6.8,13335,212,40,21.2,1486.2
1,28,4,0,8,3,10,1,1,0,1,18701,7.29,17539,257,56,2426,1431,25.7,1870.1,12,1,1,3,8,0,0,0,0,0,15358,7.0,18344,226,41,22.6,1535.8
1,23,4,0,12,3,9,0,1,0,1,19313,6.91,18349,199,59,1838,1336,19.9,1931.3,21,0,1,3,12,5,0,0,0,1,15850,6.41,15125,190,59,19.0,1585.0
0,17,4,1,3,6,11,1,0,0,0,16545,7.45,16788,198,37,278,-396,19.8,1654.5,19,4,0,6,3,6,2,0,0,2,15053,6.85,17070,232,53,23.2,1505.3
0,16,1,1,8,8,3,0,0,0,0,16100,6.75,16978,210,57,-809,-1314,21.0,1610.0,24,7,0,8,8,8,1,1,1,1,17331,7.28,18281,186,51,18.6,1733.1
1,24,0,1,4,3,7,1,1,1,0,18449,7.11,19373,185,62,1745,1756,18.5,1844.9,19,4,0,3,4,2,0,0,0,1,15410,7.33,17864,206,56,20.6,1541.0
1,22,4,0,4,5,4,1,0,0,1,18334,7.03,19823,222,64,1683,653,22.2,1833.4,17,0,1,5,4,4,0,0,0,0,14084,6.95,15693,223,55,22.3,1408.4
1,17,2,0,3,4,3,1,1,0,2,16765,6.99,19056,218,65,-1053,644,21.8,1676.5,15,1,1,4,3,3,0,0,0,1,14946,6.48,16468,210,52,21.0,1494.6
0,23,1,1,5,5,7,1,0,0,1,17265,6.75,17297,233,63,-1016,578,23.3,1726.5,26,4,0,5,5,5,0,1,1,1,17938,6.53,16981,238,50,23.8,1793.8
1,22,4,0,7,0,11,1,0,0,1,18804,6.65,17494,262,62,1725,497,26.2,1880.4,11,1,1,0,7,0,1,0,0,0,15286,6.9,16265,197,59,19.7,1528.6
1,28,3,1,8,3,11,2,0,0,0,17775,7.23,18136,208,69,1847,3438,20.8,1777.5,21,3,0,3,8,1,0,0,0,0,12140,6.25,13764,185,48,18.5,1214.0
0,14,3,1,2,7,8,0,0,1,0,15794,7.03,17088,214,61,-1248,-401,21.4,1579.4,19,2,0,7,2,11,1,0,1,0,17709,6.74,18485,239,57,23.9,1770.9
0,24,0,0,3,2,7,2,1,0,0,18366,6.86,16711,234,43,-1244,102,23.4,1836.6,28,4,1,2,3,4,1,0,0,0,16705,6.61,16887,248,65,24.8,1670.5
1,23,4,0,5,4,7,0,1,0,1,16714,6.34,16860,231,61,2101,1339,23.1,1671.4,24,5,1,4,5,5,0,0,0,1,15319,6.11,17833,219,37,21.9,1531.9
1,27,2,1,8,5,9,1,0,0,0,18038,7.07,19359,236,47,1090,734,23.6,1803.8,24,2,0,5,8,1,0,0,0,0,16601,7.41,15168,236,54,23.6,1660.1
1,24,3,1,3,9,3,1,0,0,1,18084,6.77,18887,204,39,-636,-668,20.4,1808.4,21,1,0,9,3,4,1,1,0,1,16806,6.79,17635,213,63,21.3,1680.6
1,23,4,1,4,0,6,1,0,0,0,18517,7.59,20566,234,59,4011,4263,23.4,1851.7,19,0,0,0,4,1,0,0,0,0,13279,6.38,14274,227,36,22.7,1327.9
1,20,3,1,7,4,6,0,1,1,0,15522,7.3,19245,210,57,-157,348,21.0,1552.2,20,2,0,4,7,3,0,0,0,1,15463,6.84,18926,215,61,21.5,1546.3
1,30,2,1,9,2,7,0,0,0,1,17211,6.76,17593,235,62,1194,-410,23.5,1721.1,19,2,0,2,9,1,1,0,0,0,14670,7.0,15848,193,56,19.3,1467.0
1,22,4,0,9,4,10,0,0,1,0,18304,7.26,19266,266,56,2848,4409,26.6,1830.4,22,3,1,4,9,5,0,0,0,1,14239,6.35,17304,187,42,18.7,1423.9
0,23,3,1,2,6,3,0,1,1,0,15945,6.47,13003,225,65,-427,-329,22.5,1594.5,21,2,0,6,2,6,1,1,1,1,17050,7.31,15782,226,50,22.6,1705.0
0,18,3,1,7,7,5,1,0,0,0,14905,6.83,18817,199,56,-281,1167,19.9,1490.5,21,3,0,7,7,1,1,1,0,1,17373,6.72,17741,222,60,22.2,1737.3
0,8,2,0,0,8,6,0,0,0,0,13352,6.42,16830,186,44,-2701,-1495,18.6,1335.2,31,3,1,8,0,5,1,1,0,1,15985,7.1,16746,239,79,23.9,1598.5
1,14,3,0,5,3,3,0,0,0,0,16056,6.79,17315,194,50,-1441,-103,19.4,1605.6,29,0,1,3,5,7,2,1,0,1,15911,6.66,18518,216,29,21.6,1591.1
0,19,0,0,3,9,3,0,0,0,0,13845,6.39,17281,179,41,-4565,-1615,17.9,1384.5,14,2,1,9,3,12,1,1,0,2,18132,6.84,20054,244,81,24.4,1813.2
1,25,5,1,10,2,6,2,0,0,2,19471,7.28,19078,232,48,2356,3591,23.2,1947.1,6,0,0,2,10,8,1,0,1,0,16998,6.35,15632,224,42,22.4,1699.8
0,23,0,1,8,8,3,1,1,0,1,16240,7.63,18168,202,46,429,-308,20.2,1624.0,25,2,0,8,8,5,1,0,0,0,15465,6.6,19013,237,53,23.7,1546.5
0,25,2,1,6,11,5,0,0,0,0,15639,6.72,18671,202,50,-351,-1796,20.2,1563.9,27,1,0,11,6,8,0,0,1,0,17106,7.03,18686,242,65,24.2,1710.6
0,22,1,0,8,8,4,1,0,1,0,16941,7.09,16804,237,52,-174,-281,23.7,1694.1,18,0,1,8,8,7,1,0,1,1,15827,6.15,18358,205,47,20.5,1582.7
1,18,1,1,5,3,7,0,0,1,0,20776,6.89,17919,222,66,-852,2457,22.2,2077.6,26,1,0,3,5,3,0,0,0,1,14590,6.82,15232,197,38,19.7,1459.0
0,21,2,1,7,9,4,0,0,0,1,14650,5.42,15493,201,69,-2754,-2437,20.1,1465.0,19,3,0,9,7,8,1,1,1,1,19041,7.14,20408,193,40,19.3,1904.1
1,21,0,0,0,6,1,0,1,0,1,17967,7.01,16299,220,60,839,-663,22.0,1796.7,17,1,1,6,0,1,0,0,0,0,16319,7.41,20216,207,62,20.7,1631.9
1,19,6,0,11,7,10,1,0,0,0,16976,7.14,20806,236,49,2120,12,23.6,1697.6,26,1,1,7,11,2,0,0,0,0,16421,6.77,13863,202,52,20.2,1642.1
0,19,0,0,0,10,10,1,0,0,0,12440,7.09,13979,191,40,-3240,-1303,19.1,1244.0,19,4,1,10,0,10,0,1,1,1,18746,8.03,18208,271,72,27.1,1874.6
1,22,1,1,8,5,5,0,0,0,0,16505,7.27,18074,187,78,246,1782,18.7,1650.5,18,1,0,5,8,7,0,0,0,1,16257,6.63,17032,226,59,22.6,1625.7
0,14,0,1,6,6,2,0,1,0,0,13793,6.36,15778,198,66,-2274,-3026,19.8,1379.3,23,4,0,6,6,11,0,1,1,1,17171,7.01,19128,238,67,23.8,1717.1
1,19,2,0,7,7,4,0,1,0,0,18408,6.26,18071,206,55,984,546,20.6,1840.8,25,2,1,7,7,8,2,0,1,2,14474,6.48,16990,246,67,24.6,1447.4
1,25,3,0,4,7,1,0,0,0,0,15909,6.7,16812,241,65,-1886,-2160,24.1,1590.9,18,0,1,7,4,7,1,1,0,2,17064,7.05,18181,224,73,22.4,1706.4
1,30,4,0,11,3,14,1,1,0,1,19426,7.57,17416,211,74,2226,965,21.1,1942.6,12,1,1,3,11,5,0,0,0,0,14100,6.59,15434,225,52,22.5,1410.0
0,19,4,0,0,6,3,0,0,0,0,14358,7.51,14328,218,52,-3024,-249,21.8,1435.8,20,4,1,6,0,6,0,0,1,2,17381,7.09,16933,245,55,24.5,1738.1
0,17,0,0,0,11,5,0,0,0,0,13489,6.52,15891,195,48,-3035,-3286,19.5,1348.9,21,2,1,11,0,12,0,0,0,2,22545,7.57,20251,224,72,22.4,2254.5
0,13,3,0,7,7,10,0,0,1,0,15589,7.2,19715,269,67,813,-1374,26.9,1558.9,21,4,1,7,7,5,1,0,0,1,18628,6.94,17058,203,39,20.3,1862.8
0,28,1,1,5,6,8,1,0,0,0,16831,6.81,18943,226,63,-1395,-1244,22.6,1683.1,16,1,0,6,5,4,0,1,1,0,19252,6.65,17533,219,63,21.9,1925.2
0,22,2,0,2,7,6,0,1,0,1,15601,6.75,17058,235,34,-2372,-1801,23.5,1560.1,23,2,1,7,2,13,1,0,0,1,16334,7.05,18890,231,58,23.1,1633.4
1,25,4,1,10,6,4,0,0,0,1,18358,7.14,17962,173,50,361,1830,17.3,1835.8,17,1,0,6,10,5,1,0,0,1,14715,6.75,16676,234,71,23.4,1471.5
0,5,0,0,4,14,5,0,0,0,1,12128,5.94,14363,193,44,-3843,-2678,19.3,1212.8,24,3,1,14,4,7,1,0,0,1,17153,7.03,21066,236,65,23.6,1715.3
1,18,4,1,2,13,3,0,0,0,0,14036,6.65,14648,193,45,-133,-579,19.3,1403.6,27,2,0,13,2,9,1,1,0,1,18875,6.98,17623,252,44,25.2,1887.5
0,18,1,1,6,8,9,0,0,0,0,18172,6.67,17476,228,39,-2249,-172,22.8,1817.2,28,1,0,8,6,9,0,0,0,1,17843,6.45,15486,211,53,21.1,1784.3
1,25,0,0,4,5,6,0,1,0,1,18499,7.16,19692,237,43,1760,1125,23.7,1849.9,19,0,1,5,4,6,1,0,0,0,16803,6.5,15202,214,45,21.4,1680.3
0,20,2,0,5,0,6,1,0,0,1,19633,7.53,19536,248,58,2441,651,24.8,1963.3,24,1,1,0,5,3,0,0,0,0,14588,6.56,14904,197,54,19.7,1458.8
1,21,3,1,6,6,8,1,0,1,1,17885,7.46,20381,233,54,1927,1852,23.3,1788.5,11,0,0,6,6,2,0,0,0,1,15081,6.62,13880,231,61,23.1,1508.1
0,23,1,0,6,1,8,1,0,0,0,17328,6.72,18227,237,63,61,-464,23.7,1732.8,22,0,1,1,6,5,0,0,0,1,16286,7.06,17257,250,51,25.0,1628.6
0,11,0,1,0,14,0,0,0,0,0,12622,6.36,14949,191,51,-3999,-2597,19.1,1262.2,33,4,0,14,0,16,2,1,0,1,20128,6.86,21382,238,73,23.8,2012.8
1,18,2,1,8,5,6,1,0,0,1,17815,6.75,18011,213,56,766,-433,21.3,1781.5,18,3,0,5,8,4,1,0,0,1,16342,7.21,15972,201,47,20.1,1634.2
1,24,2,1,9,0,6,2,1,0,1,18432,6.84,17281,239,70,2223,3100,23.9,1843.2,23,1,0,0,9,1,0,1,0,0,15322,5.86,15573,182,37,18.2,1532.2
0,29,4,1,11,4,11,1,0,0,1,18106,6.99,19135,259,58,2776,130,25.9,1810.6,17,1,0,4,11,4,1,0,0,0,15432,6.1,18382,191,64,19.1,1543.2
0,25,1,0,8,5,6,1,0,0,2,17167,6.94,16394,236,77,115,2252,23.6,1716.7,21,2,1,5,8,4,0,0,0,0,17419,6.14,15361,217,35,21.7,1741.9
0,23,5,0,1,8,7,0,0,0,0,12182,6.74,15958,213,53,-2173,-1467,21.3,1218.2,22,1,1,8,1,6,0,1,1,0,16259,6.87,17268,198,65,19.8,1625.9
0,19,3,0,7,7,3,0,1,0,1,14316,7.77,13401,225,61,-613,-1414,22.5,1431.6,14,3,1,7,7,5,2,1,1,1,16846,6.58,16130,202,52,20.2,1684.6
1,31,3,0,8,2,11,1,1,0,0,20593,7.53,19711,248,68,2576,3241,24.8,2059.3,17,1,1,2,8,1,1,0,0,0,14491,6.72,14263,189,54,18.9,1449.1
0,8,2,0,4,9,0,0,1,0,1,15261,6.16,16415,194,56,-2427,-858,19.4,1526.1,26,4,1,9,4,3,0,0,0,1,16704,7.29,19553,217,72,21.7,1670.4
0,28,0,0,2,5,4,0,0,0,0,15558,6.68,13974,208,61,-3166,-869,20.8,1555.8,19,0,1,5,2,13,0,0,0,0,19628,6.98,19364,224,75,22.4,1962.8
1,33,2,1,11,5,5,2,0,1,1,16225,7.07,19430,186,47,1994,1227,18.6,1622.5,17,2,0,5,11,9,0,0,0,0,16100,7.37,14115,218,43,21.8,1610.0
1,21,4,0,7,6,9,1,0,0,2,15276,7.23,15837,166,58,-991,714,16.6,1527.6,19,5,1,6,7,8,0,0,0,1,17421,7.1,18908,233,72,23.3,1742.1
0,22,1,0,2,12,7,0,0,0,0,16191,6.39,16376,220,50,-1384,-1105,22.0,1619.1,26,3,1,12,2,6,1,0,1,1,16300,7.39,18833,269,63,26.9,1630.0
1,23,3,1,9,5,10,1,1,0,2,16918,7.41,19248,216,52,2544,2856,21.6,1691.8,21,0,0,5,9,3,0,0,0,0,12783,6.3,16251,189,50,18.9,1278.3
1,20,2,1,14,7,10,2,1,0,1,16286,7.4,17848,202,57,239,53,20.2,1628.6,18,0,0,7,14,8,0,1,0,0,18024,6.77,18648,264,46,26.4,1802.4
0,16,4,1,2,11,4,0,0,0,0,14159,6.78,18602,219,45,-1224,-441,21.9,1415.9,17,3,0,11,2,6,0,0,1,2,17689,7.19,19896,201,54,20.1,1768.9
0,17,1,0,2,10,5,0,0,0,0,15617,6.39,16926,203,57,-1960,108,20.3,1561.7,28,2,1,10,2,14,0,0,0,0,18563,7.04,20821,225,66,22.5,1856.3
1,27,1,1,9,1,10,3,1,0,1,18540,7.73,17733,249,60,3209,2485,24.9,1854.0,15,0,0,1,9,6,0,0,0,1,13459,6.23,15395,227,45,22.7,1345.9
1,22,6,1,3,0,7,0,0,0,1,17957,6.81,16374,199,64,228,-726,19.9,1795.7,27,0,0,0,3,4,1,0,0,1,14675,7.19,17564,261,59,26.1,1467.5
1,33,1,1,7,3,9,0,1,0,1,18639,7.82,18642,245,58,3957,1169,24.5,1863.9,13,3,0,3,7,3,0,0,0,1,16140,6.68,15811,197,56,19.7,1614.0
1,22,2,1,8,8,8,0,1,0,0,18222,7.08,20420,220,51,575,1849,22.0,1822.2,20,0,0,8,8,7,0,0,0,0,16363,5.78,16018,197,41,19.7,1636.3
0,12,0,0,6,9,1,0,1,0,0,16365,6.73,16271,238,42,-1081,-1049,23.8,1636.5,17,0,1,9,6,8,1,1,0,1,14892,7.28,20247,219,61,21.9,1489.2
1,27,1,1,1,6,4,1,1,0,0,17584,6.98,15410,204,67,-639,-2479,20.4,1758.4,18,3,0,6,1,7,1,0,0,1,17144,6.81,17477,223,58,22.3,1714.4
0,17,1,1,8,3,14,1,1,0,0,19303,7.34,18935,246,67,1731,2794,24.6,1930.3,22,1,0,3,8,6,1,0,0,1,15793,6.18,16239,206,43,20.6,1579.3
1,20,2,0,7,2,9,0,0,0,0,19914,6.86,18695,222,61,3142,2345,22.2,1991.4,11,2,1,2,7,3,0,1,0,0,15281,6.61,14208,190,73,19.0,1528.1
0,18,3,0,0,11,1,0,0,0,1,13135,6.21,14312,236,57,-5107,-1630,23.6,1313.5,26,1,1,11,0,9,2,0,1,0,21225,7.36,18812,208,53,20.8,2122.5
1,23,0,1,9,4,7,1,0,0,2,16427,6.83,18272,223,79,1337,518,22.3,1642.7,23,3,0,4,9,5,0,0,0,1,15745,6.81,17720,226,53,22.6,1574.5
1,13,4,0,4,9,2,0,0,1,0,14516,6.4,18302,224,48,-1826,-429,22.4,1451.6,21,4,1,9,4,8,0,0,1,0,16088,6.65,19259,227,50,22.7,1608.8
0,14,3,0,1,9,3,1,0,0,0,15680,6.37,16896,224,62,-2022,-301,22.4,1568.0,22,2,1,9,1,7,1,1,0,0,19217,6.97,16120,239,63,23.9,1921.7
0,13,3,1,9,6,7,0,0,0,1,16373,7.05,19855,217,55,-100,1366,21.7,1637.3,23,1,0,6,9,4,1,0,0,0,14802,6.91,18573,210,48,21.0,1480.2
0,20,2,1,6,7,5,0,0,0,0,14470,6.79,16347,250,49,-3103,-1295,25.0,1447.0,13,4,0,7,6,11,1,1,1,2,17280,7.49,19967,241,60,24.1,1728.0
0,25,2,0,5,6,6,0,1,0,0,15870,6.74,17637,233,46,-1138,-244,23.3,1587.0,28,4,1,6,5,2,1,1,0,0,18063,6.65,15947,260,76,26.0,1806.3
0,12,4,1,2,5,8,0,0,0,1,15959,7.0,16746,183,54,-1492,-142,18.3,1595.9,24,2,0,5,2,8,0,0,0,1,17695,6.89,17626,253,61,25.3,1769.5
0,24,0,1,4,10,4,1,0,1,0,15119,6.48,16058,222,59,-816,1266,22.2,1511.9,22,2,0,10,4,6,0,1,1,0,17851,7.08,16574,238,67,23.8,1785.1
0,25,3,1,4,5,2,0,1,1,1,16800,7.53,16721,232,62,208,-1366,23.2,1680.0,18,4,0,5,4,8,1,0,0,1,16846,7.05,15178,194,72,19.4,1684.6
1,15,0,0,4,9,3,0,0,1,1,13614,7.1,14809,221,41,-2854,-766,22.1,1361.4,23,5,1,9,4,9,2,0,1,1,17366,7.18,21516,222,71,22.2,1736.6
1,13,4,0,11,0,8,2,1,1,3,20147,7.55,17258,218,80,4663,3047,21.8,2014.7,25,2,1,0,11,5,0,0,0,0,14484,6.75,16981,173,53,17.3,1448.4
1,16,1,0,7,2,8,1,0,0,1,14523,7.15,18862,221,79,-5,2209,22.1,1452.3,24,3,1,2,7,2,0,0,0,0,18555,7.3,14411,201,47,20.1,1855.5
1,21,4,1,10,2,9,1,0,1,0,17705,6.75,20179,260,73,4255,4469,26.0,1770.5,10,1,0,2,10,2,0,0,0,0,14785,6.19,15163,191,51,19.1,1478.5
0,27,0,1,5,6,6,1,0,0,0,17074,7.37,15745,207,66,1679,-1081,20.7,1707.4,15,2,0,6,5,5,0,0,0,0,17557,6.61,17867,227,47,22.7,1755.7
0,18,0,1,6,8,5,0,0,1,0,16442,6.5,17191,194,37,345,-1518,19.4,1644.2,22,4,0,8,6,12,1,0,0,1,19685,7.03,16803,196,57,19.6,1968.5
1,18,3,1,11,7,12,1,1,0,1,19697,7.29,20154,223,58,3011,2265,22.3,1969.7,11,1,0,7,11,0,0,0,0,0,14523,6.15,14704,204,47,20.4,1452.3
0,20,4,0,1,3,5,0,1,0,0,14118,6.58,17642,199,67,-334,-144,19.9,1411.8,16,5,1,3,1,6,1,1,1,0,17359,8.0,20003,223,54,22.3,1735.9
0,13,3,0,2,9,6,1,1,0,1,12643,6.79,16768,179,67,179,-235,17.9,1264.3,21,3,1,9,2,5,0,0,0,0,15628,7.76,18006,221,74,22.1,1562.8
1,24,3,0,7,6,12,0,1,1,1,19147,7.08,17521,209,62,445,1410,20.9,1914.7,19,4,1,6,7,5,0,0,0,0,15511,6.73,15943,186,58,18.6,1551.1
0,13,3,0,5,7,0,0,0,0,0,14783,7.36,15049,212,44,-3940,-1913,21.2,1478.3,23,0,1,7,5,12,1,0,0,0,17606,7.07,19546,224,49,22.4,1760.6
1,17,2,1,10,3,8,1,0,0,2,18218,7.02,19459,250,61,1739,1833,25.0,1821.8,21,2,0,3,10,6,0,1,0,0,15389,6.77,16702,215,69,21.5,1538.9
1,23,3,0,9,7,7,0,1,0,1,16258,6.99,19399,218,64,1525,2585,21.8,1625.8,15,0,1,7,9,5,0,0,0,1,14980,6.66,17573,220,64,22.0,1498.0
1,31,2,1,8,3,9,2,1,0,2,18235,7.42,18043,237,74,2140,941,23.7,1823.5,14,4,0,3,8,0,1,0,0,0,15062,6.57,16033,198,51,19.8,1506.2
0,33,2,1,11,3,9,0,0,0,3,15812,7.22,18683,229,59,2158,1601,22.9,1581.2,15,3,0,3,11,8,0,0,0,1,13317,6.67,19074,211,51,21.1,1331.7
1,17,2,1,7,1,7,0,1,0,0,17967,7.47,18700,230,48,2418,2982,23.0,1796.7,27,1,0,1,7,4,0,0,0,1,15220,6.35,16686,213,45,21.3,1522.0
0,17,1,1,5,4,5,0,1,0,1,17378,7.4,16627,195,58,996,-287,19.5,1737.8,16,4,0,4,5,5,1,1,0,0,15358,6.41,18805,242,51,24.2,1535.8
0,21,1,1,1,5,6,1,0,0,0,12728,6.56,16903,183,36,-3965,-2492,18.3,1272.8,18,0,0,5,1,5,0,1,0,1,19831,7.47,19824,243,49,24.3,1983.1
1,30,3,1,10,3,10,0,1,1,2,22070,7.89,20429,269,84,6086,4763,26.9,2207.0,3,0,0,3,10,4,0,0,0,0,15807,6.0,15067,221,34,22.1,1580.7
0,6,0,0,1,8,1,0,0,0,0,12718,6.52,12406,199,53,-3247,-1963,19.9,1271.8,23,2,1,8,1,11,1,2,0,3,19827,7.63,19555,255,46,25.5,1982.7
0,18,1,0,6,7,5,1,0,0,0,13756,6.34,15922,215,61,-3229,-1064,21.5,1375.6,20,4,1,7,6,10,0,1,0,1,19190,7.56,20205,216,66,21.6,1919.0
1,19,3,1,10,5,9,0,0,0,0,16873,6.76,20132,227,68,2534,2499,22.7,1687.3,23,1,0,5,10,4,0,0,0,0,15573,6.91,15009,220,44,22.0,1557.3
1,14,1,1,10,1,10,1,1,1,1,21353,7.51,19642,265,72,2086,922,26.5,2135.3,16,0,0,1,10,4,0,0,0,1,13875,6.27,16287,203,28,20.3,1387.5
0,14,3,0,7,9,8,1,0,0,2,16479,7.1,19579,196,46,1300,342,19.6,1647.9,18,2,1,9,7,6,0,1,0,0,13883,6.8,17267,184,38,18.4,1388.3
1,19,2,0,7,4,10,2,1,1,0,18627,7.09,19186,226,56,3246,1646,22.6,1862.7,18,2,1,4,7,6,0,0,0,0,17186,6.38,16053,214,35,21.4,1718.6
0,16,1,0,0,11,2,0,1,0,0,12311,6.56,17485,186,36,-2866,-2710,18.6,1231.1,19,4,1,11,0,7,1,1,1,0,19697,7.33,21228,196,76,19.6,1969.7
0,24,1,0,3,8,6,0,0,0,1,15148,6.6,19451,198,48,180,-538,19.8,1514.8,16,2,1,8,3,9,2,1,0,0,17685,7.98,18047,213,59,21.3,1768.5
0,18,3,0,4,11,0,0,0,0,1,13929,7.01,17662,151,44,-2613,-1429,15.1,1392.9,27,1,1,11,4,12,1,0,0,2,18783,6.94,17842,285,70,28.5,1878.3
1,26,4,0,9,6,7,0,0,0,3,15347,6.87,19402,229,53,1965,174,22.9,1534.7,15,0,1,6,9,6,1,0,0,0,15278,6.81,17865,214,36,21.4,1527.8
0,17,0,1,2,9,5,1,0,0,0,12876,6.53,15803,211,34,-3867,-1909,21.1,1287.6,20,3,0,9,2,8,1,1,0,1,18262,7.19,19690,236,69,23.6,1826.2
0,14,2,1,5,7,9,0,1,1,0,14049,5.94,14225,233,30,-1920,-3996,23.3,1404.9,25,5,0,7,5,9,1,1,0,0,15817,7.06,19138,213,61,21.3,1581.7
1,20,4,0,6,5,8,1,1,1,1,17802,7.52,16398,217,47,345,113,21.7,1780.2,26,1,1,5,6,9,0,1,1,1,14839,6.83,14029,218,48,21.8,1483.9
1,26,1,0,6,4,6,1,0,0,0,17935,7.67,20694,209,67,2463,2789,20.9,1793.5,17,0,1,4,6,9,0,0,0,0,14946,7.04,17736,187,49,18.7,1494.6
0,25,1,1,7,3,5,1,1,0,0,17100,6.8,16188,196,55,-516,-151,19.6,1710.0,25,3,0,3,7,3,0,1,0,1,17204,7.34,15848,253,34,25.3,1720.4
0,20,3,0,6,0,4,1,1,1,1,16233,7.03,20235,211,64,2466,-454,21.1,1623.3,11,1,1,0,6,4,0,0,0,0,18254,7.39,16280,185,56,18.5,1825.4
1,16,0,1,9,2,9,1,0,0,0,18785,6.58,17235,228,55,158,-474,22.8,1878.5,20,3,0,2,9,6,0,0,0,0,15623,6.42,15265,199,63,19.9,1562.3
0,21,1,0,1,2,6,1,1,0,0,17009,6.68,14536,197,50,-30,-249,19.7,1700.9,31,4,1,2,1,6,1,0,0,0,17984,6.92,16781,205,51,20.5,1798.4
0,20,0,0,2,7,2,0,0,0,0,14533,6.63,14962,206,53,-1988,-560,20.6,1453.3,22,0,1,7,2,8,0,0,0,1,17555,6.32,19093,224,48,22.4,1755.5
1,27,3,1,9,3,7,1,0,0,0,16697,6.99,16400,204,61,2314,-412,20.4,1669.7,20,3,0,3,9,6,0,1,0,0,15694,6.44,17944,197,44,19.7,1569.4
1,18,1,1,8,5,9,2,0,1,0,16757,6.38,20186,223,62,1094,2019,22.3,1675.7,12,0,0,5,8,6,0,0,0,0,15968,7.12,15209,205,38,20.5,1596.8
1,18,2,1,7,6,8,1,0,1,1,16638,7.12,18308,270,60,851,1425,27.0,1663.8,14,0,0,6,7,6,0,1,0,0,15916,7.04,15791,232,56,23.2,1591.6
1,24,1,0,7,6,5,0,0,1,0,16304,6.8,17511,228,61,-397,-1355,22.8,1630.4,20,2,1,6,7,7,1,1,0,0,15594,6.82,16779,226,41,22.6,1559.4
0,16,3,0,4,10,6,0,0,1,1,14748,6.16,15297,185,34,-2516,-1868,18.5,1474.8,15,2,1,10,4,7,1,1,0,1,17205,6.94,18911,205,67,20.5,1720.5
1,19,1,1,4,7,8,1,0,0,1,17729,6.66,18369,283,62,414,1155,28.3,1772.9,19,0,0,7,4,2,1,0,0,1,16698,7.16,16286,180,37,18.0,1669.8
1,26,0,1,5,5,4,1,0,0,0,17514,6.49,17870,240,50,620,-427,24.0,1751.4,24,3,0,5,5,7,1,1,1,2,16902,7.13,17473,201,62,20.1,1690.2
0,12,0,1,5,1,5,0,0,0,0,16060,7.0,16139,227,53,-1311,-69,22.7,1606.0,15,3,0,1,5,6,0,0,0,1,17794,6.8,18980,234,55,23.4,1779.4
1,30,3,1,6,3,0,1,0,1,0,14460,7.47,15002,211,46,-1757,128,21.1,1446.0,18,2,0,3,6,8,0,1,0,0,17424,7.16,14963,232,76,23.2,1742.4
1,16,3,0,4,9,5,1,0,0,2,15352,7.91,14557,227,35,-1207,-1001,22.7,1535.2,19,2,1,9,4,8,0,0,1,1,15593,7.18,17585,243,43,24.3,1559.3
1,26,4,1,7,4,15,1,0,0,1,18573,6.91,17422,244,50,-102,564,24.4,1857.3,13,2,0,4,7,7,1,0,0,0,16929,6.2,16603,227,43,22.7,1692.9
1,17,0,1,0,11,6,0,0,0,1,16756,5.98,13718,183,53,-1447,-1616,18.3,1675.6,22,4,0,11,0,8,1,1,0,0,17981,7.59,20151,245,61,24.5,1798.1
0,19,1,0,5,14,4,0,0,0,0,15037,6.43,17889,229,45,-2234,-1755,22.9,1503.7,21,3,1,14,5,7,1,1,1,1,18071,6.54,19981,247,54,24.7,1807.1
1,18,5,0,7,7,6,0,0,0,0,15975,6.42,16471,232,53,859,-242,23.2,1597.5,35,1,1,7,7,9,1,0,0,0,16766,6.81,17098,211,48,21.1,1676.6
1,28,2,1,12,2,11,0,0,0,0,18577,6.41,17344,238,67,3719,3341,23.8,1857.7,9,1,0,2,12,4,1,0,0,0,15338,7.22,15639,221,39,22.1,1533.8
1,20,2,0,6,4,10,1,0,1,1,18257,7.33,19412,220,50,1791,1701,22.0,1825.7,13,2,1,4,6,5,0,1,0,2,13478,6.73,14096,204,61,20.4,1347.8
0,14,1,0,3,7,3,0,0,0,0,13255,6.26,14383,227,27,-2050,-2025,22.7,1325.5,15,2,1,7,3,13,0,1,1,0,19262,7.24,20244,237,70,23.7,1926.2
1,32,3,1,7,5,3,1,1,0,2,19533,7.22,20551,227,63,997,3102,22.7,1953.3,17,4,0,5,7,3,0,0,0,0,13213,6.36,17067,178,44,17.8,1321.3
1,23,3,1,9,3,8,1,1,0,1,18685,7.19,18354,236,59,2236,3076,23.6,1868.5,17,2,0,3,9,2,0,0,0,1,14954,6.29,16716,182,47,18.2,1495.4
0,14,0,1,10,12,2,0,0,0,1,17594,6.39,15437,183,54,-2190,-1953,18.3,1759.4,24,3,0,12,10,7,1,1,1,1,17165,7.36,19319,244,59,24.4,1716.5
0,8,0,0,2,8,1,0,0,0,0,12893,5.36,17139,167,36,-4989,-4607,16.7,1289.3,24,4,1,8,2,10,1,1,0,2,18854,7.08,21229,238,59,23.8,1885.4
0,29,2,0,4,6,4,0,0,1,0,17370,6.5,17532,255,26,-1059,-606,25.5,1737.0,27,2,1,6,4,9,1,0,0,0,18695,6.94,16416,215,63,21.5,1869.5
1,19,1,0,8,2,10,1,1,1,0,17547,6.7,18982,262,69,2152,2723,26.2,1754.7,19,2,1,2,8,2,0,0,1,2,15893,6.38,15787,211,55,21.1,1589.3
1,33,1,1,9,0,14,2,0,0,2,19081,6.94,19731,262,71,3566,3059,26.2,1908.1,24,2,0,0,9,5,0,0,0,0,12944,6.57,18385,213,53,21.3,1294.4
0,20,4,0,4,9,7,1,0,0,1,15981,6.45,15540,215,42,-1483,-93,21.5,1598.1,28,3,1,9,4,10,1,1,0,1,17343,7.33,20166,216,54,21.6,1734.3
1,24,2,0,7,1,9,1,1,0,1,21155,7.44,22495,212,64,3230,3039,21.2,2115.5,14,1,1,1,7,0,0,0,0,0,15033,6.18,14699,147,63,14.7,1503.3
0,16,0,0,2,14,5,0,0,0,0,12922,6.23,13446,201,35,-4489,-2906,20.1,1292.2,17,3,1,14,2,13,1,1,0,1,20929,7.01,19335,245,67,24.5,2092.9
0,30,1,1,1,6,8,1,0,1,1,15481,6.54,18660,224,52,-615,-966,22.4,1548.1,24,3,0,6,1,4,0,1,1,0,15207,7.75,19332,216,72,21.6,1520.7
0,8,2,1,1,6,7,0,0,0,0,15950,6.76,16488,214,58,-1914,-1884,21.4,1595.0,20,1,0,6,1,8,1,0,0,1,18892,7.05,17543,225,53,22.5,1889.2
1,23,3,0,13,8,7,0,1,0,1,16035,7.15,18406,247,61,1529,-284,24.7,1603.5,20,1,1,8,13,1,1,0,1,0,15798,6.48,14515,211,47,21.1,1579.8
1,21,2,0,8,0,8,1,0,0,1,19339,7.62,18396,273,67,968,1530,27.3,1933.9,16,0,1,0,8,4,1,0,0,0,13388,6.34,12938,215,50,21.5,1338.8
1,21,4,1,11,2,10,0,0,1,2,17765,8.1,16097,220,48,1675,682,22.0,1776.5,21,3,0,2,11,6,0,1,0,1,15839,6.76,17089,189,43,18.9,1583.9
0,18,2,0,1,2,9,0,0,0,0,15153,5.93,15214,209,33,-1521,-2640,20.9,1515.3,15,4,1,2,1,6,0,1,0,0,19788,7.3,18636,243,63,24.3,1978.8
0,20,2,0,3,3,11,0,1,0,1,17138,7.31,19692,209,69,1086,3622,20.9,1713.8,23,1,1,3,3,6,0,1,0,1,15262,6.77,15828,200,51,20.0,1526.2
1,22,1,1,5,6,9,2,0,0,0,17086,6.41,18104,237,59,139,160,23.7,1708.6,20,0,0,6,5,10,0,0,1,0,15566,7.58,16468,193,54,19.3,1556.6
0,17,3,0,8,11,3,0,0,0,0,14912,6.66,13832,195,44,-3226,-3844,19.5,1491.2,22,4,1,11,8,6,1,0,0,1,19644,7.43,18664,215,59,21.5,1964.4
0,9,1,0,0,11,4,0,0,0,0,14168,5.72,15609,197,60,-3764,-3619,19.7,1416.8,30,3,1,11,0,7,1,1,0,0,19708,7.3,20266,258,79,25.8,1970.8
1,24,1,1,12,2,10,2,2,0,1,16751,7.0,18704,216,76,1582,2454,21.6,1675.1,12,3,0,2,12,1,0,0,0,1,14512,6.85,16640,245,46,24.5,1451.2
1,23,3,0,6,6,10,1,0,0,1,17278,6.48,16904,204,57,-964,900,20.4,1727.8,8,3,1,6,6,6,1,0,0,1,16846,6.93,17518,238,43,23.8,1684.6
0,15,0,0,3,8,1,0,0,0,1,14955,6.56,13752,153,41,-3759,-3494,15.3,1495.5,19,1,1,8,3,11,2,0,0,1,17606,7.17,18152,258,47,25.8,1760.6
0,29,3,0,4,6,6,1,1,0,1,15889,6.54,16404,217,54,-376,-1012,21.7,1588.9,21,3,1,6,4,8,1,0,0,0,15004,6.8,16822,251,62,25.1,1500.4
1,27,0,1,5,6,9,1,0,1,1,16502,6.93,17811,217,49,1660,-178,21.7,1650.2,22,2,0,6,5,0,1,0,0,0,14278,6.4,16589,225,70,22.5,1427.8
1,24,1,0,7,5,10,0,0,0,0,17085,6.75,17207,221,55,-472,774,22.1,1708.5,26,4,1,5,7,6,1,1,0,0,16829,7.24,19176,214,43,21.4,1682.9
0,21,3,0,5,9,8,0,0,1,1,13046,6.77,16580,200,49,-3486,-3190,20.0,1304.6,30,1,1,9,5,7,1,0,1,2,19286,7.82,21050,246,71,24.6,1928.6
1,24,3,1,11,2,6,1,1,1,2,17762,7.27,17424,255,80,3259,2013,25.5,1776.2,18,3,0,2,11,0,0,0,0,0,15030,6.05,14556,209,42,20.9,1503.0
1,28,3,1,10,2,6,0,1,0,0,19216,7.79,17646,265,59,1144,1062,26.5,1921.6,21,2,0,2,10,2,0,0,0,1,15444,6.29,16387,263,42,26.3,1544.4
0,27,0,1,4,7,5,0,1,0,0,16369,6.63,16618,198,54,-239,-130,19.8,1636.9,14,3,0,7,4,6,1,0,1,1,18616,6.54,17927,212,56,21.2,1861.6
0,23,2,0,10,4,2,0,0,0,1,16670,6.95,17685,230,54,-1159,-1765,23.0,1667.0,24,0,1,4,10,5,1,0,0,1,16239,6.95,15529,199,61,19.9,1623.9
0,18,2,1,7,6,11,0,0,1,1,16705,6.5,18038,203,66,2553,-606,20.3,1670.5,22,1,0,6,7,4,1,0,1,1,15496,7.31,16947,238,60,23.8,1549.6
0,18,2,0,8,6,4,0,1,1,1,15578,6.55,15758,197,30,-1901,-1460,19.7,1557.8,26,4,1,6,8,6,2,1,1,2,17749,7.06,18922,231,59,23.1,1774.9
0,24,5,1,5,5,10,0,0,0,1,16110,6.73,19219,220,70,-570,-650,22.0,1611.0,11,1,0,5,5,7,0,0,0,0,16079,7.21,16958,220,62,22.0,1607.9
0,22,3,1,3,10,3,0,0,0,0,15179,6.82,20593,218,53,-2099,741,21.8,1517.9,22,4,0,10,3,7,0,1,1,2,19248,7.16,19239,220,64,22.0,1924.8
1,19,3,0,8,4,7,0,1,0,0,15098,7.0,17147,193,45,-1207,-1002,19.3,1509.8,24,0,1,4,8,5,0,0,0,1,16698,7.36,15495,174,64,17.4,1669.8
0,15,3,0,4,11,0,0,0,0,0,16108,6.61,17864,178,38,-2412,-1238,17.8,1610.8,12,3,1,11,4,11,1,0,1,1,17936,7.13,20224,248,48,24.8,1793.6
0,26,0,0,5,12,1,0,0,0,0,16071,6.34,18378,206,35,-3113,-977,20.6,1607.1,21,1,1,12,5,9,1,1,0,1,18550,7.63,19686,239,68,23.9,1855.0
1,18,2,1,7,1,7,0,1,1,2,18433,7.55,18843,176,72,1438,2313,17.6,1843.3,14,4,0,1,7,0,0,0,0,0,14268,5.73,13265,203,44,20.3,1426.8
1,15,0,0,5,6,2,1,1,0,0,16020,7.04,17804,239,66,1435,-604,23.9,1602.0,21,5,1,6,5,6,0,0,0,2,17597,6.94,17486,223,54,22.3,1759.7
1,14,0,1,5,8,9,1,0,0,1,17490,7.44,15232,234,60,-289,1204,23.4,1749.0,19,3,0,8,5,7,0,0,0,1,15939,6.82,15158,236,56,23.6,1593.9
0,11,0,0,1,6,2,0,0,0,0,12510,5.17,14446,193,53,-4286,-2330,19.3,1251.0,21,5,1,6,1,12,2,0,0,1,19454,7.16,21494,239,71,23.9,1945.4
0,25,2,1,4,7,8,1,0,1,0,14899,6.96,17535,226,59,-2029,-615,22.6,1489.9,17,3,0,7,4,5,0,0,1,1,17814,7.06,18188,200,49,20.0,1781.4
1,27,0,0,6,4,7,1,1,0,0,18534,7.16,17652,186,44,440,515,18.6,1853.4,20,6,1,4,6,4,0,2,0,0,16485,6.64,18208,229,50,22.9,1648.5
0,20,2,0,8,8,9,1,0,0,0,16450,6.89,17959,234,44,606,1031,23.4,1645.0,14,2,1,8,8,7,0,1,0,0,15750,6.63,16803,208,44,20.8,1575.0
0,18,1,0,0,10,4,0,0,0,0,13793,6.69,15347,205,44,-4798,-3172,20.5,1379.3,23,4,1,10,0,9,2,1,0,1,19326,7.39,20570,283,74,28.3,1932.6
0,20,0,0,2,7,6,1,1,1,2,15195,7.17,18140,184,41,-242,1474,18.4,1519.5,16,2,1,7,2,4,1,0,1,1,15777,6.67,18652,171,44,17.1,1577.7
1,15,4,1,6,3,7,0,1,0,1,17631,6.76,18304,225,47,342,2077,22.5,1763.1,19,1,0,3,6,6,0,0,0,0,16583,7.0,16946,237,66,23.7,1658.3
1,34,1,1,14,5,10,1,0,0,0,20136,6.76,19526,226,77,535,3166,22.6,2013.6,11,0,0,5,14,6,0,0,0,0,16243,7.17,15126,203,50,20.3,1624.3
0,26,3,1,6,5,8,0,2,0,1,15907,6.89,17128,171,59,-482,-1131,17.1,1590.7,20,2,0,5,6,9,1,0,0,1,17355,6.79,17778,227,55,22.7,1735.5
0,17,0,0,0,13,2,0,0,0,1,14867,6.59,14818,186,13,-3263,-1836,18.6,1486.7,23,3,1,13,0,12,0,0,0,2,20181,7.17,19229,264,95,26.4,2018.1
0,14,1,0,5,8,5,0,0,0,1,14297,6.16,15316,216,37,-2005,-748,21.6,1429.7,27,4,1,8,5,8,1,0,0,1,18089,6.66,19273,225,69,22.5,1808.9
0,17,0,0,3,3,0,0,0,0,0,17600,6.56,14566,161,44,-1368,-2301,16.1,1760.0,25,3,1,3,3,4,1,0,1,1,19112,7.8,18753,267,68,26.7,1911.2
1,18,1,0,8,5,5,1,1,0,1,17437,6.74,18485,239,46,2331,266,23.9,1743.7,28,6,1,5,8,3,1,0,1,1,13857,6.81,16064,219,57,21.9,1385.7
0,15,3,0,2,13,0,0,0,0,1,11547,6.53,13122,210,46,-6347,-3741,21.0,1154.7,26,1,1,13,2,11,3,0,1,2,20632,7.38,20621,243,67,24.3,2063.2
0,21,1,1,5,4,7,0,0,0,0,13900,7.03,18770,188,35,-3834,119,18.8,1390.0,24,2,0,4,5,3,1,1,0,1,16332,6.68,15462,224,63,22.4,1633.2
1,21,1,0,9,1,7,0,1,1,1,19318,7.15,17177,206,63,2910,874,20.6,1931.8,12,1,1,1,9,4,0,0,0,0,13607,6.92,18090,190,58,19.0,1360.7
1,13,3,0,9,6,6,0,0,0,1,17907,6.74,16860,239,54,-435,2164,23.9,1790.7,28,4,1,6,9,5,1,0,0,1,16627,7.2,17309,235,48,23.5,1662.7
0,32,2,0,9,3,8,0,0,1,1,15653,7.29,19597,221,75,828,333,22.1,1565.3,26,4,1,3,9,0,0,0,0,0,16778,6.63,16368,205,45,20.5,1677.8
0,18,1,1,3,10,3,0,0,0,0,14847,6.49,13579,222,36,-2150,-2633,22.2,1484.7,23,2,0,10,3,9,0,1,0,2,18069,7.54,18936,236,71,23.6,1806.9
0,19,0,1,3,9,5,0,0,0,0,13982,6.34,14439,200,28,-1779,-2729,20.0,1398.2,28,4,0,9,3,11,0,1,0,2,19499,7.78,21780,210,90,21.0,1949.9
1,21,1,1,8,0,9,1,1,0,0,19799,6.56,18898,209,63,3726,1794,20.9,1979.9,16,2,0,0,8,5,0,0,0,0,16189,6.37,15311,172,41,17.2,1618.9
1,12,1,1,3,11,6,1,0,1,0,15751,6.58,19942,195,44,55,471,19.5,1575.1,16,2,0,11,3,5,1,0,0,0,16659,6.64,17907,226,36,22.6,1665.9
0,20,3,1,8,5,7,0,0,0,2,17466,7.33,17056,261,62,1361,-81,26.1,1746.6,20,2,0,5,8,6,1,1,0,1,15103,6.96,18533,226,41,22.6,1510.3
0,16,1,1,6,9,8,0,0,0,1,17243,7.19,16624,170,39,-2743,-901,17.0,1724.3,27,3,0,9,6,5,1,1,1,1,18054,7.51,19938,218,64,21.8,1805.4
1,24,0,0,7,10,6,1,2,0,1,15991,6.79,17383,212,61,-730,-304,21.2,1599.1,22,1,1,10,7,2,1,1,1,0,18660,6.48,17394,231,58,23.1,1866.0
0,22,2,0,5,10,1,0,0,0,1,13828,6.68,15449,187,50,-2236,-1299,18.7,1382.8,23,3,1,10,5,10,1,1,1,2,17021,7.12,20358,233,47,23.3,1702.1
1,26,3,1,7,5,5,1,1,0,1,20471,7.1,20756,192,64,2005,1708,19.2,2047.1,26,1,0,5,7,3,1,1,0,0,13928,6.19,16975,180,60,18.0,1392.8
1,30,4,0,11,2,11,2,2,1,1,20440,7.38,19622,262,49,5659,4120,26.2,2044.0,16,1,1,2,11,3,0,0,0,0,12870,6.73,15996,213,30,21.3,1287.0
1,30,2,1,4,6,4,1,0,0,1,16969,6.8,18208,206,67,1231,1256,20.6,1696.9,29,3,0,6,4,3,1,1,0,0,16724,6.23,17391,209,58,20.9,1672.4
0,21,2,1,4,9,0,0,0,0,0,14820,6.15,16889,223,53,-2179,-1511,22.3,1482.0,25,4,0,9,4,10,2,0,0,1,16914,6.9,16755,212,69,21.2,1691.4
0,20,1,0,3,13,0,0,1,0,0,14383,6.26,15861,186,46,-4926,-4228,18.6,1438.3,28,5,1,13,3,8,2,1,0,2,21510,7.46,21201,228,72,22.8,2151.0
0,19,0,0,1,9,4,1,0,0,0,13885,6.58,15035,211,39,-2897,-1486,21.1,1388.5,27,3,1,9,1,9,0,1,0,0,18192,7.29,19728,234,73,23.4,1819.2
1,14,4,1,9,5,13,2,0,0,0,18464,7.16,17646,191,60,3090,2177,19.1,1846.4,14,0,0,5,9,3,0,0,0,1,12718,6.15,14836,197,31,19.7,1271.8
0,17,2,0,5,10,4,1,0,1,0,14450,7.02,14510,200,44,-2555,-1871,20.0,1445.0,20,2,1,10,5,9,0,0,1,0,18528,7.46,16874,210,67,21.0,1852.8
1,15,0,1,8,2,6,1,0,0,1,16037,6.46,15758,233,51,-29,-200,23.3,1603.7,20,4,0,2,8,8,0,0,0,1,16977,7.47,19773,192,41,19.2,1697.7
1,22,1,1,4,6,9,1,0,0,0,17841,6.77,19461,216,48,1265,897,21.6,1784.1,29,2,0,6,4,5,0,0,0,0,14487,6.47,18093,229,33,22.9,1448.7
1,19,3,1,8,1,9,1,1,0,0,20063,6.81,18911,230,59,1298,1770,23.0,2006.3,18,0,0,1,8,0,1,0,0,1,15271,6.66,13840,190,44,19.0,1527.1
0,23,1,1,4,7,4,0,1,0,0,14814,7.38,17981,192,55,-528,-188,19.2,1481.4,18,2,0,7,4,9,0,0,0,0,17751,6.84,15887,228,44,22.8,1775.1
0,24,3,0,3,3,11,0,0,0,0,15438,6.51,19203,210,44,-559,453,21.0,1543.8,25,1,1,3,3,8,0,0,0,0,16765,6.28,19140,212,49,21.2,1676.5
1,26,2,0,5,5,4,0,0,0,0,18735,6.88,18558,197,56,463,-357,19.7,1873.5,21,1,1,5,5,4,0,0,0,2,16971,7.22,16833,239,37,23.9,1697.1
1,27,2,1,0,7,6,1,0,1,1,15752,6.42,17800,205,80,-68,-1174,20.5,1575.2,21,1,0,7,0,6,1,0,0,1,13969,6.97,19265,187,69,18.7,1396.9
0,10,0,0,4,8,3,1,1,0,0,16459,7.04,17134,193,51,-445,-576,19.3,1645.9,18,3,1,8,4,8,1,0,1,1,17643,6.53,20521,195,73,19.5,1764.3
1,15,2,0,7,4,7,1,0,0,0,16695,7.25,16794,246,68,2286,1118,24.6,1669.5,13,2,1,4,7,11,0,0,0,0,15592,7.04,17276,221,57,22.1,1559.2
1,35,4,1,4,1,7,0,0,0,1,16407,6.95,20394,240,79,1305,434,24.0,1640.7,23,3,0,1,4,2,1,1,0,0,15540,6.61,16434,220,41,22.0,1554.0
1,29,3,0,10,0,10,1,2,0,0,20507,7.43,19425,221,83,3340,3204,22.1,2050.7,13,0,1,0,10,1,0,0,0,1,11640,6.11,17132,152,43,15.2,1164.0
0,22,1,1,7,4,4,1,1,0,0,16751,7.11,19272,273,72,167,853,27.3,1675.1,12,2,0,4,7,5,0,0,0,0,16186,6.42,15674,242,60,24.2,1618.6
1,22,1,1,9,5,7,0,0,0,0,18931,7.28,20250,239,67,2201,1228,23.9,1893.1,23,1,0,5,9,0,0,0,0,0,15063,6.89,17494,240,48,24.0,1506.3
0,18,1,0,0,9,7,1,0,0,0,16268,6.91,14382,213,42,-821,-1436,21.3,1626.8,19,5,1,9,0,6,1,0,1,0,20420,7.13,20388,231,83,23.1,2042.0
1,11,4,0,9,3,3,1,0,0,0,15419,6.65,16242,255,69,-625,475,25.5,1541.9,19,4,1,3,9,6,0,0,1,1,16196,6.96,16772,219,42,21.9,1619.6
0,15,0,1,6,8,9,0,0,0,2,15578,7.02,17271,220,44,-495,-684,22.0,1557.8,19,0,0,8,6,9,1,1,0,1,16396,7.19,19354,190,56,19.0,1639.6
0,20,2,1,5,9,7,1,0,1,0,16977,6.68,16721,207,81,1224,1510,20.7,1697.7,28,5,0,9,5,6,1,0,1,1,15160,6.61,17072,212,65,21.2,1516.0
1,18,0,0,11,7,9,1,0,1,1,18131,7.07,20223,193,67,919,225,19.3,1813.1,17,1,1,7,11,5,0,0,0,0,16519,6.13,13880,247,68,24.7,1651.9
1,17,1,0,7,2,3,1,0,1,0,18023,6.62,16821,145,38,320,491,14.5,1802.3,26,2,1,2,7,9,0,0,0,0,18259,6.9,17491,206,64,20.6,1825.9
1,38,4,1,12,6,10,1,2,0,1,19314,7.48,22124,290,70,3761,3900,29.0,1931.4,23,0,0,6,12,4,0,0,0,2,12823,6.7,14452,192,32,19.2,1282.3
1,22,0,0,11,5,7,0,0,0,1,19634,7.33,20773,241,70,3174,1940,24.1,1963.4,18,2,1,5,11,0,1,0,0,0,14803,6.5,17879,194,48,19.4,1480.3
1,24,2,1,6,7,9,1,0,0,1,19238,7.45,19420,240,55,1692,1996,24.0,1923.8,14,0,0,7,6,1,0,0,0,1,14231,6.52,17207,189,36,18.9,1423.1
1,23,3,0,7,1,5,0,1,0,0,17757,7.54,18398,240,64,1447,1915,24.0,1775.7,9,2,1,1,7,6,1,0,0,0,15988,6.56,17171,197,59,19.7,1598.8
1,26,3,0,11,1,8,2,0,0,2,19299,7.41,20465,229,58,2597,3043,22.9,1929.9,18,2,1,1,11,7,1,1,1,1,14089,6.63,13117,221,28,22.1,1408.9
0,15,2,1,1,10,8,0,0,0,0,14254,6.14,15416,212,52,-1526,-3543,21.2,1425.4,31,3,0,10,1,12,0,1,0,1,18418,7.26,17630,257,61,25.7,1841.8
1,29,1,1,8,1,10,0,1,0,1,17440,6.99,18918,207,53,2471,-50,20.7,1744.0,14,4,0,1,8,3,0,0,0,1,12214,6.57,15859,211,38,21.1,1221.4
0,20,2,1,5,9,5,0,0,0,2,15985,6.36,14580,210,56,-2307,-2322,21.0,1598.5,28,2,0,9,5,5,0,1,1,1,18474,6.49,16092,274,53,27.4,1847.4
0,12,1,0,5,11,6,0,0,1,1,16080,7.07,17873,229,50,-2207,636,22.9,1608.0,19,3,1,11,5,11,1,1,1,1,16518,6.49,17934,251,54,25.1,1651.8
1,21,3,1,7,4,11,0,1,0,0,17636,6.29,17690,207,54,1181,2034,20.7,1763.6,24,1,0,4,7,3,1,1,0,2,16584,7.12,14264,167,41,16.7,1658.4
1,22,0,0,9,7,8,0,1,1,2,19732,7.17,19882,293,45,678,2135,29.3,1973.2,24,1,1,7,9,5,0,0,0,1,14945,6.84,17289,201,36,20.1,1494.5
0,17,1,0,3,10,6,0,0,1,0,14151,6.57,16659,178,48,-1759,-2833,17.8,1415.1,22,5,1,10,3,7,0,0,0,1,20207,7.52,18370,223,53,22.3,2020.7
0,22,2,1,7,3,0,0,0,1,0,15465,7.11,15054,225,43,-2269,-49,22.5,1546.5,25,4,0,3,7,8,0,1,1,1,17506,6.82,18977,220,56,22.0,1750.6
1,23,4,1,11,4,6,1,0,0,1,13773,6.8,18147,220,49,-99,-671,22.0,1377.3,20,4,0,4,11,8,0,0,0,1,15255,7.01,16842,232,63,23.2,1525.5
0,22,2,1,6,9,5,0,0,0,1,16811,6.67,18170,246,40,-174,-1451,24.6,1681.1,17,4,0,9,6,5,0,1,0,1,17222,7.49,16190,239,62,23.9,1722.2
1,23,3,1,11,2,6,1,0,0,0,16505,7.36,18646,224,62,-534,1307,22.4,1650.5,9,1,0,2,11,3,0,1,1,0,16103,6.58,15582,249,48,24.9,1610.3
1,27,4,0,13,1,15,3,1,1,1,21515,7.89,22525,241,79,7278,5203,24.1,2151.5,5,3,1,1,13,0,0,0,0,0,11928,5.78,12531,170,34,17.0,1192.8
1,10,4,0,5,6,7,1,0,0,0,15171,7.49,18507,243,62,428,984,24.3,1517.1,14,2,1,6,5,5,0,0,0,1,15573,7.11,16262,220,51,22.0,1557.3
0,22,1,1,3,8,4,0,0,0,1,15646,6.62,18776,194,43,-859,-1024,19.4,1564.6,30,3,0,8,3,8,0,0,0,2,18192,6.51,17353,222,64,22.2,1819.2
0,20,0,0,1,8,1,0,0,0,1,14958,6.4,15931,221,45,-2828,-1746,22.1,1495.8,24,1,1,8,1,6,1,0,1,2,19038,7.07,19312,237,54,23.7,1903.8
0,14,0,1,5,7,4,1,0,0,1,15870,6.58,18387,189,50,479,-830,18.9,1587.0,22,5,0,7,5,4,0,0,0,1,17530,7.11,17204,259,74,25.9,1753.0
0,20,3,0,6,12,0,0,0,0,0,14904,6.86,14384,194,55,-1011,-1326,19.4,1490.4,22,1,1,12,6,10,1,0,0,1,18347,7.55,16533,242,69,24.2,1834.7
1,24,3,1,9,4,6,0,0,0,2,16412,7.53,17756,207,51,45,1177,20.7,1641.2,14,0,0,4,9,4,1,0,0,2,17014,6.42,15346,231,50,23.1,1701.4
1,27,2,1,6,6,3,1,1,0,0,18858,6.4,18852,196,46,1260,1635,19.6,1885.8,19,1,0,6,6,6,1,0,1,1,17472,6.64,16214,175,64,17.5,1747.2
0,22,1,0,4,11,9,0,0,0,1,14680,6.95,16589,188,52,-267,-474,18.8,1468.0,15,3,1,11,4,8,1,0,1,1,17114,7.04,17730,228,87,22.8,1711.4
1,26,3,1,10,2,12,1,1,0,1,21354,7.35,20774,274,56,2780,2638,27.4,2135.4,19,1,0,2,10,0,0,0,0,0,14849,6.57,14919,185,31,18.5,1484.9
0,23,2,0,5,7,7,0,0,1,0,15156,6.73,17267,255,42,-737,-816,25.5,1515.6,14,1,1,7,5,7,1,1,1,0,15464,6.84,19205,231,57,23.1,1546.4
1,18,3,0,7,5,2,0,0,0,1,18127,7.33,18010,180,69,-507,844,18.0,1812.7,19,1,1,5,7,7,2,1,0,0,16819,6.98,16273,240,75,24.0,1681.9
1,23,1,1,7,0,9,1,1,0,1,17515,7.39,17203,253,48,2887,1895,25.3,1751.5,23,3,0,0,7,0,0,0,0,0,18340,6.71,15359,194,57,19.4,1834.0
1,19,0,1,8,1,6,0,1,0,1,18738,7.49,19268,240,59,720,622,24.0,1873.8,21,0,0,1,8,4,0,0,1,0,17022,6.65,15841,224,26,22.4,1702.2
1,28,1,1,12,4,9,1,0,0,1,16935,7.36,18272,235,63,2818,2902,23.5,1693.5,18,0,0,4,12,3,0,0,0,0,14674,6.47,14847,190,35,19.0,1467.4
1,13,0,0,6,7,6,2,0,0,1,15061,7.1,17584,196,51,1003,651,19.6,1506.1,19,4,1,7,6,5,1,0,0,0,17718,6.9,16781,221,39,22.1,1771.8
1,26,0,1,7,3,5,0,1,0,2,19580,7.39,21135,255,65,1998,1229,25.5,1958.0,25,1,0,3,7,1,0,0,0,1,13940,6.04,16411,212,41,21.2,1394.0
1,19,4,1,4,10,2,1,0,0,0,17399,7.61,17811,174,43,-967,-1422,17.4,1739.9,22,4,0,10,4,10,2,0,0,0,16365,6.77,19800,254,48,25.4,1636.5
1,27,0,1,8,6,9,1,0,0,0,16878,7.17,18788,227,60,2032,439,22.7,1687.8,15,0,0,6,8,6,1,0,0,1,15161,7.22,16910,206,47,20.6,1516.1
1,18,3,1,5,2,9,1,0,0,1,19915,7.22,18612,215,56,3904,2024,21.5,1991.5,20,2,0,2,5,7,1,1,0,2,13249,6.26,19538,198,57,19.8,1324.9
1,23,4,1,8,1,6,1,0,1,2,16321,7.04,20573,233,76,3385,2864,23.3,1632.1,16,2,0,1,8,3,0,1,0,0,16332,6.86,16108,189,52,18.9,1633.2
0,17,3,0,3,7,6,0,0,0,0,14151,5.88,16888,228,54,-1936,-2884,22.8,1415.1,22,1,1,7,3,9,1,1,1,0,19401,7.06,21959,267,67,26.7,1940.1
0,20,2,1,8,10,3,0,0,0,0,14544,7.1,16898,168,43,-3257,-1643,16.8,1454.4,23,3,0,10,8,6,0,1,1,1,16256,7.14,19202,207,58,20.7,1625.6
1,16,4,0,7,4,4,1,0,0,0,17502,7.03,20074,202,62,2169,2050,20.2,1750.2,14,2,1,4,7,3,0,0,0,1,17165,6.73,17587,201,63,20.1,1716.5
0,18,3,0,2,14,0,0,0,0,0,14332,6.46,14020,179,32,-5544,-4523,17.9,1433.2,19,3,1,14,2,9,1,0,0,1,20626,7.44,21216,250,68,25.0,2062.6
1,12,2,1,7,5,4,1,1,0,0,15157,7.13,18875,247,50,702,2202,24.7,1515.7,16,3,0,5,7,6,0,1,0,1,17482,6.84,15937,199,62,19.9,1748.2
1,19,3,0,11,2,6,0,0,1,1,18268,7.67,18137,244,68,2361,2402,24.4,1826.8,8,1,1,2,11,1,1,0,0,1,15027,6.66,17455,188,55,18.8,1502.7
0,11,4,0,3,9,4,0,0,0,0,13796,6.65,16816,250,59,156,-429,25.0,1379.6,29,1,1,9,3,6,0,0,0,0,16506,6.71,17608,252,60,25.2,1650.6
1,23,0,0,7,3,6,0,0,0,1,14892,6.31,14759,218,44,2579,-1021,21.8,1489.2,30,5,1,3,7,1,0,0,0,0,15147,7.01,16949,231,64,23.1,1514.7
0,20,1,1,7,8,6,1,0,0,2,15540,7.1,15276,214,55,-2741,-3087,21.4,1554.0,23,5,0,8,7,1,0,1,0,1,15565,7.19,21288,216,73,21.6,1556.5
0,21,1,1,8,5,8,0,0,0,0,15802,6.87,16135,201,38,-1333,91,20.1,1580.2,16,2,0,5,8,9,0,0,0,1,16835,6.69,18039,202,53,20.2,1683.5
0,26,2,0,8,10,7,1,1,0,0,16022,6.82,16752,156,61,701,124,15.6,1602.2,25,4,1,10,8,3,2,1,0,1,17245,7.34,17585,230,51,23.0,1724.5
1,17,0,1,5,11,0,0,0,0,1,13945,5.98,16102,244,58,-1202,393,24.4,1394.5,24,2,0,11,5,6,2,1,0,0,16915,7.7,17516,175,46,17.5,1691.5
0,22,4,0,6,9,1,1,1,0,1,16903,6.92,14042,217,47,-2299,-1675,21.7,1690.3,30,2,1,9,6,7,1,0,0,1,18625,7.0,18890,217,70,21.7,1862.5
1,20,3,1,4,5,8,0,0,1,0,15178,6.21,18635,215,51,-1704,-1699,21.5,1517.8,14,2,0,5,4,8,1,0,0,0,17059,6.79,17133,246,56,24.6,1705.9
0,19,3,1,0,10,4,0,1,1,0,17255,7.14,17231,200,54,39,154,20.0,1725.5,15,3,0,10,0,8,0,0,0,1,18071,7.62,17492,231,62,23.1,1807.1
1,30,0,1,11,0,9,1,1,1,2,18969,7.26,20720,275,61,3784,4606,27.5,1896.9,10,1,0,0,11,3,0,0,0,0,13251,5.93,14340,221,32,22.1,1325.1
0,30,0,1,5,4,7,0,1,0,0,17052,6.98,17763,184,65,-411,-266,18.4,1705.2,19,4,0,4,5,6,1,0,0,1,15935,6.62,20189,233,63,23.3,1593.5
1,19,4,1,9,1,10,0,1,0,0,19149,6.99,16840,200,71,-1554,1062,20.0,1914.9,14,1,0,1,9,4,0,0,1,1,15250,6.85,16750,186,57,18.6,1525.0
1,23,1,0,7,7,6,0,0,0,1,15506,6.64,16397,203,52,-2116,-1380,20.3,1550.6,23,3,1,7,7,7,0,1,1,1,17381,7.22,18899,208,76,20.8,1738.1
0,20,0,1,2,4,3,0,1,1,0,17991,6.48,17062,224,56,446,-1690,22.4,1799.1,32,3,0,4,2,9,1,1,0,1,15457,7.51,19966,246,50,24.6,1545.7
0,18,1,0,7,13,0,0,0,0,0,14916,5.75,15858,194,45,-2465,-2129,19.4,1491.6,30,3,1,13,7,8,1,1,0,2,18114,7.49,17996,252,63,25.2,1811.4
0,18,2,0,3,8,0,0,0,0,1,14631,6.43,16897,215,48,-2897,-3037,21.5,1463.1,16,3,1,8,3,4,1,1,1,0,18320,7.46,18520,256,46,25.6,1832.0
0,16,2,0,1,6,7,0,0,0,0,13399,6.69,17584,222,45,-2114,-2916,22.2,1339.9,25,1,1,6,1,7,0,0,0,1,17123,7.53,17565,247,57,24.7,1712.3
0,2,2,0,4,8,9,0,1,0,0,16142,7.08,19683,217,45,1143,1694,21.7,1614.2,21,2,1,8,4,10,0,0,0,0,17409,6.44,17958,229,61,22.9,1740.9
1,30,4,1,4,6,8,0,0,1,1,18459,7.44,18735,259,84,3796,1163,25.9,1845.9,22,3,0,6,4,0,0,0,1,0,15425,5.87,16854,163,57,16.3,1542.5
0,13,0,0,4,14,0,0,0,0,0,13652,6.59,12968,172,67,-4826,-2939,17.2,1365.2,24,1,1,14,4,13,1,0,0,0,19943,6.99,19427,267,78,26.7,1994.3
0,18,3,0,4,3,7,1,0,0,0,16208,7.45,17969,204,67,-222,-2803,20.4,1620.8,19,2,1,3,4,0,0,0,0,1,18168,7.27,19107,206,65,20.6,1816.8
0,16,2,0,1,5,4,1,0,0,0,14996,6.38,16173,203,63,-2473,-1921,20.3,1499.6,21,4,1,5,1,6,1,0,0,1,18465,6.91,18011,222,74,22.2,1846.5
0,16,2,0,4,10,4,0,0,0,1,14808,7.45,15782,234,48,-372,-1227,23.4,1480.8,10,1,1,10,4,8,1,1,0,1,17716,6.83,18037,217,47,21.7,1771.6
1,23,2,1,8,0,8,0,1,0,1,17407,7.23,17750,262,37,1862,2545,26.2,1740.7,16,2,0,0,8,2,0,1,0,1,15952,6.33,13492,184,52,18.4,1595.2
1,19,1,1,6,4,6,1,0,0,0,17495,7.01,16415,200,48,-690,-834,20.0,1749.5,20,3,0,4,6,7,1,0,1,1,18588,7.46,18250,251,67,25.1,1858.8
1,16,2,1,2,6,5,1,1,1,1,15830,7.22,17237,225,44,469,21,22.5,1583.0,24,1,0,6,2,6,0,1,0,2,15184,6.51,19721,221,48,22.1,1518.4
1,24,2,1,7,0,6,0,0,0,1,17014,6.08,18370,217,67,2554,613,21.7,1701.4,18,3,0,0,7,7,0,0,0,0,13672,6.27,13496,214,48,21.4,1367.2
1,21,3,1,8,5,7,0,0,1,0,16128,7.6,19034,219,49,870,834,21.9,1612.8,17,6,0,5,8,3,0,0,1,0,17699,6.56,17522,205,38,20.5,1769.9
1,23,1,0,3,5,5,0,0,0,0,16377,6.89,17326,221,57,-609,-303,22.1,1637.7,27,2,1,5,3,11,1,1,1,0,16236,7.35,21640,209,68,20.9,1623.6
1,14,4,1,8,8,2,1,2,0,1,16104,6.69,17894,233,70,513,1253,23.3,1610.4,21,3,0,8,8,4,2,0,0,1,18148,7.15,16829,187,40,18.7,1814.8
0,14,1,1,3,9,4,0,0,0,1,13714,6.53,15036,215,30,-1554,359,21.5,1371.4,15,3,0,9,3,8,2,1,0,1,16817,7.17,19726,227,71,22.7,1681.7
1,24,4,1,10,6,5,0,0,0,0,16663,7.29,18498,212,46,904,1150,21.2,1666.3,16,2,0,6,10,4,0,1,0,1,16661,6.51,15500,194,44,19.4,1666.1
1,18,4,0,8,4,8,0,0,0,1,17905,6.91,17789,224,45,2045,1210,22.4,1790.5,15,2,1,4,8,6,0,0,0,0,13511,7.0,16784,196,71,19.6,1351.1
0,13,2,0,6,7,0,0,0,0,1,13677,6.32,13270,194,21,-3185,-1181,19.4,1367.7,23,0,1,7,6,6,0,0,1,1,19899,7.81,20223,258,62,25.8,1989.9
1,17,2,1,8,5,3,0,0,0,1,17328,6.87,18438,224,63,971,-444,22.4,1732.8,15,4,0,5,8,5,0,0,1,2,15938,7.0,17077,217,37,21.7,1593.8
1,19,1,0,7,4,0,0,0,0,0,16730,6.55,16196,209,43,175,232,20.9,1673.0,25,3,1,4,7,6,1,0,0,0,15410,7.92,19180,214,59,21.4,1541.0
1,21,1,0,6,9,8,2,1,0,0,17495,6.6,17577,213,62,1573,1086,21.3,1749.5,21,4,1,9,6,9,1,1,0,0,15748,7.22,14570,234,54,23.4,1574.8
1,21,3,0,10,5,4,0,1,1,0,16575,7.08,18262,218,48,2307,2171,21.8,1657.5,17,2,1,5,10,1,1,0,0,2,15112,6.68,16370,214,39,21.4,1511.2
1,16,2,0,8,3,4,0,0,0,1,15778,6.09,15947,230,48,70,1141,23.0,1577.8,19,2,1,3,8,1,1,0,0,0,14523,6.53,17161,223,53,22.3,1452.3
1,23,4,0,3,10,5,2,1,0,0,17437,6.98,17658,203,51,-203,-1245,20.3,1743.7,18,3,1,10,3,5,0,1,0,1,17672,7.09,16133,213,65,21.3,1767.2
1,28,2,1,3,4,7,0,1,0,2,18613,6.76,18742,206,59,3192,1245,20.6,1861.3,19,0,0,4,3,4,0,0,0,0,16474,6.62,16589,189,53,18.9,1647.4
0,9,1,0,4,11,6,0,0,0,0,15679,7.39,16539,226,47,-1203,-2728,22.6,1567.9,21,5,1,11,4,7,0,1,0,0,15449,6.73,18401,249,57,24.9,1544.9
0,10,0,0,6,12,5,1,0,0,1,15085,6.76,14915,187,47,-2053,-2079,18.7,1508.5,28,3,1,12,6,6,1,0,0,0,16758,7.26,20231,254,60,25.4,1675.8
0,19,1,0,0,14,2,0,0,0,0,12896,6.4,13715,170,43,-5691,-5317,17.0,1289.6,19,3,1,14,0,10,1,1,0,2,19293,7.32,21707,256,56,25.6,1929.3
1,28,3,0,4,3,10,1,2,0,1,15717,6.35,17835,204,60,-942,526,20.4,1571.7,18,3,1,3,4,6,0,1,0,0,16030,7.49,18438,230,44,23.0,1603.0
0,8,3,0,3,7,7,0,1,0,0,16517,7.04,16405,208,48,-2453,1348,20.8,1651.7,23,3,1,7,3,7,1,1,1,0,20190,7.74,18976,239,59,23.9,2019.0
1,25,4,1,9,13,8,0,1,0,0,16698,6.4,18726,231,55,283,1227,23.1,1669.8,9,1,0,13,9,6,2,0,1,0,14810,7.4,17929,204,44,20.4,1481.0
0,24,2,0,0,9,3,0,0,0,0,13487,6.29,14833,187,44,-2733,-3467,18.7,1348.7,28,3,1,9,0,10,1,1,0,1,18993,7.49,19199,223,61,22.3,1899.3
1,14,3,1,3,7,6,0,0,1,1,17511,6.15,14536,222,51,855,-272,22.2,1751.1,23,3,0,7,3,5,1,1,0,2,17902,6.72,17440,220,51,22.0,1790.2
1,29,3,1,5,4,2,1,1,1,2,17941,6.93,17457,218,51,123,-631,21.8,1794.1,23,3,0,4,5,0,0,1,0,0,16539,6.25,15600,218,59,21.8,1653.9
1,17,3,1,5,6,4,1,0,0,0,14249,6.75,15616,213,61,-4109,-1840,21.3,1424.9,9,2,0,6,5,10,1,1,0,1,19988,7.23,18095,238,76,23.8,1998.8
1,22,0,1,7,7,2,0,1,0,0,17695,6.9,18458,252,59,262,871,25.2,1769.5,24,1,0,7,7,4,0,0,0,1,15374,6.88,18082,183,47,18.3,1537.4
1,15,0,0,4,4,3,1,0,0,1,15300,6.49,16103,204,52,1404,-356,20.4,1530.0,29,3,1,4,4,10,1,0,0,0,17346,6.36,17671,224,56,22.4,1734.6
0,25,0,1,6,4,2,1,1,0,0,16460,7.13,17077,225,43,1705,947,22.5,1646.0,23,2,0,4,6,3,0,0,1,0,16086,7.17,18736,219,32,21.9,1608.6
1,25,4,1,9,5,8,0,0,0,0,17680,7.04,18891,252,48,377,2078,25.2,1768.0,25,0,0,5,9,2,1,0,0,0,16798,7.48,18818,192,43,19.2,1679.8
0,31,1,1,11,3,9,1,1,1,1,15830,7.09,19650,216,48,1216,755,21.6,1583.0,19,2,0,3,11,5,0,0,0,0,16258,7.12,15317,225,70,22.5,1625.8
1,27,1,1,8,6,9,1,1,0,0,16091,7.03,18134,191,56,295,-813,19.1,1609.1,22,3,0,6,8,6,1,0,0,0,16107,7.39,15519,212,71,21.2,1610.7
0,18,2,1,5,8,2,0,1,0,0,14961,6.3,16767,209,52,-842,-954,20.9,1496.1,23,1,0,8,5,6,1,1,0,1,16262,7.74,17616,277,80,27.7,1626.2
0,35,0,1,8,4,3,0,0,0,1,16045,7.08,17330,223,46,-466,-2265,22.3,1604.5,36,0,0,4,8,7,1,1,0,0,18909,6.86,17277,231,67,23.1,1890.9
1,28,3,0,5,8,10,0,1,0,0,15728,7.36,21241,239,49,2359,1215,23.9,1572.8,19,3,1,8,5,4,0,0,0,0,18219,6.99,15549,205,59,20.5,1821.9
0,21,0,0,5,11,3,0,0,0,1,13208,6.5,16677,205,48,-1191,-3204,20.5,1320.8,20,3,1,11,5,9,0,0,0,2,17221,6.78,17702,236,56,23.6,1722.1
1,15,0,0,11,4,4,0,0,1,0,16436,6.96,16984,219,65,1291,-92,21.9,1643.6,18,0,1,4,11,8,0,0,0,2,18076,6.92,14996,215,66,21.5,1807.6
0,12,2,0,1,8,7,0,0,0,0,17369,6.86,16774,208,48,-425,-663,20.8,1736.9,28,2,1,8,1,5,0,1,0,1,17004,6.64,18823,219,54,21.9,1700.4
0,13,0,1,5,5,7,0,0,1,1,16697,7.25,19191,229,56,873,165,22.9,1669.7,18,4,0,5,5,6,1,0,0,0,19109,6.6,14976,225,50,22.5,1910.9
1,13,3,1,2,11,6,0,0,0,0,18160,7.54,15255,211,47,-2135,-1156,21.1,1816.0,26,3,0,11,2,13,0,1,0,1,15813,6.91,19411,229,69,22.9,1581.3
0,23,1,0,3,12,4,0,0,0,0,13711,6.92,15057,182,37,-3382,-2331,18.2,1371.1,21,2,1,12,3,12,1,1,0,1,19266,6.74,23142,240,72,24.0,1926.6
1,23,4,0,10,8,6,1,0,0,1,17116,6.61,18970,255,55,1168,1674,25.5,1711.6,26,4,1,8,10,6,0,0,0,0,14786,7.07,18447,199,60,19.9,1478.6
1,19,3,1,9,2,11,1,1,1,1,16950,7.45,19873,245,75,1946,2931,24.5,1695.0,22,5,0,2,9,4,0,0,0,0,16236,6.56,17945,202,52,20.2,1623.6
0,16,1,0,2,7,5,1,1,0,0,15668,7.42,12919,179,41,-4453,-2051,17.9,1566.8,27,3,1,7,2,14,1,0,0,1,20300,7.19,19861,240,83,24.0,2030.0
0,19,1,0,8,1,7,1,0,0,1,16152,6.64,18387,207,62,-703,-725,20.7,1615.2,28,0,1,1,8,4,2,0,1,1,16008,7.62,15765,207,56,20.7,1600.8
1,26,4,1,8,10,10,1,1,1,1,18136,7.67,17313,223,61,2607,3279,22.3,1813.6,12,3,0,10,8,4,0,0,0,0,13570,6.4,16095,214,46,21.4,1357.0
0,17,3,0,8,7,7,1,0,0,1,14547,7.28,21996,281,64,3568,1403,28.1,1454.7,29,0,1,7,8,6,0,1,0,1,17309,6.97,15695,216,51,21.6,1730.9
0,21,5,0,6,10,3,0,0,0,1,17521,6.87,16595,173,41,260,-730,17.3,1752.1,28,3,1,10,6,3,0,0,0,2,15177,6.96,18661,247,68,24.7,1517.7
0,20,3,0,8,5,4,0,0,0,0,16125,6.76,15797,260,53,-840,-2823,26.0,1612.5,28,3,1,5,8,7,1,1,0,0,17361,7.41,18951,237,71,23.7,1736.1
1,16,1,1,7,7,11,0,0,0,0,16365,6.8,20333,215,61,535,-2298,21.5,1636.5,21,2,0,7,7,13,0,1,0,2,15268,6.28,19775,211,63,21.1,1526.8
1,28,3,1,7,2,9,1,0,0,1,16643,6.44,17329,206,50,487,648,20.6,1664.3,25,3,0,2,7,6,0,1,0,0,14258,6.63,20607,239,70,23.9,1425.8
1,19,3,1,11,7,7,1,1,0,0,17010,7.28,16535,247,44,-74,523,24.7,1701.0,22,0,0,7,11,6,1,1,0,0,15100,6.75,16417,209,61,20.9,1510.0
1,15,4,1,1,6,3,1,0,0,1,18712,6.26,19073,212,77,-214,113,21.2,1871.2,23,3,0,6,1,6,1,0,0,1,15258,6.14,20508,211,45,21.1,1525.8
0,22,3,1,3,8,1,1,0,0,0,14435,6.56,19232,244,58,-1951,-1123,24.4,1443.5,35,0,0,8,3,4,1,0,0,1,19075,6.98,18365,243,63,24.3,1907.5
1,21,2,1,5,4,6,0,0,0,1,17515,7.02,18075,223,66,30,1490,22.3,1751.5,17,1,0,4,5,4,1,0,0,0,16432,6.87,16274,208,59,20.8,1643.2
0,23,0,1,7,8,5,1,0,0,2,15635,6.9,18149,233,70,2181,687,23.3,1563.5,15,0,0,8,7,6,1,0,0,1,16516,6.43,17204,193,34,19.3,1651.6
0,14,0,1,8,4,6,1,0,0,0,17963,7.02,16244,223,71,652,-826,22.3,1796.3,20,0,0,4,8,4,1,0,1,0,17156,6.68,14836,204,29,20.4,1715.6
1,24,0,0,8,9,7,1,1,0,1,18118,7.61,19597,253,50,-394,-1018,25.3,1811.8,15,3,1,9,8,7,0,0,1,1,17930,7.29,18689,234,44,23.4,1793.0
1,34,2,1,9,2,6,1,1,0,0,17823,7.4,19238,226,72,3032,2446,22.6,1782.3,13,4,0,2,9,0,0,0,0,0,13071,6.11,16859,157,51,15.7,1307.1
0,12,4,0,6,8,3,0,0,0,0,15248,6.84,15721,205,44,-1879,-963,20.5,1524.8,22,5,1,8,6,8,1,1,1,1,17217,6.44,18998,236,53,23.6,1721.7
1,24,5,1,7,4,8,0,0,0,1,19857,7.57,20658,233,57,3137,1250,23.3,1985.7,19,3,0,4,7,6,0,0,0,0,14934,6.46,12841,210,52,21.0,1493.4
0,15,3,1,2,9,6,1,0,0,0,15743,6.9,14631,210,51,-575,-1705,21.0,1574.3,31,1,0,9,2,7,0,0,1,1,16196,6.61,16104,234,51,23.4,1619.6
1,36,4,1,9,4,9,1,0,0,1,16292,7.22,19709,268,50,1566,2970,26.8,1629.2,14,3,0,4,9,1,0,0,0,0,16529,6.51,15754,216,40,21.6,1652.9
1,29,2,1,8,8,6,1,1,0,1,19548,7.09,16369,249,81,1702,2453,24.9,1954.8,20,2,0,8,8,3,0,0,0,0,14492,7.05,15080,228,64,22.8,1449.2
0,21,0,1,9,9,2,1,0,1,0,15645,6.87,18064,213,51,-1579,-117,21.3,1564.5,13,6,0,9,9,4,1,0,0,0,16521,7.59,16985,217,57,21.7,1652.1
1,17,1,1,14,0,7,1,1,0,0,17523,7.51,19620,236,62,3367,2946,23.6,1752.3,21,1,0,0,14,0,0,1,0,0,12194,6.36,13802,201,44,20.1,1219.4
1,16,0,0,6,5,9,0,0,0,1,17993,7.21,19264,205,65,1162,713,20.5,1799.3,21,1,1,5,6,9,0,0,0,0,17465,6.91,17369,221,53,22.1,1746.5
0,22,0,1,0,11,3,0,0,0,1,18040,6.34,14683,209,47,-1208,-1066,20.9,1804.0,17,3,0,11,0,5,0,2,0,0,17783,7.52,18339,228,70,22.8,1778.3
0,12,1,0,2,5,6,1,1,1,1,16116,6.31,16857,231,49,-1765,-946,23.1,1611.6,23,2,1,5,2,11,1,1,1,1,14952,7.34,16487,224,70,22.4,1495.2
1,16,3,1,7,4,9,1,1,0,0,17867,7.37,17687,222,57,1545,2861,22.2,1786.7,15,1,0,4,7,6,0,0,0,0,13471,6.24,16435,244,60,24.4,1347.1
1,22,3,0,8,4,11,1,0,0,3,15847,6.85,17015,212,67,2243,872,21.2,1584.7,3,0,1,4,8,8,1,0,1,1,16703,6.49,14650,198,68,19.8,1670.3
0,19,0,0,3,12,1,0,0,0,0,13426,6.67,16771,226,40,-1294,-1039,22.6,1342.6,13,6,1,12,3,7,1,0,0,2,18698,7.38,18160,248,72,24.8,1869.8
1,22,3,1,3,4,9,1,1,1,0,13768,6.78,18522,237,47,-466,1640,23.7,1376.8,11,1,0,4,3,4,1,0,0,1,14422,6.35,17329,183,72,18.3,1442.2
0,18,1,1,10,4,8,1,1,0,2,15725,6.78,14555,201,53,-499,2400,20.1,1572.5,21,0,0,4,10,4,0,0,0,1,18095,6.87,18013,197,54,19.7,1809.5
1,24,2,0,6,8,9,0,0,0,0,14841,6.96,18319,199,51,-811,293,19.9,1484.1,19,2,1,8,6,8,0,1,0,0,15054,7.53,16580,182,82,18.2,1505.4
1,20,2,0,15,2,14,1,1,0,1,18796,7.52,22482,276,70,5145,5966,27.6,1879.6,16,0,1,2,15,0,0,0,1,0,12967,6.04,12347,177,24,17.7,1296.7
0,24,4,0,3,7,7,0,1,0,1,16508,7.39,20534,210,50,563,218,21.0,1650.8,21,2,1,7,3,4,0,1,0,1,16047,6.99,16937,232,37,23.2,1604.7
0,21,2,0,9,7,4,0,0,0,2,16337,7.16,14804,234,49,-433,961,23.4,1633.7,20,2,1,7,9,9,1,0,0,0,17920,7.76,17373,201,58,20.1,1792.0
1,25,4,1,8,3,10,0,1,1,1,16848,6.89,20855,215,70,1759,1718,21.5,1684.8,17,0,0,3,8,4,0,1,1,0,12772,6.6,15920,196,54,19.6,1277.2
0,25,0,0,4,8,2,0,0,0,1,15840,6.66,17285,211,57,-1371,1339,21.1,1584.0,25,1,1,8,4,12,1,1,0,1,17469,7.24,17838,196,53,19.6,1746.9
1,20,3,1,8,4,9,0,1,0,2,18654,7.06,18448,286,69,290,2470,28.6,1865.4,12,2,0,4,8,2,1,1,0,1,13687,6.68,15433,239,54,23.9,1368.7
0,13,2,0,1,9,1,0,0,0,0,15374,6.26,17730,170,43,-2859,-2009,17.0,1537.4,24,1,1,9,1,7,1,0,0,2,19281,7.8,19400,277,64,27.7,1928.1
0,11,0,0,5,7,4,0,0,0,1,16411,7.2,16791,195,58,-1565,1241,19.5,1641.1,23,1,1,7,5,4,1,1,0,0,19530,7.45,19358,211,44,21.1,1953.0
1,12,4,1,10,3,3,0,0,0,1,19595,6.99,18881,208,54,3189,-840,20.8,1959.5,20,3,0,3,10,4,0,0,0,1,16012,6.51,15274,198,44,19.8,1601.2
1,22,1,1,5,1,9,2,0,0,0,16906,7.29,17319,249,63,3167,3042,24.9,1690.6,11,0,0,1,5,5,0,1,0,0,12165,6.61,18231,260,49,26.0,1216.5
0,18,2,0,8,9,5,0,0,0,1,11850,6.84,14070,169,59,-658,-1178,16.9,1185.0,16,1,1,9,8,10,0,0,0,2,17349,6.85,17537,224,54,22.4,1734.9
0,13,4,1,5,5,3,1,0,1,1,15896,6.28,16488,243,50,-1597,-1691,24.3,1589.6,15,3,0,5,5,12,2,0,1,0,17014,7.13,19878,247,60,24.7,1701.4
1,17,4,0,7,6,7,0,0,1,1,19160,7.05,20822,223,68,1173,470,22.3,1916.0,14,1,1,6,7,8,0,1,0,0,15712,6.48,17719,227,60,22.7,1571.2
0,26,0,0,7,7,2,1,0,0,1,13814,7.31,18107,193,49,-522,-2977,19.3,1381.4,23,3,1,7,7,7,1,0,0,0,17948,7.17,18489,231,63,23.1,1794.8
0,24,2,1,6,6,7,1,0,0,0,15821,6.85,18411,239,52,-1145,-224,23.9,1582.1,23,2,0,6,6,8,2,1,0,1,17468,6.57,16479,225,64,22.5,1746.8
1,15,4,1,7,4,8,1,1,1,1,17174,7.01,16760,226,71,1516,602,22.6,1717.4,16,2,0,4,7,7,1,0,0,0,14653,7.29,15666,196,43,19.6,1465.3
0,17,1,1,3,8,11,0,0,1,1,17771,7.05,17563,242,31,204,-265,24.2,1777.1,19,1,0,8,3,5,0,1,0,1,16873,6.55,19439,248,54,24.8,1687.3
0,18,0,1,5,14,3,0,0,0,2,14348,6.69,16410,200,54,-2680,-3570,20.0,1434.8,18,3,0,14,5,8,2,1,1,1,17754,7.27,19720,239,64,23.9,1775.4
0,14,1,0,0,13,4,0,0,0,0,14467,5.76,16325,197,50,-3706,-923,19.7,1446.7,28,4,1,13,0,9,1,1,1,0,17690,7.58,16943,237,63,23.7,1769.0
0,16,3,0,6,8,5,1,0,0,0,17854,6.85,15201,232,56,-1451,-1185,23.2,1785.4,5,2,1,8,6,6,0,1,0,1,16727,6.67,19183,219,48,21.9,1672.7
0,15,0,0,0,10,5,1,0,1,0,14102,6.57,17481,213,27,-4268,-1399,21.3,1410.2,30,1,1,10,0,11,1,0,0,1,18210,7.07,17686,228,78,22.8,1821.0
0,25,3,0,6,8,4,0,0,0,1,15138,7.12,17626,220,46,-1857,-281,22.0,1513.8,27,0,1,8,6,4,1,1,0,2,16566,7.06,19783,223,60,22.3,1656.6
0,23,0,1,3,5,8,1,0,1,1,15917,6.96,13892,188,55,-2174,-2829,18.8,1591.7,20,2,0,5,3,9,2,1,1,1,18840,6.89,20519,231,76,23.1,1884.0
1,20,3,0,7,4,14,1,1,1,2,16944,7.22,21833,279,68,3121,3401,27.9,1694.4,19,4,1,4,7,2,0,1,0,0,13304,6.41,15378,204,49,20.4,1330.4
1,27,3,1,9,2,9,1,0,1,1,19210,7.45,20063,244,62,3861,3050,24.4,1921.0,20,1,0,2,9,1,0,0,0,0,14350,6.08,14215,197,57,19.7,1435.0
0,18,2,0,4,5,3,0,0,0,1,14615,6.4,17046,195,53,-1579,-1249,19.5,1461.5,22,1,1,5,4,8,1,1,0,1,19282,7.22,16827,209,69,20.9,1928.2
0,15,2,1,7,4,5,1,0,0,0,19766,7.39,17085,243,51,813,427,24.3,1976.6,19,1,0,4,7,1,0,0,1,0,15388,5.97,14149,196,39,19.6,1538.8
0,17,4,0,0,9,1,0,0,1,0,13233,5.91,15126,222,44,-1296,-3063,22.2,1323.3,25,0,1,9,0,7,1,1,0,1,17068,7.24,19297,217,60,21.7,1706.8
0,13,3,0,4,8,6,0,1,0,1,14792,6.33,18209,230,80,130,411,23.0,1479.2,16,1,1,8,4,5,1,0,0,1,18433,7.11,17775,226,54,22.6,1843.3
1,29,2,0,10,4,10,1,0,1,0,20040,7.91,18134,232,60,4259,2629,23.2,2004.0,15,0,1,4,10,3,0,0,0,0,12803,6.52,16301,222,51,22.2,1280.3
0,27,4,1,8,11,7,0,0,0,0,14875,6.77,19214,190,24,-291,-704,19.0,1487.5,26,1,0,11,8,5,1,0,1,2,16767,6.77,17259,228,59,22.8,1676.7
0,17,2,0,7,6,5,1,0,0,0,16485,6.67,17030,228,47,-1484,-63,22.8,1648.5,23,2,1,6,7,7,0,0,1,1,17610,6.52,18300,213,56,21.3,1761.0
0,15,2,0,3,6,6,1,0,0,0,14825,7.02,16299,202,33,-509,-2429,20.2,1482.5,22,3,1,6,3,5,1,0,0,2,16519,7.24,17102,204,67,20.4,1651.9
1,28,4,1,11,5,8,1,1,0,0,17221,6.6,18973,235,53,3403,748,23.5,1722.1,21,4,0,5,11,3,0,0,0,0,15807,6.92,15321,217,54,21.7,1580.7
0,20,0,0,0,16,0,0,0,0,0,12071,6.16,13914,213,31,-5924,-4665,21.3,1207.1,23,4,1,16,0,7,1,1,0,0,20217,7.71,21399,220,73,22.0,2021.7
0,14,0,1,0,10,5,1,1,1,1,16590,7.04,15781,243,40,-1486,-422,24.3,1659.0,21,1,0,10,0,8,0,0,0,1,16601,7.24,17416,207,64,20.7,1660.1
1,19,2,0,9,7,8,1,0,0,2,15373,6.91,17364,198,71,-385,-124,19.8,1537.3,28,0,1,7,9,2,1,0,1,0,15897,7.06,17958,225,60,22.5,1589.7
0,18,1,1,6,12,4,1,1,1,0,14117,5.55,19329,240,48,-1603,-1407,24.0,1411.7,34,1,0,12,6,6,1,1,0,1,17131,6.68,17206,190,42,19.0,1713.1
1,18,6,0,8,3,10,1,0,1,2,17348,6.98,19644,253,64,3361,-302,25.3,1734.8,17,2,1,3,8,3,0,0,0,1,13952,6.79,16939,192,63,19.2,1395.2
1,24,1,1,9,7,7,1,1,0,0,17485,6.86,18460,231,52,1168,2663,23.1,1748.5,23,1,0,7,9,5,0,0,1,0,15065,5.94,16937,238,74,23.8,1506.5
0,14,1,0,4,7,2,0,0,1,1,15197,7.18,14452,228,42,-1553,-1775,22.8,1519.7,19,1,1,7,4,9,1,0,1,0,19105,6.97,20453,191,50,19.1,1910.5
1,21,3,1,11,0,6,1,1,0,1,19567,7.81,18187,234,67,5284,3201,23.4,1956.7,16,2,0,0,11,2,0,0,0,0,15609,6.85,16165,194,40,19.4,1560.9
0,17,3,0,2,7,2,0,0,1,0,14945,6.44,16610,204,39,-1299,-1252,20.4,1494.5,21,3,1,7,2,11,1,1,0,1,19495,7.51,21112,247,65,24.7,1949.5
1,15,1,0,7,2,6,1,1,0,1,18243,6.59,17944,256,69,2559,1310,25.6,1824.3,15,0,1,2,7,1,0,1,0,0,18471,6.79,16493,210,30,21.0,1847.1
0,10,0,0,6,6,8,1,0,1,2,15990,6.94,18870,209,49,-160,716,20.9,1599.0,25,4,1,6,6,6,0,1,0,0,15830,7.12,18501,215,55,21.5,1583.0
1,24,4,0,3,5,6,0,0,0,1,17585,6.36,16949,192,46,-2875,370,19.2,1758.5,21,2,1,5,3,5,2,0,0,0,17866,6.48,16580,231,71,23.1,1786.6
1,15,2,0,3,7,8,1,1,0,1,16253,6.98,17214,225,64,-531,-541,22.5,1625.3,23,1,1,7,3,0,0,0,0,1,19000,6.45,16357,228,57,22.8,1900.0
0,31,3,1,7,7,10,1,0,0,0,14508,7.0,17113,212,68,-138,78,21.2,1450.8,30,2,0,7,7,10,0,1,0,1,16679,6.55,19123,251,59,25.1,1667.9
0,30,3,1,9,6,6,1,0,0,0,17296,6.82,16948,234,71,23,711,23.4,1729.6,17,3,0,6,9,3,1,1,0,0,13935,6.91,16342,216,68,21.6,1393.5
0,16,3,0,2,8,2,0,1,1,0,13531,6.8,15367,203,65,-1786,-302,20.3,1353.1,26,3,1,8,2,5,0,1,0,2,17597,6.6,17941,193,65,19.3,1759.7
1,31,1,0,4,9,7,0,0,0,1,16643,7.74,17826,176,49,72,-87,17.6,1664.3,18,4,1,9,4,6,0,1,1,0,16172,7.41,17624,250,65,25.0,1617.2
0,23,1,0,1,6,3,0,1,0,1,17019,6.13,15279,204,54,-3571,468,20.4,1701.9,21,1,1,6,1,4,1,2,0,1,18493,7.0,17603,231,70,23.1,1849.3
0,14,0,0,0,8,2,0,0,0,0,14991,6.19,15225,226,43,-1425,-1788,22.6,1499.1,29,2,1,8,0,5,2,0,0,1,18519,7.55,19249,250,55,25.0,1851.9
0,5,0,0,1,7,4,0,1,0,0,17937,6.79,15356,210,57,-1605,-2449,21.0,1793.7,21,5,1,7,1,4,0,0,0,2,19828,6.88,18363,216,39,21.6,1982.8
0,21,2,0,6,10,2,0,0,0,0,13224,6.32,18038,202,66,-1765,-1286,20.2,1322.4,22,1,1,10,6,7,0,2,1,3,18399,7.21,20276,228,64,22.8,1839.9
0,19,1,0,1,6,10,1,0,0,0,16936,6.93,14362,197,60,-1621,-43,19.7,1693.6,22,1,1,6,1,3,0,0,0,0,17984,6.86,17605,236,77,23.6,1798.4
1,23,1,1,8,6,6,2,0,0,2,16744,6.55,18866,245,73,992,1299,24.5,1674.4,16,0,0,6,8,7,0,0,1,0,15840,6.97,15407,231,54,23.1,1584.0
1,19,2,1,6,8,6,0,0,1,0,15379,6.95,20424,192,47,1904,102,19.2,1537.9,16,1,0,8,6,3,0,0,0,0,14577,6.84,18174,227,55,22.7,1457.7
1,18,5,0,12,1,12,2,1,0,1,21109,7.39,17387,241,63,4609,2013,24.1,2110.9,22,0,1,1,12,2,0,1,1,0,13277,7.25,15348,210,50,21.0,1327.7
0,13,1,0,4,7,7,0,0,0,0,13128,6.57,15305,229,51,-5022,-4388,22.9,1312.8,30,2,1,7,4,11,1,1,1,1,20859,7.14,20315,255,75,25.5,2085.9
0,24,1,1,7,4,6,1,0,0,1,17168,6.95,16955,209,62,747,228,20.9,1716.8,26,2,0,4,7,7,1,1,0,1,16381,7.47,16930,208,62,20.8,1638.1
1,18,4,0,9,4,1,0,1,1,0,16466,7.26,18597,233,39,490,-1758,23.3,1646.6,17,0,1,4,9,6,1,1,0,1,17424,6.59,16984,225,53,22.5,1742.4
1,20,1,0,11,3,7,1,1,0,0,20719,6.75,16934,225,76,2534,2213,22.5,2071.9,21,1,1,3,11,4,0,0,0,0,13701,6.99,15597,220,47,22.0,1370.1
1,14,5,1,11,0,3,1,1,0,1,18343,7.19,19724,200,57,987,891,20.0,1834.3,27,0,0,0,11,1,1,0,0,0,16732,6.59,14155,210,48,21.0,1673.2
0,20,2,1,4,3,4,0,1,0,0,17679,6.24,16541,237,45,745,1180,23.7,1767.9,26,1,0,3,4,9,2,0,0,1,18442,6.9,18364,220,76,22.0,1844.2
0,15,2,0,2,7,10,0,0,0,0,15716,6.15,16105,183,49,-455,1498,18.3,1571.6,16,3,1,7,2,5,0,1,0,0,16939,6.67,17749,201,54,20.1,1693.9
0,23,4,1,4,6,3,1,0,0,0,14327,6.23,16439,210,52,-1451,-861,21.0,1432.7,24,3,0,6,4,5,3,0,0,1,17117,7.25,17104,207,39,20.7,1711.7
1,18,0,1,8,7,5,2,1,1,0,16503,7.77,17339,278,55,2330,2756,27.8,1650.3,12,1,0,7,8,11,0,0,0,1,14034,6.68,17588,177,48,17.7,1403.4
0,15,0,0,0,9,4,0,0,0,1,13364,6.94,11963,196,54,-3650,-2592,19.6,1336.4,27,5,1,9,0,11,1,1,1,2,19176,7.75,18976,230,52,23.0,1917.6
0,32,2,0,8,5,7,0,0,0,1,16327,7.22,16802,198,67,438,2088,19.8,1632.7,24,4,1,5,8,7,0,0,0,0,15200,6.86,16434,205,40,20.5,1520.0
1,18,2,0,0,5,9,0,0,0,1,16100,6.6,19280,207,51,298,1029,20.7,1610.0,23,3,1,5,0,4,0,0,0,1,18002,7.22,20201,244,47,24.4,1800.2
0,17,6,0,8,9,4,0,0,1,0,17339,7.09,16560,231,47,-921,-782,23.1,1733.9,19,0,1,9,8,9,0,0,0,1,19429,6.74,16516,215,62,21.5,1942.9
0,22,1,0,7,6,7,0,0,1,0,16253,6.27,18012,216,76,-1879,-757,21.6,1625.3,18,1,1,6,7,6,1,0,0,1,18578,7.46,18445,236,48,23.6,1857.8
0,11,0,0,4,7,2,1,0,1,1,13935,6.15,16047,195,56,409,-531,19.5,1393.5,27,3,1,7,4,2,0,0,0,1,15563,7.65,19065,252,70,25.2,1556.3
1,29,1,1,9,6,6,2,0,0,1,20041,7.17,19912,230,76,2573,4060,23.0,2004.1,14,3,0,6,9,2,1,0,0,2,15280,6.5,15492,177,41,17.7,1528.0
1,31,4,1,14,0,12,2,1,1,2,19121,7.69,21884,258,81,4507,4985,25.8,1912.1,17,0,0,0,14,0,0,0,0,1,9020,6.22,15423,201,24,20.1,902.0
1,25,3,1,10,2,7,0,2,1,0,19659,7.37,20832,254,72,3057,2441,25.4,1965.9,27,5,0,2,10,3,0,0,0,0,13032,6.93,15606,182,50,18.2,1303.2
1,2,1,0,5,3,11,0,0,0,1,15596,6.53,16881,204,42,-812,-2252,20.4,1559.6,24,4,1,3,5,6,1,0,0,0,15732,7.33,18867,206,55,20.6,1573.2
1,20,2,1,9,4,10,0,1,0,1,20542,6.84,18028,231,56,2398,1562,23.1,2054.2,16,0,0,4,9,3,1,0,0,0,14966,6.76,15592,219,83,21.9,1496.6
1,15,5,1,5,5,10,1,0,0,1,19465,7.69,18021,208,65,1496,1878,20.8,1946.5,23,4,0,5,5,0,0,1,0,0,15712,7.11,17257,205,39,20.5,1571.2
0,24,2,1,4,8,4,1,0,1,0,15994,6.61,16054,220,36,-1962,-1334,22.0,1599.4,12,2,0,8,4,9,1,1,0,1,18206,6.99,18510,225,75,22.5,1820.6
0,23,2,1,7,7,0,1,0,0,0,14687,6.39,16479,184,43,-2226,-2810,18.4,1468.7,23,4,0,7,7,9,2,0,0,1,18218,6.97,19877,219,64,21.9,1821.8
1,22,5,0,5,6,10,1,0,0,1,18191,7.02,18028,215,54,-135,-334,21.5,1819.1,16,3,1,6,5,8,0,0,0,1,16065,6.69,17484,217,58,21.7,1606.5
1,16,1,1,8,6,4,0,0,1,0,17801,6.93,17000,215,52,1695,925,21.5,1780.1,17,0,0,6,8,0,1,0,0,0,16788,6.09,14642,201,49,20.1,1678.8
0,24,0,1,0,13,1,0,0,0,0,14925,7.12,17231,215,31,-2741,-3672,21.5,1492.5,13,4,0,13,0,12,2,1,1,0,19502,7.5,18099,234,79,23.4,1950.2
1,17,1,0,9,7,6,0,0,0,0,15722,6.84,15121,219,61,-2142,-1141,21.9,1572.2,27,3,1,7,9,10,2,0,0,1,16224,7.28,19172,243,65,24.3,1622.4
1,30,1,0,8,10,14,1,1,0,1,16487,6.92,17960,233,60,1007,1027,23.3,1648.7,12,1,1,10,8,2,1,0,0,0,13200,6.49,16058,253,62,25.3,1320.0
1,21,0,0,3,9,10,1,1,1,1,16977,6.62,17403,257,77,932,-922,25.7,1697.7,20,4,1,9,3,7,1,0,0,1,16364,6.91,16692,210,47,21.0,1636.4
1,25,3,1,12,3,10,2,1,1,0,17532,6.56,19115,251,69,2818,2608,25.1,1753.2,19,2,0,3,12,5,0,0,0,0,15310,6.63,13742,200,55,20.0,1531.0
0,15,2,0,1,10,9,0,0,0,1,15432,6.63,15788,217,50,-3841,-1795,21.7,1543.2,27,6,1,10,1,9,2,1,0,1,16984,6.94,16809,274,54,27.4,1698.4
1,32,3,1,13,4,9,1,0,0,1,19791,7.2,19360,265,68,5300,4811,26.5,1979.1,10,3,0,4,13,4,0,0,0,0,12867,6.24,15245,205,50,20.5,1286.7
0,20,2,1,5,7,4,0,0,0,0,13695,5.89,15643,194,41,-3233,-3419,19.4,1369.5,22,2,0,7,5,14,1,1,0,1,20468,7.21,20962,248,60,24.8,2046.8
0,23,1,1,6,9,6,0,0,0,1,12841,5.97,14420,190,58,-5576,-2687,19.0,1284.1,24,4,0,9,6,11,1,1,1,1,19918,6.96,20919,288,59,28.8,1991.8
1,21,0,1,6,3,2,0,0,0,2,18476,7.33,19321,215,61,1018,291,21.5,1847.6,20,2,0,3,6,5,0,0,0,2,17635,7.82,16810,209,62,20.9,1763.5
0,17,2,0,4,8,5,0,0,1,0,13599,6.54,15698,175,49,-3481,-1786,17.5,1359.9,23,5,1,8,4,8,2,1,0,1,18225,7.28,19939,239,53,23.9,1822.5
1,23,3,1,1,4,7,0,0,0,0,16826,6.96,19466,192,61,-801,759,19.2,1682.6,26,4,0,4,1,9,1,0,0,0,16731,7.18,17840,221,57,22.1,1673.1
1,27,0,1,5,5,7,0,0,0,0,14983,6.96,17817,223,59,-913,-1017,22.3,1498.3,17,0,0,5,5,6,0,0,1,1,17418,7.59,17226,228,52,22.8,1741.8
0,25,4,0,4,6,3,1,1,0,1,16757,7.51,16795,241,52,-1460,1640,24.1,1675.7,16,2,1,6,4,6,1,1,1,1,17060,7.44,16875,221,61,22.1,1706.0
0,19,0,0,4,5,5,0,0,0,0,14920,6.45,18358,204,48,-3264,-1752,20.4,1492.0,28,4,1,5,4,6,0,2,1,1,18643,7.28,18397,206,76,20.6,1864.3
1,12,1,1,6,8,8,0,0,0,2,17209,6.96,20356,195,51,721,1585,19.5,1720.9,28,3,0,8,6,5,0,0,0,0,15908,6.57,15144,221,55,22.1,1590.8
1,23,2,0,7,9,4,1,0,0,0,15551,7.16,16536,195,56,38,-118,19.5,1555.1,30,1,1,9,7,11,1,0,0,0,16557,7.08,17595,205,63,20.5,1655.7
1,15,3,1,7,3,10,1,0,0,0,15544,7.18,19213,198,63,3418,751,19.8,1554.4,17,1,0,3,7,4,0,1,0,0,14963,6.41,17230,193,53,19.3,1496.3
0,20,3,0,7,10,9,1,0,1,0,16669,6.97,18238,252,27,106,935,25.2,1666.9,20,2,1,10,7,9,1,0,0,1,16415,7.4,19434,240,52,24.0,1641.5
0,17,2,1,4,9,2,0,0,0,2,15479,6.6,16416,205,42,-1935,-1632,20.5,1547.9,18,4,0,9,4,6,1,0,0,2,17680,7.03,18782,251,66,25.1,1768.0
0,10,0,0,1,12,4,0,0,0,1,12852,6.2,14857,208,60,-2766,-2183,20.8,1285.2,21,3,1,12,1,14,2,1,1,2,16691,6.5,19836,221,74,22.1,1669.1
0,22,2,0,4,3,9,1,0,0,0,16332,7.25,16731,238,46,867,-1293,23.8,1633.2,19,3,1,3,4,6,1,0,0,0,16629,7.74,19919,219,56,21.9,1662.9
0,28,1,0,4,8,7,0,0,0,0,15066,6.49,17819,194,57,-2867,-2003,19.4,1506.6,25,3,1,8,4,10,1,0,0,1,16012,7.15,19771,214,46,21.4,1601.2
0,16,2,0,6,10,3,1,0,0,0,15074,6.72,17576,200,40,-2777,-1796,20.0,1507.4,21,4,1,10,6,11,1,1,0,2,19730,7.33,19723,221,67,22.1,1973.0
1,25,2,0,6,4,10,1,0,0,0,17316,7.13,17624,226,70,2848,-100,22.6,1731.6,15,3,1,4,6,4,0,1,0,1,16504,6.15,17750,206,58,20.6,1650.4
0,28,0,0,2,10,2,0,1,0,0,13160,5.17,14894,218,44,-3132,-2754,21.8,1316.0,16,1,1,10,2,16,2,2,1,0,17118,7.85,19637,255,71,25.5,1711.8
1,27,2,1,10,3,11,1,1,0,1,19429,7.22,18586,240,66,3140,1560,24.0,1942.9,25,2,0,3,10,2,0,0,0,0,15127,6.29,18266,207,56,20.7,1512.7
0,17,0,1,6,6,4,0,1,0,1,17123,6.96,19719,229,68,-1422,-116,22.9,1712.3,20,4,0,6,6,6,1,0,1,2,17202,6.87,17894,218,48,21.8,1720.2
0,21,3,0,2,6,2,0,0,1,0,14106,6.08,17033,207,47,-1223,620,20.7,1410.6,21,0,1,6,2,3,1,0,1,0,16235,6.7,19622,218,52,21.8,1623.5
0,20,2,0,5,12,5,1,0,1,0,14509,6.18,16625,191,59,-325,-1762,19.1,1450.9,11,1,1,12,5,9,1,1,0,0,16896,6.76,18472,216,72,21.6,1689.6
1,29,0,1,4,2,10,1,0,0,0,18353,7.0,19984,240,58,1802,1517,24.0,1835.3,13,2,0,2,4,4,0,0,0,0,17499,6.78,17618,201,39,20.1,1749.9
1,26,3,0,3,6,8,0,1,1,1,18544,6.73,14969,227,67,-2233,60,22.7,1854.4,23,3,1,6,3,5,0,1,1,0,17971,6.96,19511,206,47,20.6,1797.1
0,5,2,0,2,9,3,1,1,1,1,15789,7.04,16662,201,38,-1555,-934,20.1,1578.9,14,2,1,9,2,9,1,0,1,1,16441,7.39,18581,254,76,25.4,1644.1
0,16,1,1,6,3,0,0,1,0,0,15240,7.48,15607,215,64,901,291,21.5,1524.0,16,3,0,3,6,9,1,0,0,0,16963,6.53,16354,203,42,20.3,1696.3
0,16,0,0,0,9,5,0,0,0,0,12130,6.26,17395,205,43,-4221,-1418,20.5,1213.0,23,4,1,9,0,7,0,1,1,1,20586,7.35,19970,247,63,24.7,2058.6
0,12,0,1,0,10,6,0,0,1,0,14307,6.18,13134,186,42,-3686,-1482,18.6,1430.7,15,2,0,10,0,8,2,0,0,0,19476,7.35,21027,263,49,26.3,1947.6
0,0,0,0,4,12,0,0,0,0,1,14728,6.6,13370,187,54,-2425,-625,18.7,1472.8,26,2,1,12,4,6,0,1,0,0,17310,7.55,20691,247,71,24.7,1731.0
1,17,1,0,7,6,6,0,0,1,2,17425,7.35,20231,189,44,617,866,18.9,1742.5,19,1,1,6,7,2,1,0,1,2,15353,6.96,15757,221,49,22.1,1535.3
1,20,5,1,8,8,4,1,1,0,0,15159,6.89,16691,234,53,-357,-1007,23.4,1515.9,18,2,0,8,8,12,1,1,0,1,18093,6.42,15303,211,50,21.1,1809.3
1,19,3,1,7,6,9,0,0,1,1,18242,7.53,17190,226,74,2538,1762,22.6,1824.2,18,1,0,6,7,6,0,0,0,1,16516,6.09,14568,216,42,21.6,1651.6
0,13,5,0,4,2,8,0,0,0,0,15103,7.05,14385,199,51,-185,-438,19.9,1510.3,20,3,1,2,4,3,1,0,0,1,20200,6.87,20961,195,78,19.5,2020.0
1,21,3,1,9,5,7,0,1,0,0,16176,7.25,18753,231,57,1189,1015,23.1,1617.6,26,3,0,5,9,6,1,0,0,1,18413,6.46,17074,226,67,22.6,1841.3
1,21,3,0,3,5,5,0,0,0,0,18246,6.85,17778,219,70,-375,381,21.9,1824.6,25,2,1,5,3,2,2,0,0,1,20160,7.26,18455,245,63,24.5,2016.0
0,16,0,1,2,11,5,0,0,0,0,16212,6.29,17033,189,46,-2255,-884,18.9,1621.2,35,1,0,11,2,5,1,0,0,2,15945,7.47,21437,251,57,25.1,1594.5
0,28,2,1,9,7,1,0,0,0,0,16882,7.06,17764,218,64,430,277,21.8,1688.2,19,2,0,7,9,6,0,0,1,1,15114,6.84,17135,217,57,21.7,1511.4
0,20,2,0,6,8,8,1,1,0,0,14789,6.67,20059,229,58,198,199,22.9,1478.9,31,0,1,8,6,8,0,1,0,2,16323,7.14,19368,232,50,23.2,1632.3
0,14,3,1,4,9,7,0,0,0,1,16206,7.35,16847,214,66,-1323,-1502,21.4,1620.6,17,3,0,9,4,9,0,2,1,1,17023,6.97,22178,205,54,20.5,1702.3
1,14,2,0,6,6,6,1,0,0,1,15739,7.3,17256,240,63,423,1341,24.0,1573.9,26,0,1,6,6,7,0,0,1,1,16294,5.91,15973,225,58,22.5,1629.4
0,19,2,1,8,8,5,1,0,1,0,17115,6.82,15819,231,57,218,-398,23.1,1711.5,21,1,0,8,8,8,0,0,1,0,17202,6.9,16449,256,52,25.6,1720.2
0,25,2,0,6,6,5,1,0,1,1,16774,6.83,15413,227,39,440,-578,22.7,1677.4,21,2,1,6,6,8,1,1,0,0,18961,6.25,17173,233,68,23.3,1896.1
1,15,1,1,5,10,4,1,0,0,0,14688,6.29,19755,183,53,59,1192,18.3,1468.8,22,3,0,10,5,9,2,1,0,1,15419,6.82,17927,225,80,22.5,1541.9
0,20,1,0,3,7,3,0,0,1,0,14636,6.41,13891,236,65,-863,-4079,23.6,1463.6,27,2,1,7,3,8,1,1,0,1,18129,7.03,18505,251,43,25.1,1812.9
1,21,1,0,3,8,2,1,0,1,1,17775,7.64,16097,224,73,-1069,-1194,22.4,1777.5,20,3,1,8,3,4,0,0,0,0,14387,6.73,18643,219,60,21.9,1438.7
0,28,3,1,5,7,5,0,0,0,0,13486,6.84,16450,224,46,-1778,-2129,22.4,1348.6,11,4,0,7,5,9,1,0,0,1,18599,6.85,19327,170,48,17.0,1859.9
0,20,1,1,2,10,3,0,0,0,0,15478,6.61,18239,239,51,-1646,-1193,23.9,1547.8,21,2,0,10,2,12,2,1,0,2,18874,7.6,17095,228,63,22.8,1887.4
0,16,2,0,3,3,6,0,1,0,1,18167,6.99,15829,223,39,-1059,-737,22.3,1816.7,20,1,1,3,3,5,1,0,0,2,17922,6.91,17929,189,53,18.9,1792.2
1,25,2,0,4,5,6,1,0,1,0,16221,6.99,18223,191,67,460,1197,19.1,1622.1,19,2,1,5,4,5,0,0,0,2,14646,6.17,14798,202,44,20.2,1464.6
0,24,4,1,3,5,7,0,0,0,0,14670,6.93,18266,183,46,1260,231,18.3,1467.0,24,0,0,5,3,8,0,0,0,0,17184,6.25,18277,232,46,23.2,1718.4
1,17,0,0,0,7,8,0,0,0,0,18997,6.76,17123,181,51,-174,-420,18.1,1899.7,21,1,1,7,0,10,0,0,0,0,15240,6.45,19111,238,60,23.8,1524.0
0,13,2,0,2,3,5,0,1,0,0,12911,7.37,18501,189,60,-792,-1351,18.9,1291.1,18,2,1,3,2,10,1,0,0,0,16578,6.66,15491,247,47,24.7,1657.8
0,24,0,0,6,5,3,1,1,0,1,17296,6.28,19021,250,56,1179,1244,25.0,1729.6,24,1,1,5,6,4,0,0,0,0,14467,6.0,14074,231,45,23.1,1446.7
0,16,1,0,3,12,1,0,0,0,0,14573,6.05,17501,204,42,-3466,-3786,20.4,1457.3,27,3,1,12,3,14,1,1,1,2,21087,7.05,20574,269,73,26.9,2108.7
1,14,2,1,8,0,8,1,0,0,0,19231,6.3,19309,235,72,2334,1624,23.5,1923.1,19,2,0,0,8,7,0,0,0,0,15066,7.4,14765,172,48,17.2,1506.6
0,18,0,0,2,8,2,0,0,0,0,14236,6.27,15597,193,56,-4033,-2147,19.3,1423.6,23,0,1,8,2,8,1,1,1,1,19247,7.1,19407,265,75,26.5,1924.7
0,14,2,0,6,9,1,0,0,0,0,16319,6.51,14015,235,42,-2532,-2426,23.5,1631.9,21,2,1,9,6,7,2,1,0,2,17320,6.79,19014,242,56,24.2,1732.0
0,11,2,1,0,8,5,0,1,0,1,15502,6.98,17331,211,41,-665,-362,21.1,1550.2,18,2,0,8,0,12,0,0,0,0,16476,7.61,17990,244,64,24.4,1647.6
1,23,3,1,12,1,12,1,1,1,2,18972,7.03,19224,217,66,3575,3996,21.7,1897.2,10,0,0,1,12,5,0,0,0,0,15605,6.08,15013,179,29,17.9,1560.5
1,30,3,0,10,2,9,1,1,0,1,19011,7.01,19446,232,59,2110,2184,23.2,1901.1,20,3,1,2,10,1,0,1,0,1,14188,6.62,14309,197,66,19.7,1418.8
1,27,3,1,9,5,11,0,1,0,1,17976,7.31,18840,243,44,-187,2029,24.3,1797.6,22,5,0,5,9,4,0,1,0,1,16768,6.55,14770,180,55,18.0,1676.8
1,25,4,0,3,4,5,1,1,1,0,17544,7.16,18716,235,67,1083,1304,23.5,1754.4,17,2,1,4,3,3,0,0,0,1,16060,6.8,15836,232,56,23.2,1606.0
0,18,1,0,1,10,0,0,0,0,0,12744,6.33,15310,154,30,-3939,-2377,15.4,1274.4,19,1,1,10,1,6,2,1,0,1,19071,7.3,19103,256,71,25.6,1907.1
1,23,4,1,4,3,6,1,0,1,1,16826,6.11,16348,217,57,330,556,21.7,1682.6,17,4,0,3,4,4,1,0,0,1,15290,6.89,16904,233,48,23.3,1529.0
0,19,2,1,2,6,0,0,0,0,0,14462,6.75,15409,245,53,-864,138,24.5,1446.2,23,3,0,6,2,8,1,1,0,0,16614,6.58,19076,224,45,22.4,1661.4
0,13,4,0,9,8,4,0,0,1,1,15161,6.77,14905,195,39,-1078,-1566,19.5,1516.1,27,2,1,8,9,11,2,1,0,1,17014,6.72,16794,237,71,23.7,1701.4
0,16,2,0,5,8,5,0,0,0,0,17428,6.98,18441,204,56,189,389,20.4,1742.8,13,0,1,8,5,0,0,1,0,1,16868,6.66,17362,243,55,24.3,1686.8
0,16,1,0,7,7,7,0,0,0,1,16485,6.2,16652,215,61,-784,-345,21.5,1648.5,24,0,1,7,7,6,1,0,0,1,17484,6.96,16951,217,58,21.7,1748.4
1,29,1,1,9,9,3,1,1,0,1,20063,6.71,19022,259,62,603,596,25.9,2006.3,26,2,0,9,9,5,0,0,0,1,15175,6.79,16973,253,34,25.3,1517.5
0,22,1,0,0,15,4,0,1,1,1,13170,6.72,13504,171,36,-4186,-2361,17.1,1317.0,27,2,1,15,0,10,0,1,1,1,19306,7.35,18676,248,80,24.8,1930.6
1,15,1,0,5,6,7,1,0,0,0,17871,7.46,16760,228,65,580,-132,22.8,1787.1,16,1,1,6,5,8,1,1,0,0,16642,7.24,19264,191,64,19.1,1664.2
0,19,4,1,4,7,8,1,0,0,0,17692,6.97,18013,202,48,-2045,-2261,20.2,1769.2,16,3,0,7,4,10,1,0,0,1,19074,7.25,17038,216,54,21.6,1907.4
1,17,0,0,6,12,5,0,0,0,2,18698,6.62,16535,182,60,-1219,-1727,18.2,1869.8,20,3,1,12,6,4,1,1,0,1,16856,6.92,19505,219,54,21.9,1685.6
0,20,1,0,7,7,7,0,0,0,1,18189,6.86,19999,221,61,1995,-883,22.1,1818.9,27,3,1,7,7,9,1,0,0,1,14841,6.61,19191,215,43,21.5,1484.1
0,15,2,0,7,9,5,0,0,0,1,13261,6.27,16910,198,51,-1620,-2323,19.8,1326.1,26,4,1,9,7,12,1,0,0,1,19419,6.88,19813,217,55,21.7,1941.9
0,27,4,0,8,4,1,0,1,0,0,15542,7.1,17105,224,53,380,-1434,22.4,1554.2,19,2,1,4,8,6,0,1,0,0,17978,7.51,16175,203,62,20.3,1797.8
1,19,3,0,7,6,8,1,1,0,0,15164,7.27,18748,205,50,-154,-602,20.5,1516.4,27,3,1,6,7,5,0,0,1,0,16785,7.5,17914,245,56,24.5,1678.5
0,20,3,0,7,5,4,0,1,0,1,15738,7.0,17007,208,48,-837,-1660,20.8,1573.8,19,3,1,5,7,2,2,1,0,1,17752,7.1,18331,216,53,21.6,1775.2
1,20,2,1,8,10,2,0,0,0,0,18142,7.0,15462,199,46,8,-1838,19.9,1814.2,19,1,0,10,8,8,0,0,0,0,16682,6.93,18175,215,57,21.5,1668.2
1,15,2,0,4,7,6,1,1,0,3,16115,6.6,17361,245,75,733,875,24.5,1611.5,19,2,1,7,4,4,1,0,0,0,16544,6.82,18852,242,54,24.2,1654.4
0,19,5,1,1,7,7,0,0,0,0,14515,6.6,16589,186,52,-90,-1790,18.6,1451.5,16,3,0,7,1,6,1,0,0,0,19641,6.92,18317,228,45,22.8,1964.1
0,25,5,0,5,5,5,0,1,0,1,17986,6.73,16547,220,48,-301,1812,22.0,1798.6,16,3,1,5,5,5,0,1,0,0,17099,6.49,18191,208,54,20.8,1709.9
1,27,3,1,2,4,6,0,2,0,1,15535,7.11,16468,206,59,-182,-1802,20.6,1553.5,13,4,0,4,2,5,0,0,0,0,15214,6.71,17465,193,51,19.3,1521.4
1,13,3,0,2,7,0,0,0,1,1,16868,6.76,14276,205,65,-688,240,20.5,1686.8,17,2,1,7,2,5,2,1,1,1,16309,7.44,20558,229,46,22.9,1630.9
1,16,4,0,10,3,7,1,0,1,2,18292,7.64,19728,235,58,5172,2496,23.5,1829.2,33,1,1,3,10,0,0,0,0,0,15362,5.92,16187,206,52,20.6,1536.2
1,21,0,0,6,0,9,0,0,0,2,18177,7.14,17437,210,64,1631,1433,21.0,1817.7,23,1,1,0,6,7,1,0,0,1,16114,6.91,17580,225,43,22.5,1611.4
0,25,2,1,7,5,8,1,0,0,0,16289,6.5,16319,175,54,31,-1674,17.5,1628.9,19,4,0,5,7,6,1,1,1,0,15886,6.5,16634,192,51,19.2,1588.6
1,22,4,0,7,4,7,1,0,0,0,16353,6.41,18662,250,36,-83,93,25.0,1635.3,18,2,1,4,7,5,0,0,0,1,16046,7.31,17517,216,61,21.6,1604.6
0,21,3,0,5,11,5,0,0,0,1,13351,7.33,19960,197,36,-2753,-126,19.7,1335.1,18,1,1,11,5,12,1,1,0,1,16814,7.28,18388,239,64,23.9,1681.4
0,12,2,1,2,6,4,1,0,0,2,15949,6.64,16388,233,46,32,803,23.3,1594.9,27,1,0,6,2,4,1,0,1,0,17295,7.32,18523,218,44,21.8,1729.5
0,16,4,1,3,3,5,0,0,0,0,14521,6.86,17575,197,47,614,202,19.7,1452.1,17,3,0,3,3,5,1,0,0,1,14821,6.85,18040,240,58,24.0,1482.1
0,7,2,1,0,6,1,1,0,0,1,15201,7.2,17252,221,38,-1807,-2378,22.1,1520.1,23,2,0,6,0,9,3,0,0,0,17740,6.58,18563,267,58,26.7,1774.0
1,20,3,1,8,9,6,0,1,0,0,18172,7.17,18554,212,55,-321,28,21.2,1817.2,18,1,0,9,8,7,0,0,0,0,15846,6.21,16969,195,50,19.5,1584.6
1,8,2,0,9,6,5,0,1,0,0,16477,6.41,16909,212,61,-462,-470,21.2,1647.7,22,1,1,6,9,6,1,1,0,1,18275,6.42,14662,222,69,22.2,1827.5
0,26,3,1,6,4,1,0,0,0,0,15949,6.83,17586,189,45,17,-1431,18.9,1594.9,14,1,0,4,6,7,1,1,0,1,17031,6.96,20568,188,71,18.8,1703.1
0,27,3,1,5,4,11,1,0,0,0,15637,7.27,17179,184,63,-2016,-1774,18.4,1563.7,23,4,0,4,5,1,0,0,0,0,16318,7.31,18766,205,73,20.5,1631.8
1,27,5,1,11,0,10,2,1,1,1,21513,7.76,20665,239,84,6297,4573,23.9,2151.3,8,0,0,0,11,0,0,0,0,0,10504,6.13,10379,119,26,11.9,1050.4
0,11,4,0,4,8,5,1,0,0,1,14843,7.91,17613,232,49,-1038,-1464,23.2,1484.3,21,3,1,8,4,9,0,1,0,2,17829,6.45,18942,235,71,23.5,1782.9
0,18,0,0,4,12,0,0,0,0,0,13831,5.68,14970,216,42,-2395,-2315,21.6,1383.1,31,4,1,12,4,9,0,1,1,2,20998,7.12,19304,255,47,25.5,2099.8
0,26,2,1,3,16,0,0,0,0,1,12600,6.36,15383,207,54,-4367,-1771,20.7,1260.0,27,0,0,16,3,9,0,0,1,1,19492,7.59,20003,228,82,22.8,1949.2
0,24,4,1,9,2,12,1,1,0,0,16685,6.61,18157,261,51,787,49,26.1,1668.5,19,2,0,2,9,5,0,1,1,2,15591,6.68,15947,225,43,22.5,1559.1
1,29,2,0,12,2,9,1,1,1,1,18673,7.49,20032,233,48,2748,1325,23.3,1867.3,8,1,1,2,12,5,0,0,0,0,15003,6.7,17477,205,76,20.5,1500.3
0,16,0,1,7,8,0,0,0,0,0,13938,6.28,16443,198,33,771,-1469,19.8,1393.8,30,3,0,8,7,5,0,0,0,2,16593,7.21,16655,213,49,21.3,1659.3
1,18,1,1,9,2,6,1,0,1,1,18530,6.95,20999,226,63,3413,938,22.6,1853.0,23,2,0,2,9,3,0,1,0,0,16507,6.43,16555,174,35,17.4,1650.7
1,21,1,0,8,0,13,1,0,1,0,18317,6.87,17424,239,50,323,348,23.9,1831.7,17,3,1,0,8,2,0,0,0,0,14238,6.34,17803,235,55,23.5,1423.8
0,10,1,0,5,8,7,2,0,0,0,15393,6.92,17552,211,26,-1292,-1029,21.1,1539.3,24,2,1,8,5,7,0,0,0,1,15945,6.9,16497,226,75,22.6,1594.5
1,31,1,0,7,5,0,1,0,0,0,16543,6.77,19999,244,69,-33,-879,24.4,1654.3,28,2,1,5,7,3,1,0,0,1,17531,6.87,19267,215,54,21.5,1753.1
0,21,4,0,5,3,5,1,0,0,0,15128,7.29,17592,211,78,-181,531,21.1,1512.8,22,3,1,3,5,7,0,0,0,0,16303,6.46,16997,211,53,21.1,1630.3
1,26,2,1,9,2,7,0,0,0,1,18270,6.75,16978,250,55,97,-921,25.0,1827.0,21,4,0,2,9,3,0,0,0,0,16670,6.22,17331,185,40,18.5,1667.0
1,18,4,0,9,9,8,1,0,0,1,16504,7.14,18960,234,84,576,765,23.4,1650.4,21,1,1,9,9,5,2,0,0,0,14556,7.62,14085,213,65,21.3,1455.6
0,11,0,0,1,10,5,1,0,1,0,14392,6.66,15198,225,52,-753,-531,22.5,1439.2,20,3,1,10,1,7,1,1,0,1,14539,7.23,17120,218,64,21.8,1453.9
0,27,1,0,2,4,1,1,0,0,0,15821,6.18,19397,196,64,-650,864,19.6,1582.1,17,4,1,4,2,9,0,0,1,2,16953,7.03,18025,250,53,25.0,1695.3
1,18,3,1,10,0,8,1,0,0,1,17845,7.78,19794,196,72,3581,3719,19.6,1784.5,17,0,0,0,10,3,0,0,0,1,11305,5.78,14162,201,50,20.1,1130.5
1,22,3,0,8,7,4,0,1,0,1,17771,6.7,17592,225,56,414,-933,22.5,1777.1,19,3,1,7,8,4,1,0,1,0,17381,6.48,16855,221,70,22.1,1738.1
0,24,4,1,9,9,10,0,0,0,0,17869,7.17,18390,218,50,1586,796,21.8,1786.9,27,0,0,9,9,5,0,0,0,2,15695,6.46,16627,220,46,22.0,1569.5
0,21,1,0,5,10,6,1,0,0,1,18501,6.71,17640,233,60,821,101,23.3,1850.1,18,4,1,10,5,2,0,0,0,0,15173,6.37,14188,194,51,19.4,1517.3
1,17,4,0,9,2,5,0,0,0,0,14712,7.95,17622,232,42,-545,1055,23.2,1471.2,30,0,1,2,9,2,0,1,0,0,17150,6.51,17380,260,72,26.0,1715.0
0,19,0,0,10,9,6,1,1,0,0,17724,7.49,17251,209,37,604,678,20.9,1772.4,15,3,1,9,10,9,0,1,0,1,17300,6.55,18180,226,66,22.6,1730.0
0,17,4,1,6,4,6,1,0,0,1,15791,6.95,18553,214,50,781,552,21.4,1579.1,28,4,0,4,6,3,0,0,0,0,15951,6.74,16079,203,47,20.3,1595.1
1,25,0,1,6,0,11,2,1,1,1,17439,7.18,18973,229,64,978,498,22.9,1743.9,24,0,0,0,6,4,0,0,0,0,16482,6.69,15529,214,40,21.4,1648.2
1,23,3,0,7,4,9,0,1,1,0,19742,7.07,17522,182,56,373,287,18.2,1974.2,10,3,1,4,7,6,0,0,0,0,15871,7.22,18940,218,54,21.8,1587.1
0,19,3,0,4,6,8,0,1,0,0,13615,6.23,20532,203,42,-2295,-1264,20.3,1361.5,18,5,1,6,4,11,1,1,0,1,17678,7.14,19123,225,67,22.5,1767.8
1,18,4,1,9,6,4,0,1,0,0,17038,7.22,18209,222,63,881,-244,22.2,1703.8,16,0,0,6,9,9,1,1,0,1,12670,6.78,18155,213,55,21.3,1267.0
0,30,0,0,6,3,7,0,0,0,1,15137,6.9,18588,228,61,-840,-106,22.8,1513.7,15,2,1,3,6,6,1,0,0,0,14320,6.76,19717,219,49,21.9,1432.0
0,13,1,0,5,9,7,0,0,0,0,15359,7.2,16124,197,43,-1179,-376,19.7,1535.9,25,1,1,9,5,5,0,1,0,2,18702,6.29,18123,258,50,25.8,1870.2
1,18,4,0,11,1,9,2,1,1,2,19047,7.52,20790,250,65,4472,5248,25.0,1904.7,16,0,1,1,11,0,1,1,0,0,11494,6.53,11056,189,50,18.9,1149.4
0,17,2,0,0,12,0,0,0,0,1,11151,6.11,14970,216,46,-701,-741,21.6,1115.1,25,1,1,12,0,7,0,1,1,1,18604,7.66,18881,214,61,21.4,1860.4
1,21,3,0,11,2,5,0,0,1,0,18457,6.87,21227,238,60,1975,159,23.8,1845.7,4,3,1,2,11,4,0,0,0,0,15084,6.17,16662,202,53,20.2,1508.4
0,24,0,0,5,9,1,0,0,0,0,15312,6.26,16892,225,38,-104,-689,22.5,1531.2,17,3,1,9,5,5,0,0,0,1,19269,7.29,19126,228,65,22.8,1926.9
0,23,4,1,6,3,9,1,1,0,1,15550,6.98,16996,201,58,-498,1412,20.1,1555.0,19,2,0,3,6,8,0,0,0,0,18036,6.88,17034,236,45,23.6,1803.6
1,25,5,1,12,2,14,1,1,0,1,21594,7.79,18773,240,69,5225,2347,24.0,2159.4,28,1,0,2,12,2,0,0,0,0,11250,6.53,12368,169,31,16.9,1125.0
0,21,2,1,4,8,3,0,0,0,0,15794,6.16,17094,213,49,-2308,-2049,21.3,1579.4,21,2,0,8,4,5,1,0,0,0,16343,6.95,18963,244,49,24.4,1634.3
0,21,2,0,1,7,4,0,0,0,1,15491,6.85,17211,192,32,-1194,-2737,19.2,1549.1,21,4,1,7,1,7,1,0,0,2,18213,7.44,18966,244,59,24.4,1821.3
1,30,3,1,3,6,4,1,0,0,1,17116,7.15,19037,212,62,-986,351,21.2,1711.6,21,4,0,6,3,6,0,1,0,0,15612,6.65,15417,258,52,25.8,1561.2
0,20,4,1,4,4,10,0,0,1,0,15963,6.85,16043,229,52,-1260,-1310,22.9,1596.3,30,4,0,4,4,6,0,2,1,2,18703,7.36,20086,220,53,22.0,1870.3
1,18,3,1,7,7,7,1,0,1,0,17688,6.65,19114,233,71,2083,2469,23.3,1768.8,23,4,0,7,7,6,0,0,1,0,17107,6.09,16301,236,37,23.6,1710.7
0,20,1,0,5,7,4,1,0,0,1,16285,7.36,17842,225,58,-556,-710,22.5,1628.5,26,1,1,7,5,11,1,0,0,1,15668,7.12,19705,226,62,22.6,1566.8
1,8,3,1,11,7,7,0,1,1,0,17702,7.19,17139,259,71,1318,866,25.9,1770.2,21,2,0,7,11,5,0,0,0,1,16533,6.35,16417,214,37,21.4,1653.3
0,17,1,0,2,11,0,0,0,0,0,14185,6.01,17346,195,47,-2820,-832,19.5,1418.5,19,2,1,11,2,10,0,1,0,1,17797,7.33,21215,235,62,23.5,1779.7
0,22,1,0,0,8,3,0,0,0,0,13114,6.25,13049,228,30,-5136,-1743,22.8,1311.4,32,4,1,8,0,8,1,1,0,2,20139,7.6,20928,266,81,26.6,2013.9
0,23,0,0,6,6,9,0,1,0,0,15354,6.63,17912,210,63,-2019,439,21.0,1535.4,9,5,1,6,6,11,1,0,0,0,15936,6.75,15705,259,43,25.9,1593.6
0,18,2,0,0,6,2,0,0,1,0,13209,6.42,14883,172,42,-3566,-2306,17.2,1320.9,27,2,1,6,0,9,1,0,0,1,19425,7.13,17874,253,60,25.3,1942.5
1,26,5,0,10,5,11,0,1,1,2,18432,7.79,19145,242,69,2977,1846,24.2,1843.2,8,1,1,5,10,9,1,0,0,0,13928,6.06,14574,167,57,16.7,1392.8
0,22,3,0,1,10,0,0,0,0,0,14970,6.6,16543,192,38,-3653,-821,19.2,1497.0,32,2,1,10,1,8,1,0,0,1,18501,7.52,18221,218,61,21.8,1850.1
0,25,3,0,4,9,2,0,0,0,0,16131,6.59,17907,178,53,-3126,-1933,17.8,1613.1,21,0,1,9,4,9,1,0,0,3,16990,6.46,18852,241,58,24.1,1699.0
1,23,2,1,7,4,7,0,1,0,0,17329,7.55,18452,211,44,1628,1286,21.1,1732.9,15,3,0,4,7,4,1,0,0,0,15899,6.97,20000,216,53,21.6,1589.9
0,17,2,1,4,5,0,1,0,0,1,16995,6.92,16451,197,62,-1927,-2322,19.7,1699.5,24,2,0,5,4,6,0,0,1,1,16302,7.27,19766,216,65,21.6,1630.2
0,5,3,0,4,12,4,1,0,0,0,12990,7.26,14670,213,47,-3209,-2237,21.3,1299.0,16,4,1,12,4,11,1,1,0,0,17262,6.82,19928,228,70,22.8,1726.2
1,29,4,0,12,6,9,1,1,1,2,20623,7.45,18345,278,74,3936,3145,27.8,2062.3,17,0,1,6,12,2,0,0,0,0,13696,6.34,13357,178,26,17.8,1369.6
0,21,4,1,8,11,5,0,0,0,0,16273,7.21,15434,214,40,-2585,-2400,21.4,1627.3,24,3,0,11,8,11,0,0,1,2,17635,6.96,18135,244,58,24.4,1763.5
0,20,1,0,7,6,5,0,1,0,2,14532,6.12,18029,225,53,-772,-51,22.5,1453.2,20,3,1,6,7,8,1,0,0,1,15880,6.41,16829,226,61,22.6,1588.0
0,16,1,0,5,7,5,1,0,1,0,14800,7.11,17826,201,59,-362,58,20.1,1480.0,23,0,1,7,5,6,1,0,0,1,13897,7.12,17000,253,49,25.3,1389.7
1,26,2,1,6,7,1,1,0,0,1,16686,7.02,18217,215,64,1487,1380,21.5,1668.6,21,0,0,7,6,7,0,1,1,0,15156,7.3,16775,208,51,20.8,1515.6
1,20,1,0,8,5,4,1,1,0,0,17722,7.11,17800,234,61,1873,-85,23.4,1772.2,20,1,1,5,8,4,0,0,0,0,13909,6.89,17625,185,28,18.5,1390.9
0,18,0,0,7,12,6,0,1,0,0,12613,6.84,17910,219,44,-2888,-973,21.9,1261.3,29,3,1,12,7,8,2,0,0,1,17771,7.21,19876,255,53,25.5,1777.1
0,19,3,0,7,9,2,1,0,0,0,16353,7.05,17992,238,52,-2596,521,23.8,1635.3,16,3,1,9,7,5,1,1,0,0,18628,6.25,19527,218,63,21.8,1862.8
0,22,2,0,4,13,3,2,0,0,0,16852,7.42,17723,209,51,-286,-1923,20.9,1685.2,19,4,1,13,4,10,2,0,0,1,14968,6.89,19075,216,53,21.6,1496.8
1,16,3,0,9,5,6,0,0,0,0,19750,7.29,16871,216,44,2375,1686,21.6,1975.0,22,0,1,5,9,6,0,0,0,0,14585,6.6,17165,195,55,19.5,1458.5
0,20,2,0,4,3,3,0,0,0,0,16637,6.61,15667,252,41,-2336,-1606,25.2,1663.7,17,4,1,3,4,9,1,1,1,1,17663,7.26,20906,227,50,22.7,1766.3
1,20,1,0,13,2,12,1,1,0,1,18818,7.58,22040,261,64,3418,2433,26.1,1881.8,3,1,1,2,13,1,0,0,1,0,15321,6.29,16990,195,23,19.5,1532.1
0,15,1,0,5,7,5,2,0,1,1,14691,6.4,17094,226,45,-1869,-1868,22.6,1469.1,23,3,1,7,5,10,2,0,1,0,17425,7.34,17713,219,77,21.9,1742.5
0,24,2,1,7,6,4,1,1,0,1,17841,7.57,15025,195,54,620,2289,19.5,1784.1,26,5,0,6,7,4,0,1,0,1,17114,7.49,16654,167,50,16.7,1711.4
0,13,1,0,1,12,0,0,0,0,0,16392,6.38,16181,210,51,-2486,-1650,21.0,1639.2,25,0,1,12,1,8,0,1,1,1,19638,6.89,19676,248,64,24.8,1963.8
0,22,0,0,5,8,11,0,0,1,0,15325,6.86,16897,228,47,-2737,-1197,22.8,1532.5,22,4,1,8,5,8,0,1,1,1,18127,6.71,20665,241,47,24.1,1812.7
0,19,0,0,1,6,4,1,0,0,0,13811,7.12,15908,224,46,-1632,-1207,22.4,1381.1,19,2,1,6,1,6,0,1,0,0,17900,8.02,21487,251,58,25.1,1790.0
0,10,1,0,4,7,6,0,0,0,0,15095,6.87,16727,226,58,-2779,-1248,22.6,1509.5,19,6,1,7,4,9,1,1,0,1,18440,6.94,18371,211,56,21.1,1844.0
0,26,3,0,4,12,0,1,0,1,1,15244,6.58,20024,209,41,-565,248,20.9,1524.4,27,4,1,12,4,7,1,0,0,2,18252,6.45,17351,202,56,20.2,1825.2
0,20,2,0,3,7,3,0,1,0,0,13652,6.41,14261,188,41,-3622,-318,18.8,1365.2,34,6,1,7,3,11,0,0,0,2,19025,7.23,18342,245,56,24.5,1902.5
1,23,4,1,9,5,6,0,0,0,1,17812,7.48,16757,217,49,1795,2014,21.7,1781.2,22,0,0,5,9,5,0,0,0,0,15000,7.02,17229,223,63,22.3,1500.0
0,23,1,1,4,12,3,0,0,0,1,14323,6.85,15587,218,55,-1101,-3049,21.8,1432.3,19,0,0,12,4,7,1,1,0,1,16877,7.1,18790,258,58,25.8,1687.7
0,26,2,0,0,9,6,0,0,0,0,17982,6.52,14561,200,54,-1171,-641,20.0,1798.2,24,0,1,9,0,8,1,1,1,1,15174,7.2,18848,234,66,23.4,1517.4
1,20,3,1,5,2,5,0,0,1,1,14694,6.52,17543,232,57,-1507,-1513,23.2,1469.4,21,3,0,2,5,7,0,1,0,1,15722,6.85,17030,244,46,24.4,1572.2
1,25,2,1,7,3,7,1,0,0,1,15026,6.92,19226,234,78,2566,639,23.4,1502.6,17,5,0,3,7,4,0,0,0,0,14637,6.65,16629,223,47,22.3,1463.7
1,22,1,0,9,4,6,0,0,0,1,17030,7.02,17717,220,49,383,1535,22.0,1703.0,17,1,1,4,9,9,2,0,0,0,16071,6.52,18032,212,60,21.2,1607.1
1,18,0,0,3,2,6,0,0,0,0,18191,7.72,17195,217,55,605,-64,21.7,1819.1,15,1,1,2,3,4,0,0,0,0,14708,7.3,18686,258,66,25.8,1470.8
0,9,0,0,7,8,0,0,0,1,0,14686,6.12,15754,169,52,-2524,-3437,16.9,1468.6,21,3,1,8,7,12,2,2,0,1,19505,7.15,19118,211,66,21.1,1950.5
0,19,3,0,5,3,6,1,0,0,1,14262,5.8,16079,182,45,-1740,-1475,18.2,1426.2,16,2,1,3,5,5,1,0,1,0,18249,7.47,18184,208,62,20.8,1824.9
0,24,3,0,3,10,2,0,0,0,0,13425,6.59,14806,228,53,-2689,-1173,22.8,1342.5,27,2,1,10,3,11,1,0,1,1,19290,7.56,19285,252,54,25.2,1929.0
1,26,1,1,8,3,8,1,0,0,0,16595,7.01,19369,231,71,1093,3004,23.1,1659.5,23,3,0,3,8,0,0,1,0,1,13524,7.18,13114,201,59,20.1,1352.4
0,16,0,1,6,3,11,1,0,0,1,16529,6.91,19766,217,66,501,-89,21.7,1652.9,17,3,0,3,6,6,1,0,1,1,16821,6.39,19897,192,57,19.2,1682.1
0,24,3,1,5,4,12,1,0,0,0,14060,6.29,16974,184,66,-1337,-2167,18.4,1406.0,27,5,0,4,5,9,0,0,0,1,19303,6.81,18041,248,46,24.8,1930.3
1,17,2,0,3,10,6,1,0,0,1,15926,7.21,15633,223,68,-1303,1556,22.3,1592.6,26,1,1,10,3,6,0,0,0,0,17700,7.13,22418,234,29,23.4,1770.0
0,8,0,0,4,7,0,0,0,0,0,15159,6.53,16473,170,55,-2300,-3147,17.0,1515.9,29,4,1,7,4,9,0,0,0,1,16313,6.75,19707,254,65,25.4,1631.3
1,23,0,1,2,10,4,0,0,0,1,15344,6.85,13830,218,43,-1852,-93,21.8,1534.4,23,3,0,10,2,7,2,1,0,1,17186,6.62,18460,236,65,23.6,1718.6
0,16,1,1,9,5,11,0,0,0,0,16069,7.56,15187,181,90,289,321,18.1,1606.9,20,1,0,5,9,7,1,0,0,0,15446,6.76,17884,195,42,19.5,1544.6
1,28,1,0,6,10,5,1,0,0,0,15869,6.75,16911,216,42,-513,-1186,21.6,1586.9,11,3,1,10,6,6,1,0,0,0,16572,7.12,16620,241,57,24.1,1657.2
1,30,1,1,10,3,12,1,1,1,1,20565,7.13,21083,262,67,4967,2834,26.2,2056.5,19,1,0,3,10,1,0,0,0,0,14901,6.29,15501,212,59,21.2,1490.1
1,21,4,0,8,3,11,1,0,0,0,16103,7.17,20101,228,71,3765,1731,22.8,1610.3,12,3,1,3,8,5,0,1,0,0,14568,6.91,16070,179,38,17.9,1456.8
1,25,1,1,7,1,7,1,1,1,0,17311,7.19,15362,234,66,1953,1533,23.4,1731.1,12,2,0,1,7,3,1,0,0,0,13508,6.32,17577,200,28,20.0,1350.8
1,33,2,1,8,7,12,0,0,0,1,17057,7.25,21720,251,61,1222,740,25.1,1705.7,24,2,0,7,8,1,0,1,0,0,16640,7.08,18399,188,44,18.8,1664.0
0,24,5,0,2,6,6,1,0,0,0,15360,6.8,16555,184,57,-2797,-628,18.4,1536.0,26,3,1,6,2,2,1,0,0,1,17202,6.55,15650,205,57,20.5,1720.2
1,22,2,1,9,3,7,1,0,0,1,19140,7.08,18386,221,67,987,641,22.1,1914.0,24,0,0,3,9,6,0,1,0,1,17651,6.53,18365,233,61,23.3,1765.1
0,34,2,1,6,6,5,0,0,0,1,14034,6.65,16744,201,42,-1461,588,20.1,1403.4,27,1,0,6,6,10,0,0,0,1,17775,6.78,18023,212,51,21.2,1777.5
1,24,3,0,9,2,6,2,1,1,1,15272,7.38,20510,235,73,2985,2328,23.5,1527.2,20,0,1,2,9,5,0,0,0,0,14691,6.58,15965,206,53,20.6,1469.1
1,24,3,1,8,7,5,1,1,0,1,18460,7.12,16769,222,59,-927,549,22.2,1846.0,10,0,0,7,8,3,1,0,0,0,17102,7.44,15932,217,49,21.7,1710.2
1,16,3,0,7,1,4,1,0,1,1,15084,7.16,15808,242,64,-67,-908,24.2,1508.4,12,1,1,1,7,4,0,0,1,0,15709,6.75,18026,211,62,21.1,1570.9
0,12,1,1,4,11,12,0,1,0,1,15721,6.35,20616,192,56,-1312,2366,19.2,1572.1,24,2,0,11,4,5,0,1,0,1,17997,7.13,15875,242,47,24.2,1799.7
1,22,2,1,13,3,12,1,1,1,2,19309,6.92,20018,249,55,2658,2319,24.9,1930.9,15,0,0,3,13,3,0,0,0,0,12975,5.99,15487,188,45,18.8,1297.5
0,17,0,1,0,9,1,1,0,0,0,16001,6.05,14648,235,53,-782,-1606,23.5,1600.1,26,4,0,9,0,13,1,1,1,2,20132,7.62,20021,257,57,25.7,2013.2
1,25,2,0,12,3,14,0,1,0,1,18211,7.69,20085,230,53,2209,1904,23.0,1821.1,17,1,1,3,12,3,0,0,0,0,13820,6.54,14604,208,47,20.8,1382.0
0,13,5,1,5,3,9,0,0,0,1,15480,6.45,19729,222,59,-1512,-1446,22.2,1548.0,16,4,0,3,5,4,1,0,0,0,17343,7.9,20728,228,45,22.8,1734.3
0,20,2,0,5,9,2,0,0,0,0,13050,6.4,17325,184,72,-2841,-3489,18.4,1305.0,16,3,1,9,5,11,1,0,0,2,16266,6.87,19668,218,68,21.8,1626.6
1,14,2,1,8,9,6,0,1,0,0,15475,6.71,17744,246,44,-2386,-1696,24.6,1547.5,16,3,0,9,8,11,0,1,1,1,16515,7.27,17903,234,44,23.4,1651.5
0,20,3,0,1,9,1,0,0,0,0,15993,5.98,14000,161,36,-2165,-2001,16.1,1599.3,27,0,1,9,1,8,0,1,1,1,19601,6.76,16726,234,59,23.4,1960.1
1,26,3,0,7,6,10,0,0,0,1,16646,6.89,17427,224,61,129,1472,22.4,1664.6,13,0,1,6,7,7,0,0,0,0,17787,6.9,17466,211,53,21.1,1778.7
0,16,0,1,4,10,5,1,0,0,1,13956,7.53,16435,207,45,-3400,-801,20.7,1395.6,11,3,0,10,4,3,2,1,0,0,18727,6.92,20028,222,66,22.2,1872.7
0,16,5,0,4,4,5,1,0,1,1,16569,6.96,18494,182,59,557,620,18.2,1656.9,23,2,1,4,4,8,1,1,0,2,14823,6.57,15334,232,63,23.2,1482.3
1,30,2,0,8,6,5,1,1,0,1,18756,7.81,21397,204,55,2946,1644,20.4,1875.6,21,0,1,6,8,0,0,0,1,0,14145,6.32,16991,209,39,20.9,1414.5
0,23,0,0,4,7,4,0,0,0,0,16535,6.56,15905,197,40,-1281,-593,19.7,1653.5,23,4,1,7,4,7,1,1,0,0,18092,6.05,16096,218,49,21.8,1809.2
1,20,0,0,3,11,7,1,1,0,0,15901,7.06,17614,208,24,-1324,-63,20.8,1590.1,13,2,1,11,3,7,1,1,0,1,15614,6.8,17764,248,60,24.8,1561.4
0,25,3,1,2,12,7,0,0,1,0,16566,6.41,16832,206,36,-2179,-3953,20.6,1656.6,32,1,0,12,2,12,0,0,0,1,17985,7.11,18131,196,67,19.6,1798.5
1,20,0,0,7,8,7,0,1,1,1,16688,6.89,17261,168,54,-408,-625,16.8,1668.8,17,1,1,8,7,6,1,0,0,0,16224,6.66,20562,236,47,23.6,1622.4
1,22,5,1,13,0,13,2,1,0,0,20115,7.82,22282,265,80,5497,4815,26.5,2011.5,16,1,0,0,13,0,0,1,0,1,12864,6.05,15519,189,40,18.9,1286.4
1,17,3,1,7,4,6,2,0,0,1,17552,6.94,22101,221,65,1673,1742,22.1,1755.2,17,1,0,4,7,5,1,1,1,0,17561,6.72,16139,199,47,19.9,1756.1
0,19,3,0,6,9,1,0,0,0,1,13597,7.02,18237,219,60,-2475,-1894,21.9,1359.7,20,2,1,9,6,2,1,0,0,0,17526,6.98,15258,221,66,22.1,1752.6
0,23,1,1,4,6,1,0,0,0,1,14913,6.63,14271,206,58,-1384,-1029,20.6,1491.3,25,1,0,6,4,10,1,0,0,0,17885,7.49,19779,185,60,18.5,1788.5
0,27,3,1,2,7,5,0,0,0,0,15188,6.98,18546,201,48,-766,1157,20.1,1518.8,23,2,0,7,2,8,1,0,0,0,17177,7.06,17296,203,78,20.3,1717.7
1,20,3,1,4,7,4,0,0,1,1,16361,7.29,19084,236,36,-214,263,23.6,1636.1,12,4,0,7,4,6,1,0,0,0,15555,6.49,15708,218,56,21.8,1555.5
0,25,2,0,7,7,5,1,1,0,0,14853,7.28,16007,239,51,-3370,-856,23.9,1485.3,22,2,1,7,7,8,2,0,0,0,17863,6.65,19595,231,63,23.1,1786.3
1,20,1,1,10,3,9,0,1,0,2,15533,7.4,18470,252,42,273,989,25.2,1553.3,13,1,0,3,10,5,0,0,0,0,16269,7.33,14898,225,56,22.5,1626.9
0,14,2,0,2,12,6,0,0,0,0,16200,6.65,15046,217,51,-3079,-1777,21.7,1620.0,11,0,1,12,2,10,0,1,0,1,17526,7.48,18411,206,51,20.6,1752.6
0,12,0,0,6,9,0,1,0,0,1,13088,7.11,18251,185,48,-1379,-1454,18.5,1308.8,10,0,1,9,6,7,2,1,0,0,17665,7.34,18475,240,33,24.0,1766.5
1,18,4,0,4,5,13,1,1,1,2,19905,7.31,19627,215,77,404,406,21.5,1990.5,21,2,1,5,4,6,1,0,0,0,14254,6.05,15228,166,48,16.6,1425.4
0,11,2,0,2,7,5,1,0,0,1,13543,6.44,15627,189,60,-1980,-2298,18.9,1354.3,22,4,1,7,2,9,1,0,1,1,18594,7.19,18129,241,73,24.1,1859.4
1,32,3,1,7,6,8,1,0,0,0,17416,6.72,19219,218,64,1926,277,21.8,1741.6,22,0,0,6,7,6,1,0,0,0,16262,6.84,17244,222,45,22.2,1626.2
1,22,0,0,5,6,6,1,1,1,1,14781,6.3,16382,192,49,-677,-470,19.2,1478.1,22,3,1,6,5,1,1,0,0,1,15468,6.58,19002,207,53,20.7,1546.8
0,16,0,1,0,12,2,1,0,0,0,12760,7.06,12902,225,29,-3320,-1970,22.5,1276.0,25,3,0,12,0,8,0,1,0,0,19009,7.59,21583,260,74,26.0,1900.9
1,29,1,1,7,4,9,1,0,0,0,17614,6.38,18625,221,76,617,-421,22.1,1761.4,16,4,0,4,7,8,1,0,0,1,16806,7.12,19086,256,64,25.6,1680.6
0,10,2,0,4,10,0,0,0,0,1,13231,6.4,13561,184,44,-1524,-328,18.4,1323.1,26,3,1,10,4,9,1,0,1,1,16807,7.53,21881,237,66,23.7,1680.7
0,21,1,1,4,3,8,1,0,0,1,16658,7.21,16933,239,63,2758,1441,23.9,1665.8,13,3,0,3,4,5,0,1,1,0,18130,7.01,16681,267,58,26.7,1813.0
0,30,6,1,6,10,9,1,0,1,0,17316,6.42,16955,208,46,-2,74,20.8,1731.6,18,0,0,10,6,6,2,1,0,1,16245,6.96,16354,237,62,23.7,1624.5
1,23,3,1,12,3,10,2,0,1,2,21388,7.95,19286,242,83,2607,2366,24.2,2138.8,16,0,0,3,12,4,0,1,0,0,13465,6.32,15554,217,40,21.7,1346.5
1,34,1,1,7,1,9,0,0,0,2,17500,8.01,16056,214,52,4008,3295,21.4,1750.0,24,0,0,1,7,2,0,0,0,1,14491,6.55,16340,257,58,25.7,1449.1
0,22,1,0,2,10,0,1,1,0,0,12695,6.68,15685,187,45,-885,-1935,18.7,1269.5,26,3,1,10,2,10,0,2,0,0,18489,7.66,20027,203,63,20.3,1848.9
0,22,0,0,0,13,4,0,0,0,0,13242,6.32,14284,215,47,-2718,-2492,21.5,1324.2,26,3,1,13,0,9,1,1,1,2,19491,8.16,19732,246,81,24.6,1949.1
0,25,0,0,9,7,5,0,0,1,0,15117,6.46,17521,223,60,-200,-1696,22.3,1511.7,31,2,1,7,9,8,1,1,1,1,17610,7.54,17627,224,66,22.4,1761.0
0,18,3,0,7,7,3,0,1,0,0,14740,6.73,17808,230,44,-2611,-1920,23.0,1474.0,33,5,1,7,7,6,0,1,0,2,19640,7.03,18286,269,80,26.9,1964.0
1,21,4,1,9,0,11,1,1,0,2,19791,6.62,20944,235,67,2117,2334,23.5,1979.1,18,0,0,0,9,1,0,0,0,0,14008,6.49,14242,160,34,16.0,1400.8
1,19,3,0,9,8,3,0,0,0,1,17462,6.93,16322,218,48,-95,80,21.8,1746.2,25,2,1,8,9,9,0,0,1,1,16682,6.33,17343,212,50,21.2,1668.2
1,17,4,0,7,0,12,0,1,0,0,16816,7.39,19554,241,60,2072,493,24.1,1681.6,19,2,1,0,7,5,1,0,0,0,14450,7.01,14742,206,65,20.6,1445.0
0,19,3,1,5,7,13,0,1,0,1,16220,6.61,18141,204,58,-601,-404,20.4,1622.0,21,3,0,7,5,6,1,1,0,0,17752,7.0,18789,230,51,23.0,1775.2
0,20,0,0,3,3,4,0,0,0,0,16431,6.94,16961,192,69,-1044,1197,19.2,1643.1,18,2,1,3,3,11,2,0,0,0,18750,7.25,17121,214,67,21.4,1875.0
0,28,3,1,2,10,9,0,0,0,1,18576,7.07,16676,228,56,1845,383,22.8,1857.6,17,3,0,10,2,5,0,1,0,0,17173,7.04,18410,223,54,22.3,1717.3
1,25,1,1,7,7,8,1,0,1,1,19118,7.29,17076,223,50,2885,1577,22.3,1911.8,23,1,0,7,7,5,1,1,0,1,15974,6.5,16293,210,44,21.0,1597.4
0,32,1,1,6,6,4,0,0,0,1,16153,6.83,16276,218,74,261,927,21.8,1615.3,25,2,0,6,6,8,0,0,0,1,16448,6.72,14725,259,53,25.9,1644.8
0,7,1,0,5,11,7,0,0,0,0,13525,6.87,16243,236,56,692,-1037,23.6,1352.5,23,3,1,11,5,6,1,1,0,1,18215,7.06,17615,278,66,27.8,1821.5
1,17,3,1,11,2,9,2,0,0,1,18200,7.02,20435,228,69,1374,2450,22.8,1820.0,16,1,0,2,11,1,1,0,0,0,13303,7.02,17237,201,32,20.1,1330.3
1,18,0,1,5,5,7,1,0,0,1,16152,6.47,17410,222,71,-1468,-531,22.2,1615.2,19,3,0,5,5,7,0,0,0,0,14983,6.5,18774,246,54,24.6,1498.3
0,27,0,0,3,3,10,0,0,0,0,15535,6.55,18113,212,68,38,41,21.2,1553.5,20,1,1,3,3,8,1,1,0,0,17577,6.16,18509,240,68,24.0,1757.7
0,14,1,1,0,14,2,0,0,0,0,11440,6.28,13087,187,28,-4401,-3734,18.7,1144.0,23,3,0,14,0,14,2,1,0,1,21570,7.55,20286,281,88,28.1,2157.0
1,14,1,1,11,2,8,0,0,0,0,16336,6.43,17213,193,57,-139,2443,19.3,1633.6,20,1,0,2,11,4,0,1,0,0,15027,7.32,15236,228,43,22.8,1502.7
1,19,4,0,8,11,4,1,1,0,2,17740,6.51,17817,231,42,624,-802,23.1,1774.0,15,1,1,11,8,3,0,0,0,1,16112,6.88,17707,238,51,23.8,1611.2
0,14,4,1,9,3,4,1,0,0,0,14370,6.53,18633,252,55,-451,-273,25.2,1437.0,20,2,0,3,9,4,1,0,0,1,17980,7.12,17169,188,43,18.8,1798.0
1,12,0,0,9,9,5,0,1,0,0,17416,6.85,16364,241,55,-1773,-1556,24.1,1741.6,23,2,1,9,9,8,1,0,0,1,19997,6.94,19066,240,69,24.0,1999.7
0,29,2,1,3,10,4,1,0,1,0,15731,6.47,15043,209,34,-92,-558,20.9,1573.1,26,1,0,10,3,11,1,1,0,1,19762,6.72,18600,225,49,22.5,1976.2
1,18,4,1,7,4,7,0,0,0,0,14984,6.42,18598,253,52,-1299,-1876,25.3,1498.4,13,2,0,4,7,8,1,0,0,1,16895,7.1,17783,221,69,22.1,1689.5
1,22,2,0,5,4,4,1,0,1,2,17180,6.56,17409,249,53,1136,401,24.9,1718.0,20,0,1,4,5,7,0,0,0,0,17062,6.33,16757,205,38,20.5,1706.2
1,21,2,1,10,4,5,1,1,0,0,18540,6.72,19834,224,70,-219,2345,22.4,1854.0,9,0,0,4,10,4,0,0,0,0,16584,6.44,14128,218,66,21.8,1658.4
0,18,3,1,7,14,5,0,0,0,1,16485,6.64,18068,248,70,-2621,749,24.8,1648.5,17,5,0,14,7,4,1,0,1,1,15095,6.63,16061,236,53,23.6,1509.5
1,18,2,0,3,3,8,1,0,0,1,17119,6.72,18192,228,72,-804,657,22.8,1711.9,23,0,1,3,3,4,0,0,0,0,16957,7.4,19114,185,55,18.5,1695.7
0,18,4,0,7,4,6,1,0,0,0,15832,6.94,16560,228,52,474,936,22.8,1583.2,21,2,1,4,7,6,0,0,0,0,16657,7.47,18800,248,53,24.8,1665.7
0,21,1,0,3,8,5,0,1,0,0,15513,6.71,16846,243,60,-1669,-625,24.3,1551.3,17,4,1,8,3,6,0,1,0,0,16606,7.04,18617,209,46,20.9,1660.6
0,27,1,0,6,3,4,1,0,0,1,17321,7.37,14563,211,52,-224,893,21.1,1732.1,20,2,1,3,6,7,1,0,0,1,15455,7.37,19364,219,58,21.9,1545.5
0,22,3,1,2,9,5,0,0,0,0,12666,7.15,17977,201,38,-2998,-1234,20.1,1266.6,22,2,0,9,2,12,1,1,0,1,17778,7.58,21849,242,49,24.2,1777.8
1,14,2,1,9,4,9,1,1,0,1,16176,6.9,18036,190,48,-303,186,19.0,1617.6,24,2,0,4,9,6,1,1,0,1,17046,6.76,20078,222,46,22.2,1704.6
0,22,1,0,1,11,4,0,0,1,0,14247,6.68,16502,189,57,-2796,-3143,18.9,1424.7,25,4,1,11,1,12,1,0,0,0,21185,7.59,19270,260,78,26.0,2118.5
0,20,0,1,1,7,2,0,0,0,0,15026,6.86,14367,218,66,-772,-2535,21.8,1502.6,22,1,0,7,1,6,2,0,0,1,17248,7.24,17406,230,65,23.0,1724.8
0,13,0,0,0,9,0,0,0,0,0,13193,6.43,17029,195,42,-4991,-1520,19.5,1319.3,29,2,1,9,0,8,1,0,0,2,19682,7.31,20350,240,60,24.0,1968.2
0,21,3,1,5,9,10,1,0,0,0,16372,6.59,16577,230,61,-948,-373,23.0,1637.2,15,2,0,9,5,11,2,0,1,1,16058,6.61,17183,256,47,25.6,1605.8
1,26,2,0,10,3,9,1,0,1,1,16337,7.43,19310,200,59,3898,2903,20.0,1633.7,14,5,1,3,10,6,1,0,0,0,15908,6.79,15418,194,60,19.4,1590.8
0,20,3,0,8,6,9,0,0,0,0,14183,6.42,17327,225,63,-1341,-538,22.5,1418.3,10,1,1,6,8,11,0,1,0,0,16146,6.48,19453,202,61,20.2,1614.6
1,24,3,1,9,0,11,0,0,0,0,19103,7.2,17131,211,43,554,753,21.1,1910.3,32,2,0,0,9,0,0,0,0,0,15864,6.95,16100,218,55,21.8,1586.4
1,20,3,1,12,2,13,2,1,1,2,19729,7.43,19720,265,81,4243,2957,26.5,1972.9,10,3,0,2,12,1,0,0,0,0,11184,5.87,13104,199,51,19.9,1118.4
1,31,4,0,9,4,9,1,1,0,0,16853,7.06,19484,205,70,132,-245,20.5,1685.3,18,2,1,4,9,6,0,0,0,0,16134,6.58,16013,202,49,20.2,1613.4
0,9,1,1,6,8,7,0,1,0,0,13292,6.74,17655,229,44,-2886,-1304,22.9,1329.2,12,3,0,8,6,5,1,1,0,1,18356,7.55,20077,229,69,22.9,1835.6
0,22,1,1,7,3,4,1,1,0,1,13118,7.22,17022,183,65,-2037,-2183,18.3,1311.8,25,5,0,3,7,3,1,0,0,0,15987,7.28,17216,247,57,24.7,1598.7
0,22,2,1,12,7,3,1,2,0,0,16943,6.63,16128,226,25,-76,-88,22.6,1694.3,16,0,0,7,12,10,1,1,0,0,16519,6.66,17732,220,54,22.0,1651.9
0,22,2,1,6,8,7,0,0,0,2,17165,7.03,16056,212,48,-1382,-1281,21.2,1716.5,22,2,0,8,6,5,1,0,0,1,17859,7.39,15839,202,62,20.2,1785.9
1,15,3,1,5,7,1,0,0,1,0,14572,6.79,17080,217,61,-1018,-1584,21.7,1457.2,19,1,0,7,5,7,0,0,1,0,16465,6.21,17782,216,31,21.6,1646.5
1,28,0,1,7,2,7,1,1,0,2,18203,7.65,19171,227,60,2360,-167,22.7,1820.3,20,1,0,2,7,0,0,1,0,1,17484,6.67,15482,219,52,21.9,1748.4
1,22,4,1,9,6,6,2,1,0,1,19233,6.7,19882,248,44,3571,773,24.8,1923.3,15,2,0,6,9,2,0,1,1,0,14278,6.92,15541,232,71,23.2,1427.8
0,11,1,0,5,8,4,1,0,1,0,13798,6.45,13803,205,47,-2497,-1312,20.5,1379.8,33,3,1,8,5,3,1,0,1,0,18638,7.6,18300,218,85,21.8,1863.8
0,13,2,1,2,10,5,1,0,0,0,16836,6.82,16639,213,42,-164,96,21.3,1683.6,21,4,0,10,2,11,0,0,0,1,17778,7.1,18817,235,107,23.5,1777.8
0,20,5,0,8,9,3,1,0,0,0,15399,6.78,18853,215,66,-1114,-1686,21.5,1539.9,24,0,1,9,8,9,0,0,0,0,20597,7.11,17971,238,62,23.8,2059.7
1,13,2,0,6,3,6,0,1,0,0,17639,6.51,18514,205,41,263,1729,20.5,1763.9,16,2,1,3,6,8,0,0,0,1,18102,7.11,17056,182,62,18.2,1810.2
1,31,1,1,8,5,13,1,1,0,1,20201,6.96,20168,239,62,2489,2173,23.9,2020.1,16,2,0,5,8,6,0,1,0,0,15030,6.43,16090,220,40,22.0,1503.0
1,31,4,0,13,0,9,2,1,1,0,21139,7.28,19763,235,56,4229,4872,23.5,2113.9,12,0,1,0,13,3,1,0,0,0,10687,6.0,14601,161,38,16.1,1068.7
1,28,2,1,4,8,5,0,0,1,0,15673,7.43,17852,234,53,-484,-808,23.4,1567.3,26,0,0,8,4,8,0,0,0,2,16801,7.76,18376,221,48,22.1,1680.1
0,28,3,1,6,5,7,0,0,0,0,15161,6.83,16783,208,41,12,-1443,20.8,1516.1,18,5,0,5,6,3,0,1,0,0,16775,7.1,16358,204,64,20.4,1677.5
0,19,1,0,5,4,7,0,1,0,1,18622,6.69,15744,225,57,728,883,22.5,1862.2,11,3,1,4,5,11,0,0,1,0,16370,6.72,17110,242,44,24.2,1637.0
0,14,0,1,6,8,6,0,0,0,0,16253,6.99,19990,230,45,-1427,-1465,23.0,1625.3,25,3,0,8,6,6,0,0,0,1,17608,6.75,17243,227,82,22.7,1760.8
1,6,0,1,6,6,8,1,2,0,0,17101,6.72,17837,208,49,-507,2459,20.8,1710.1,19,2,0,6,6,2,1,0,1,0,18175,6.87,20131,232,72,23.2,1817.5
0,17,0,0,5,8,9,1,1,1,0,16091,7.25,18850,206,54,-1242,-1230,20.6,1609.1,17,3,1,8,5,10,1,1,0,1,16773,6.78,18684,238,48,23.8,1677.3
0,24,0,0,1,10,1,0,0,0,0,13843,5.96,15202,188,47,-5553,-2728,18.8,1384.3,16,4,1,10,1,16,2,0,1,2,20002,7.4,22355,221,82,22.1,2000.2
1,16,2,1,6,5,7,1,1,1,2,15565,6.56,16122,242,57,-73,849,24.2,1556.5,24,2,0,5,6,5,1,0,0,0,15896,6.99,16882,234,63,23.4,1589.6
0,19,5,0,7,8,6,0,0,0,1,15369,6.66,16657,234,53,-379,250,23.4,1536.9,26,5,1,8,7,7,0,0,0,0,16914,6.64,17360,231,66,23.1,1691.4
1,20,0,1,8,2,6,1,0,1,0,17182,7.39,19212,244,75,314,3366,24.4,1718.2,6,2,0,2,8,7,0,0,0,0,11955,6.35,16713,181,52,18.1,1195.5
0,22,3,1,5,5,6,0,0,0,0,17239,7.07,21445,190,47,-159,274,19.0,1723.9,18,0,0,5,5,5,1,1,0,1,16913,6.5,17789,197,69,19.7,1691.3
0,24,0,1,0,7,0,0,0,0,0,13934,7.06,16309,224,53,-2390,-2674,22.4,1393.4,24,4,0,7,0,6,2,1,1,0,17458,7.41,18339,259,73,25.9,1745.8
1,12,2,0,8,6,6,1,1,0,1,15185,7.53,15586,198,50,-2171,-388,19.8,1518.5,21,1,1,6,8,9,0,0,0,0,17588,7.51,17363,215,48,21.5,1758.8
0,9,0,0,0,8,0,0,0,0,1,13734,6.59,13532,197,65,-3103,-2867,19.7,1373.4,24,2,1,8,0,10,0,1,1,0,20495,7.52,23540,260,40,26.0,2049.5
0,25,3,1,7,10,1,0,0,0,0,13586,6.36,17796,236,40,-1291,-1102,23.6,1358.6,21,5,0,10,7,12,1,1,0,1,19718,7.22,18015,225,55,22.5,1971.8
0,25,4,0,7,4,9,0,0,0,1,17975,7.38,17830,213,49,1850,1577,21.3,1797.5,20,1,1,4,7,6,0,0,1,1,15669,6.89,15041,216,44,21.6,1566.9
0,18,2,0,8,4,7,1,1,0,0,15472,6.86,16289,235,52,-1634,-1401,23.5,1547.2,26,1,1,4,8,6,1,1,1,0,17754,6.87,18960,233,47,23.3,1775.4
1,30,5,1,10,4,8,0,1,0,1,19466,7.14,18797,227,58,3315,1640,22.7,1946.6,16,2,0,4,10,4,1,0,0,1,14053,7.07,16595,217,47,21.7,1405.3
0,9,2,0,4,7,1,1,0,0,1,15371,6.37,18174,166,45,-3958,-3253,16.6,1537.1,18,1,1,7,4,8,1,1,1,1,17538,6.84,21722,230,59,23.0,1753.8
1,24,4,0,6,5,3,0,1,0,0,18159,6.48,17425,234,54,-674,1265,23.4,1815.9,20,1,1,5,6,5,0,0,0,1,15954,5.92,20037,222,53,22.2,1595.4
0,19,2,0,2,10,4,0,0,0,0,14501,6.5,18462,209,51,-1411,211,20.9,1450.1,20,4,1,10,2,9,1,0,0,1,17204,7.22,16522,222,52,22.2,1720.4
1,25,4,1,8,2,10,0,1,1,2,17512,6.71,19440,220,74,1249,2056,22.0,1751.2,22,3,0,2,8,5,2,0,0,0,17010,6.6,18271,209,60,20.9,1701.0
0,9,1,0,7,4,7,1,1,0,2,18708,6.45,17627,246,72,2235,-78,24.6,1870.8,23,0,1,4,7,7,0,0,0,0,17171,6.71,15355,200,31,20.0,1717.1
1,20,1,0,7,9,2,0,0,0,1,19434,7.14,18004,235,59,1457,1406,23.5,1943.4,12,2,1,9,7,3,0,1,0,0,14556,6.27,15051,219,53,21.9,1455.6
0,27,6,1,7,3,6,1,1,0,0,16809,7.8,20462,225,63,2533,2298,22.5,1680.9,10,1,0,3,7,4,0,0,0,0,12574,6.35,14584,174,68,17.4,1257.4
0,19,0,0,5,6,3,0,0,0,0,16780,6.95,13401,187,54,-595,457,18.7,1678.0,17,3,1,6,5,7,0,0,0,0,17418,7.6,20438,218,61,21.8,1741.8
1,29,2,1,3,0,8,1,2,0,1,18602,7.47,18040,233,68,-39,1216,23.3,1860.2,21,0,0,0,3,0,1,0,0,0,13800,6.47,15119,187,36,18.7,1380.0
1,24,0,1,3,9,3,0,0,1,1,15410,7.35,14825,201,32,-2116,-1742,20.1,1541.0,29,2,0,9,3,11,0,0,1,0,16840,7.49,17283,205,54,20.5,1684.0
0,13,0,0,4,7,1,0,0,0,0,13732,6.27,16821,207,62,-2990,-3044,20.7,1373.2,16,2,1,7,4,8,0,1,0,1,19141,7.02,18406,208,59,20.8,1914.1
0,26,1,1,6,6,9,0,0,0,0,17070,7.64,17619,236,69,533,1044,23.6,1707.0,16,3,0,6,6,8,1,1,0,0,15815,6.83,17696,225,52,22.5,1581.5
0,12,0,0,2,8,0,0,1,0,0,15584,6.96,14858,221,43,-2211,-1687,22.1,1558.4,16,3,1,8,2,8,1,0,0,0,19838,7.32,20870,219,62,21.9,1983.8
1,21,3,0,8,5,5,1,1,0,1,18460,7.04,18515,246,51,1385,1540,24.6,1846.0,16,2,1,5,8,3,0,0,0,1,17551,6.89,13520,193,58,19.3,1755.1
0,23,3,1,8,9,8,1,0,0,0,16937,6.53,15121,284,43,-599,290,28.4,1693.7,25,3,0,9,8,4,0,1,0,2,17301,7.0,17346,218,70,21.8,1730.1
1,18,1,0,11,5,9,1,1,0,0,19509,7.34,16580,241,67,2442,2645,24.1,1950.9,12,2,1,5,11,4,0,0,0,0,17628,6.98,17376,212,44,21.2,1762.8
0,24,1,0,7,3,5,1,1,0,1,17521,7.74,18493,200,73,16,86,20.0,1752.1,17,2,1,3,7,9,1,0,0,1,14970,6.95,19048,206,53,20.6,1497.0
1,18,4,0,6,6,8,1,1,0,1,18542,7.26,16824,224,30,604,-1007,22.4,1854.2,16,3,1,6,6,10,0,1,0,1,16676,6.63,16678,196,54,19.6,1667.6
0,18,5,0,8,7,8,2,0,0,0,17944,6.75,15940,217,57,735,587,21.7,1794.4,18,1,1,7,8,3,1,0,1,1,15870,5.93,16805,194,70,19.4,1587.0
1,22,4,0,9,4,5,0,0,0,1,19018,6.99,17122,191,34,-2275,-1083,19.1,1901.8,15,5,1,4,9,4,1,1,0,2,20097,6.99,21013,244,67,24.4,2009.7
0,14,0,1,6,11,6,1,0,0,0,15156,6.64,16219,203,46,-2128,-1531,20.3,1515.6,22,2,0,11,6,10,1,0,0,0,17149,6.79,17544,239,61,23.9,1714.9
1,17,4,0,8,5,8,1,0,1,0,19621,7.23,19776,270,53,675,-1322,27.0,1962.1,20,2,1,5,8,7,0,0,0,0,17357,7.24,12270,208,59,20.8,1735.7
1,25,5,1,8,7,9,0,1,0,0,15277,6.54,17916,214,69,-547,-327,21.4,1527.7,16,1,0,7,8,5,0,1,0,1,15955,7.15,16867,228,59,22.8,1595.5
0,20,0,0,5,6,4,1,1,0,1,15814,6.99,15359,242,54,-1080,-2081,24.2,1581.4,22,1,1,6,5,7,1,1,1,1,17227,6.51,16726,204,63,20.4,1722.7
1,13,4,0,4,6,5,0,0,1,0,17252,6.71,16663,240,62,452,606,24.0,1725.2,13,2,1,6,4,9,1,0,0,0,16098,6.92,17055,206,64,20.6,1609.8
1,27,3,0,11,1,10,0,1,0,2,15552,6.6,20239,245,59,653,2870,24.5,1555.2,9,1,1,1,11,4,2,0,0,0,13347,6.29,12364,190,45,19.0,1334.7
0,17,1,1,5,10,5,1,0,0,0,15227,6.8,17771,236,55,-374,-670,23.6,1522.7,26,0,0,10,5,6,1,0,0,0,16914,7.26,19584,203,78,20.3,1691.4
1,12,2,1,4,11,10,0,0,0,1,18526,6.51,18124,224,54,-2,-1646,22.4,1852.6,16,4,0,11,4,6,0,1,0,2,15727,7.23,19570,225,53,22.5,1572.7
0,4,2,0,3,14,4,0,0,1,0,15906,6.08,14365,174,65,-3272,-3255,17.4,1590.6,28,3,1,14,3,8,0,0,1,2,18986,7.06,18977,257,66,25.7,1898.6
0,24,4,1,2,2,4,2,0,0,0,14659,6.38,18432,230,53,145,134,23.0,1465.9,20,2,0,2,2,6,1,1,0,0,16008,6.67,18403,223,55,22.3,1600.8
0,17,4,1,6,5,4,0,0,0,1,15504,6.86,21300,230,61,1795,399,23.0,1550.4,21,0,0,5,6,1,1,0,0,1,17936,6.94,16035,189,49,18.9,1793.6
1,15,0,0,6,5,12,1,0,1,0,15862,6.97,19909,197,72,1431,-11,19.7,1586.2,26,0,1,5,6,3,1,0,0,0,16152,7.24,15709,245,40,24.5,1615.2
1,23,1,1,5,4,5,0,0,1,1,15636,6.98,18484,224,49,282,-1752,22.4,1563.6,13,4,0,4,5,6,0,1,0,0,14323,6.84,16953,220,45,22.0,1432.3
1,26,3,1,8,5,9,1,0,1,0,17820,6.91,18255,231,45,1238,1182,23.1,1782.0,18,1,0,5,8,4,0,0,0,1,15282,6.76,15758,215,62,21.5,1528.2
1,18,5,1,6,1,7,0,0,0,1,18567,6.77,19630,234,55,165,-127,23.4,1856.7,16,3,0,1,6,5,1,0,0,0,13138,6.33,15744,196,58,19.6,1313.8
1,27,0,0,12,7,10,0,0,1,1,19355,7.0,17009,286,68,517,2180,28.6,1935.5,16,2,1,7,12,6,0,0,1,1,15906,6.43,18082,184,43,18.4,1590.6
1,32,2,1,9,0,7,1,0,0,1,20102,7.16,18999,265,57,2551,636,26.5,2010.2,18,1,0,0,9,7,1,0,1,0,13257,7.14,16414,192,47,19.2,1325.7
1,30,0,1,8,3,9,2,1,0,0,20363,7.25,18292,243,66,2215,3342,24.3,2036.3,12,0,0,3,8,0,0,0,0,0,13815,6.58,14515,211,44,21.1,1381.5
0,26,0,0,2,8,4,0,0,1,0,13464,6.88,16536,238,49,-813,1979,23.8,1346.4,16,3,1,8,2,3,0,1,0,0,18207,7.85,17916,238,65,23.8,1820.7
0,19,3,0,2,8,10,0,0,0,0,14078,6.2,16758,196,45,-3747,-2911,19.6,1407.8,21,1,1,8,2,8,1,0,1,2,17628,7.71,20448,209,75,20.9,1762.8
0,19,2,0,7,8,5,0,0,1,1,15777,6.59,15271,215,47,1193,-576,21.5,1577.7,13,3,1,8,7,7,0,1,0,1,15422,6.28,17011,189,46,18.9,1542.2
1,21,0,1,6,0,9,0,1,0,1,20454,7.28,16735,245,67,2207,-73,24.5,2045.4,18,4,0,0,6,4,0,0,0,0,15301,6.45,16021,200,47,20.0,1530.1
1,25,3,0,15,2,16,1,1,1,0,18260,7.41,18689,232,71,1462,2506,23.2,1826.0,21,0,1,2,15,0,1,0,0,0,15017,6.52,17313,180,40,18.0,1501.7
1,16,6,0,5,0,11,1,0,1,2,17426,6.52,15754,242,78,2561,413,24.2,1742.6,13,2,1,0,5,4,0,1,0,0,15379,7.1,17850,229,50,22.9,1537.9
1,20,0,0,10,0,10,2,2,0,1,20171,7.43,20208,230,56,3584,2801,23.0,2017.1,17,0,1,0,10,2,0,0,0,0,13638,6.62,12658,188,58,18.8,1363.8
1,14,3,0,7,4,8,1,1,0,0,17086,6.97,17545,229,79,131,-286,22.9,1708.6,19,2,1,4,7,5,0,0,0,1,15503,6.68,17726,189,70,18.9,1550.3
1,22,4,0,6,4,4,1,0,0,0,18179,6.5,18687,237,52,55,121,23.7,1817.9,17,2,1,4,6,6,0,0,1,1,15482,7.34,19340,210,36,21.0,1548.2
0,18,1,0,0,12,7,0,0,0,0,13854,7.15,16022,225,26,-2817,-2361,22.5,1385.4,33,3,1,12,0,7,1,1,1,1,18311,7.26,20977,235,59,23.5,1831.1
1,17,5,0,7,3,6,1,1,0,1,18111,6.38,17542,213,68,309,887,21.3,1811.1,21,0,1,3,7,5,0,0,0,0,14188,5.93,15560,235,54,23.5,1418.8
0,23,1,0,5,4,5,0,0,0,1,12715,7.06,15702,248,63,-83,-706,24.8,1271.5,17,5,1,4,5,10,1,0,1,1,16859,7.43,14987,198,55,19.8,1685.9
1,15,4,1,8,5,4,1,0,0,0,19879,6.6,19314,230,52,1324,-292,23.0,1987.9,21,2,0,5,8,4,0,0,0,0,16193,6.97,18001,207,48,20.7,1619.3
0,17,4,0,7,6,5,0,0,0,1,17494,6.48,18321,222,45,-136,-1317,22.2,1749.4,22,0,1,6,7,6,0,0,0,1,17576,6.51,16943,219,62,21.9,1757.6
1,25,2,1,10,6,7,1,1,0,1,17601,7.03,19619,232,30,1323,2005,23.2,1760.1,20,0,0,6,10,7,1,0,0,0,16730,6.3,15954,235,50,23.5,1673.0
1,24,0,1,1,9,9,0,1,0,0,15792,6.49,17101,222,40,-819,-632,22.2,1579.2,24,2,0,9,1,7,1,0,0,1,16727,7.08,16850,235,45,23.5,1672.7
1,18,1,1,8,0,9,2,1,0,2,17790,7.55,18086,237,52,401,-38,23.7,1779.0,20,5,0,0,8,3,0,0,0,1,15970,6.78,16048,207,48,20.7,1597.0
0,16,0,0,6,16,3,0,0,0,1,12644,6.59,13273,195,46,-5160,-2352,19.5,1264.4,21,5,1,16,6,12,2,1,1,1,19551,7.13,21381,249,63,24.9,1955.1
0,16,3,1,9,4,1,1,0,0,1,16551,6.8,20112,224,59,364,1555,22.4,1655.1,23,3,0,4,9,4,1,0,0,0,17938,7.02,16484,219,76,21.9,1793.8
1,21,3,1,5,3,12,1,0,0,1,18552,7.27,21507,264,64,2410,3317,26.4,1855.2,26,1,0,3,5,5,1,0,0,1,14012,6.44,15396,201,29,20.1,1401.2
1,24,3,1,10,2,6,0,0,0,1,18985,7.6,20286,243,62,2897,3144,24.3,1898.5,23,1,0,2,10,6,0,0,0,1,10977,6.45,17449,173,58,17.3,1097.7
1,24,2,0,5,0,9,0,0,1,0,17470,6.66,16536,199,59,2482,1768,19.9,1747.0,7,0,1,0,5,7,0,0,0,0,16974,7.44,16918,197,68,19.7,1697.4
1,25,5,1,9,1,2,1,0,1,0,18389,7.8,19965,275,72,3170,3105,27.5,1838.9,13,0,0,1,9,3,0,0,0,0,13601,6.16,14700,177,51,17.7,1360.1
0,22,3,1,11,8,7,0,1,1,1,16588,6.7,18163,230,62,404,1110,23.0,1658.8,21,3,0,8,11,3,0,0,0,2,18324,7.19,14505,202,30,20.2,1832.4
0,15,1,1,8,7,8,1,0,0,0,16813,6.84,18782,193,58,-892,-986,19.3,1681.3,15,1,0,7,8,9,0,0,0,1,16044,6.45,18635,197,52,19.7,1604.4
1,23,2,0,4,4,5,1,1,0,0,17436,6.94,16697,208,68,1707,2055,20.8,1743.6,18,0,1,4,4,8,1,2,1,0,14719,7.02,17665,200,60,20.0,1471.9
1,23,5,1,4,6,6,0,1,0,0,16419,6.67,18051,216,43,-563,569,21.6,1641.9,28,2,0,6,4,6,0,1,0,0,16301,7.18,16630,200,65,20.0,1630.1
0,22,3,1,4,9,7,2,1,0,1,15102,6.49,20905,220,39,-178,-1292,22.0,1510.2,29,2,0,9,4,8,0,1,0,1,19266,7.52,19969,254,62,25.4,1926.6
1,15,1,1,4,7,7,1,0,1,0,16482,6.89,15214,152,60,-1494,-2291,15.2,1648.2,19,2,0,7,4,8,1,0,0,0,15258,7.49,18231,214,65,21.4,1525.8
0,22,1,1,4,10,0,0,0,0,0,14191,6.79,16983,155,43,-1519,-1717,15.5,1419.1,15,3,0,10,4,10,2,1,0,1,17711,7.16,20543,212,78,21.2,1771.1
1,14,3,0,5,3,10,0,0,1,0,15174,6.61,19148,228,55,3034,1715,22.8,1517.4,15,4,1,3,5,6,0,1,0,0,14562,6.85,17178,229,57,22.9,1456.2
0,18,1,0,5,4,10,1,0,0,0,16423,6.84,16047,247,47,1200,1377,24.7,1642.3,22,1,1,4,5,8,0,1,0,1,16743,7.18,15675,225,55,22.5,1674.3
0,18,1,1,3,6,8,0,0,0,0,17094,6.44,17982,243,47,228,-1159,24.3,1709.4,28,3,0,6,3,6,0,0,0,1,17244,7.38,14704,179,57,17.9,1724.4
0,13,2,0,4,2,2,1,0,0,0,16329,6.39,16742,193,45,-198,-1967,19.3,1632.9,28,4,1,2,4,2,0,1,0,1,17742,7.07,17121,217,57,21.7,1774.2
1,20,5,0,9,6,4,1,0,0,1,18197,7.6,19009,238,74,130,129,23.8,1819.7,21,3,1,6,9,4,1,0,0,1,15633,7.1,17080,217,46,21.7,1563.3
1,23,4,0,8,4,8,1,1,0,0,17124,6.99,18278,241,61,1428,1583,24.1,1712.4,17,2,1,4,8,5,0,0,0,1,16793,6.85,16053,163,51,16.3,1679.3
0,9,1,0,2,8,5,0,0,0,0,15463,6.17,16458,211,52,-1901,-1442,21.1,1546.3,22,3,1,8,2,9,1,0,0,1,16503,6.67,18216,231,57,23.1,1650.3
0,15,3,0,6,11,6,1,0,0,0,17206,6.7,16270,229,32,-1406,-1594,22.9,1720.6,35,4,1,11,6,10,1,0,1,1,20257,7.63,19277,239,70,23.9,2025.7
1,13,2,0,10,5,6,0,1,1,0,16434,6.96,18418,216,52,3027,1678,21.6,1643.4,10,3,1,5,10,3,0,1,0,0,16528,6.48,17488,187,24,18.7,1652.8
0,27,2,0,3,11,3,1,0,0,0,15181,6.56,15405,211,38,-2072,-2151,21.1,1518.1,26,0,1,11,3,5,1,0,0,0,18690,6.74,19546,199,64,19.9,1869.0
1,22,3,1,7,8,5,0,0,0,1,16845,6.66,18103,266,62,1197,1001,26.6,1684.5,16,0,0,8,7,3,0,1,1,0,18651,6.99,14604,234,54,23.4,1865.1
1,24,0,0,13,3,7,2,1,0,0,20340,7.28,19125,233,57,2347,2519,23.3,2034.0,12,1,1,3,13,1,0,0,0,0,15031,5.75,14521,199,38,19.9,1503.1
1,24,0,1,13,1,10,2,1,1,1,18774,7.58,19165,230,69,2803,2895,23.0,1877.4,21,3,0,1,13,1,0,0,0,0,12504,6.79,16101,184,42,18.4,1250.4
1,24,3,1,4,6,7,0,0,0,2,17211,7.37,16636,244,42,2434,726,24.4,1721.1,23,2,0,6,4,2,0,0,1,1,15481,5.89,16033,230,53,23.0,1548.1
1,26,1,0,10,3,9,0,1,1,1,15827,7.5,17472,236,49,1106,256,23.6,1582.7,21,2,1,3,10,4,0,0,0,0,14929,6.88,16546,263,47,26.3,1492.9
1,17,1,1,15,0,9,3,0,0,3,18540,7.33,18353,211,53,2990,2369,21.1,1854.0,15,2,0,0,15,0,0,0,0,0,13709,6.3,15878,187,43,18.7,1370.9
0,22,0,0,2,10,3,0,0,0,0,12802,6.08,15823,213,40,-3860,-4521,21.3,1280.2,27,3,1,10,2,11,1,1,0,1,18974,7.2,19102,241,59,24.1,1897.4
1,25,3,0,4,10,2,1,0,0,0,16979,6.77,17504,190,41,-711,-188,19.0,1697.9,17,4,1,10,4,5,2,0,0,1,18508,6.8,18571,237,40,23.7,1850.8
1,21,3,1,7,6,7,0,1,0,0,19550,7.06,19246,247,58,1931,1805,24.7,1955.0,21,3,0,6,7,2,0,0,0,0,15156,6.29,15748,229,27,22.9,1515.6
0,19,3,1,9,9,3,0,0,0,1,15880,6.7,16408,214,38,-969,-206,21.4,1588.0,16,4,0,9,9,9,1,1,0,0,18677,7.07,16818,202,41,20.2,1867.7
0,7,3,1,11,4,9,1,1,0,1,17841,6.83,17935,234,46,1405,3005,23.4,1784.1,15,0,0,4,11,5,1,0,1,0,13317,6.45,15942,183,51,18.3,1331.7
1,14,1,1,7,7,10,0,0,0,1,16886,7.56,16843,221,47,-75,1176,22.1,1688.6,17,3,0,7,7,4,0,0,0,0,15467,6.92,16558,226,41,22.6,1546.7
1,23,3,0,11,7,7,0,0,0,1,16951,7.01,16678,204,71,504,1865,20.4,1695.1,17,1,1,7,11,7,0,0,0,1,15594,6.86,19339,202,61,20.2,1559.4
0,25,3,1,3,5,5,1,0,0,0,15921,6.22,14902,241,38,821,1098,24.1,1592.1,21,2,0,5,3,4,1,1,0,1,16659,7.01,16716,239,33,23.9,1665.9
0,23,2,0,5,8,4,0,1,0,1,15741,6.76,16772,216,49,-483,-1135,21.6,1574.1,22,0,1,8,5,8,0,0,0,0,16605,6.78,16810,222,45,22.2,1660.5
0,19,2,0,5,7,3,1,0,0,0,16094,7.07,15934,207,55,-555,-1037,20.7,1609.4,18,1,1,7,5,6,1,0,0,0,18442,6.92,17263,255,65,25.5,1844.2
1,30,3,1,6,5,9,0,0,0,2,18307,7.84,17903,257,58,585,-478,25.7,1830.7,12,2,0,5,6,3,0,0,0,0,16733,6.82,18587,212,52,21.2,1673.3
0,23,0,0,0,7,5,1,1,0,1,14584,6.75,15206,209,42,-2149,-2336,20.9,1458.4,18,3,1,7,0,6,0,1,1,1,16541,7.22,19271,204,62,20.4,1654.1
0,20,4,0,10,3,4,1,1,0,2,16292,7.41,16934,214,50,1472,405,21.4,1629.2,18,3,1,3,10,5,0,0,0,0,14382,6.94,17388,221,57,22.1,1438.2
1,32,3,1,6,4,10,1,2,0,1,17646,7.2,18323,245,59,1051,1904,24.5,1764.6,19,1,0,4,6,7,0,0,0,2,15580,6.61,19028,200,72,20.0,1558.0
1,17,3,1,7,4,6,2,0,0,0,16955,6.96,16208,222,72,3250,1690,22.2,1695.5,15,4,0,4,7,4,0,0,0,0,15425,6.25,14755,209,54,20.9,1542.5
0,10,4,1,3,10,2,0,0,0,1,16635,6.74,17451,240,44,-3107,-1728,24.0,1663.5,23,2,0,10,3,10,1,1,0,0,17260,7.63,17855,223,55,22.3,1726.0
0,14,0,0,2,13,4,0,0,1,1,14566,6.4,15428,193,48,-2900,-3150,19.3,1456.6,30,0,1,13,2,7,1,1,0,2,19627,7.49,21028,228,59,22.8,1962.7
1,16,1,0,6,7,4,1,0,0,2,16347,6.63,16902,209,54,-846,734,20.9,1634.7,27,4,1,7,6,8,1,0,0,1,16866,6.28,18099,201,46,20.1,1686.6
1,24,2,1,14,0,17,2,1,1,1,20519,7.69,21048,239,88,5829,2266,23.9,2051.9,8,0,0,0,14,4,0,0,0,0,10927,5.98,15751,185,42,18.5,1092.7
1,27,3,1,11,0,8,2,1,1,1,18770,7.29,20894,236,51,1711,1290,23.6,1877.0,16,2,0,0,11,5,1,0,0,0,15957,7.19,14632,200,56,20.0,1595.7
0,19,3,0,4,13,6,0,0,0,0,16476,7.02,16566,206,62,-237,-639,20.6,1647.6,22,4,1,13,4,3,1,0,0,2,18068,7.73,18993,230,51,23.0,1806.8
1,21,1,0,6,4,3,1,1,1,0,20090,7.32,18107,222,46,1577,1029,22.2,2009.0,12,3,1,4,6,4,0,0,0,0,16354,6.59,16825,221,55,22.1,1635.4
0,22,7,0,7,3,6,0,0,0,0,16259,6.45,17479,201,56,1088,575,20.1,1625.9,27,7,1,3,7,3,0,0,0,0,16115,6.48,19699,195,51,19.5,1611.5
0,6,0,0,1,12,3,1,0,0,0,15763,6.23,17531,210,57,-2606,-2374,21.0,1576.3,24,2,1,12,1,12,1,1,1,1,17482,7.56,17681,238,59,23.8,1748.2
1,15,3,1,9,1,11,1,0,0,0,21132,7.74,19769,248,72,2322,1166,24.8,2113.2,15,2,0,1,9,4,1,0,0,0,15863,6.09,16690,205,51,20.5,1586.3
0,18,2,1,4,7,3,0,0,0,1,16740,6.63,18968,237,41,-621,214,23.7,1674.0,27,2,0,7,4,9,0,0,1,0,17753,6.94,19807,222,54,22.2,1775.3
1,16,2,1,10,5,9,0,0,1,1,16474,6.5,14735,207,54,-838,100,20.7,1647.4,24,3,0,5,10,2,0,0,0,0,15675,6.83,19704,278,45,27.8,1567.5
0,19,1,0,6,5,6,0,2,0,0,16113,6.27,16066,228,66,594,-228,22.8,1611.3,25,2,1,5,6,8,0,0,0,0,19080,6.97,16938,253,56,25.3,1908.0
1,29,4,0,7,4,9,0,0,0,2,18022,7.6,19021,253,67,3424,1559,25.3,1802.2,15,0,1,4,7,6,0,1,0,1,15881,6.33,16889,219,61,21.9,1588.1
0,18,0,1,6,5,3,0,1,0,1,15416,6.62,17516,219,38,-794,-813,21.9,1541.6,26,4,0,5,6,13,1,1,0,1,16243,6.93,18544,242,61,24.2,1624.3
0,10,0,0,0,9,0,0,0,0,0,15542,6.05,16625,187,42,-2517,-3306,18.7,1554.2,19,3,1,9,0,9,2,1,0,2,18553,7.17,19185,228,62,22.8,1855.3
1,17,0,0,5,8,1,1,0,1,1,18489,6.69,17908,240,61,645,810,24.0,1848.9,21,1,1,8,5,4,0,0,0,1,16837,6.35,18481,225,71,22.5,1683.7
0,24,3,1,2,10,3,0,0,0,0,13045,6.06,13710,223,40,-3461,-2095,22.3,1304.5,28,2,0,10,2,11,1,0,0,2,19463,7.66,20908,278,83,27.8,1946.3
0,27,4,0,6,14,7,0,2,0,1,17658,7.5,15999,219,41,-882,-526,21.9,1765.8,25,2,1,14,6,9,1,0,0,0,18670,6.86,19438,212,46,21.2,1867.0
1,25,0,0,11,4,7,1,0,1,1,18405,7.43,20811,242,63,2909,2351,24.2,1840.5,16,3,1,4,11,2,1,0,1,0,13743,6.5,17648,188,46,18.8,1374.3
0,13,4,0,1,2,3,0,1,0,2,17617,7.2,18973,206,78,1167,708,20.6,1761.7,11,1,1,2,1,6,0,0,0,1,15106,7.04,15119,196,45,19.6,1510.6
1,24,0,1,10,3,7,1,1,0,1,19111,7.33,20164,223,62,2494,2847,22.3,1911.1,16,0,0,3,10,3,1,0,1,0,14842,6.09,16023,218,52,21.8,1484.2
1,23,2,0,6,0,8,1,0,0,0,17140,7.53,20783,247,41,2625,942,24.7,1714.0,26,1,1,0,6,3,0,0,0,0,16144,7.25,15896,240,58,24.0,1614.4
1,25,1,1,9,3,11,1,0,0,2,20064,8.28,16627,249,56,4713,4831,24.9,2006.4,12,0,0,3,9,2,0,0,1,0,12795,6.01,14622,223,36,22.3,1279.5
0,16,3,1,1,11,7,0,0,0,0,16121,6.81,15392,195,61,-710,-1175,19.5,1612.1,23,0,0,11,1,5,0,1,0,1,17441,7.27,19974,187,64,18.7,1744.1
1,19,3,1,6,7,3,0,1,0,0,18849,6.89,16387,253,62,100,98,25.3,1884.9,17,3,0,7,6,2,1,0,0,1,16734,6.9,18037,223,43,22.3,1673.4
1,16,3,1,9,5,4,0,0,0,0,13653,7.44,14161,236,56,-176,267,23.6,1365.3,23,2,0,5,9,7,1,1,1,1,17167,7.57,16478,214,72,21.4,1716.7
1,16,2,0,10,2,8,0,1,1,1,18089,6.93,19346,226,66,1176,2463,22.6,1808.9,20,0,1,2,10,3,1,1,0,1,14128,6.79,17029,216,39,21.6,1412.8
1,27,2,0,9,8,7,0,0,0,1,15250,7.25,15900,271,71,388,642,27.1,1525.0,22,2,1,8,9,1,0,1,0,1,14884,7.2,20276,192,50,19.2,1488.4
1,28,1,1,10,1,8,0,0,1,2,20419,6.95,18836,231,71,3811,3780,23.1,2041.9,10,0,0,1,10,3,0,0,0,1,12603,5.65,16035,220,27,22.0,1260.3
0,18,0,0,5,5,6,0,0,0,1,14415,6.87,16766,182,49,-128,-2456,18.2,1441.5,15,1,1,5,5,3,1,0,0,1,16661,7.04,20035,266,46,26.6,1666.1
1,25,4,1,6,1,6,1,0,0,0,19838,7.24,19314,234,61,3331,1632,23.4,1983.8,13,3,0,1,6,3,0,0,0,0,13530,6.42,17904,193,56,19.3,1353.0
1,23,3,1,4,9,8,1,0,0,1,16704,6.96,20240,196,63,792,469,19.6,1670.4,18,0,0,9,4,5,1,0,0,1,16087,6.4,15036,199,55,19.9,1608.7
0,32,2,1,6,5,5,0,1,0,1,18905,6.97,17998,230,34,-976,-861,23.0,1890.5,19,1,0,5,6,3,0,0,0,0,14958,6.5,16322,204,63,20.4,1495.8
0,25,4,1,4,7,6,1,0,0,0,16131,6.88,15390,255,79,1864,882,25.5,1613.1,12,1,0,7,4,10,0,0,0,2,15381,6.15,15890,229,39,22.9,1538.1
0,25,0,0,5,7,13,2,0,1,0,17112,6.3,16924,207,53,1065,204,20.7,1711.2,31,0,1,7,5,5,2,1,0,0,17809,6.74,16535,175,61,17.5,1780.9
1,21,3,1,7,3,6,0,1,1,0,17593,7.28,16857,216,46,-340,321,21.6,1759.3,12,4,0,3,7,6,0,1,0,0,20136,6.37,16168,243,46,24.3,2013.6
1,17,0,0,8,7,5,0,0,0,1,16020,6.73,19721,207,53,1144,-697,20.7,1602.0,23,5,1,7,8,4,0,0,0,0,16398,7.25,18188,193,46,19.3,1639.8
0,26,4,0,4,5,1,0,1,0,0,13918,6.68,18461,204,45,-854,-889,20.4,1391.8,27,2,1,5,4,5,1,0,1,0,18333,7.33,17785,210,73,21.0,1833.3
1,23,3,0,2,10,8,1,0,0,0,16487,7.38,16931,213,73,-245,-1100,21.3,1648.7,18,3,1,10,2,8,1,0,0,1,17234,7.45,19187,218,57,21.8,1723.4
0,12,3,1,0,8,1,0,0,0,0,12034,6.4,14314,186,45,-4157,-2494,18.6,1203.4,19,3,0,8,0,14,1,0,1,2,18047,7.01,22276,233,69,23.3,1804.7
1,24,1,1,8,5,8,2,0,0,2,18076,7.24,19145,243,63,407,2118,24.3,1807.6,15,4,0,5,8,7,1,0,1,1,15563,6.05,18827,159,33,15.9,1556.3
0,22,5,0,2,8,1,0,0,0,0,15002,6.3,16516,184,55,-1211,-1281,18.4,1500.2,32,3,1,8,2,8,2,1,0,0,19580,7.08,17850,235,50,23.5,1958.0
1,9,5,1,6,4,7,0,1,0,0,15558,7.63,17050,223,48,165,-20,22.3,1555.8,20,2,0,4,6,5,1,0,0,0,16263,6.77,16674,230,52,23.0,1626.3
1,17,3,0,7,7,10,1,1,1,0,14443,6.83,15067,244,58,2624,2678,24.4,1444.3,17,0,1,7,7,4,0,0,0,1,15956,6.65,17081,240,63,24.0,1595.6
1,23,4,1,8,3,11,2,0,0,1,15117,6.72,17949,210,63,2841,-350,21.0,1511.7,17,1,0,3,8,5,1,0,0,0,13347,6.84,16176,263,62,26.3,1334.7
0,7,1,1,5,6,2,0,0,1,1,12933,5.52,14433,167,50,-4498,-2468,16.7,1293.3,16,5,0,6,5,10,1,1,0,0,19530,6.99,17052,224,75,22.4,1953.0
0,11,0,1,8,7,4,1,1,0,1,16077,7.1,16447,194,43,-808,-1416,19.4,1607.7,27,1,0,7,8,4,1,0,0,1,17891,7.26,21027,241,43,24.1,1789.1
1,20,3,1,8,3,5,1,1,1,1,17701,7.18,15838,217,50,-93,942,21.7,1770.1,17,3,0,3,8,6,1,0,0,0,15045,6.42,16234,202,62,20.2,1504.5
0,23,1,0,4,6,6,0,0,1,1,16750,6.83,18655,196,27,-1484,797,19.6,1675.0,18,0,1,6,4,7,1,0,0,0,16217,6.47,17310,201,68,20.1,1621.7
1,25,5,1,8,5,9,1,1,0,1,16755,7.15,19205,266,57,2768,2159,26.6,1675.5,16,0,0,5,8,0,0,0,0,0,14700,6.31,16367,228,44,22.8,1470.0
0,26,3,0,6,9,6,0,0,0,0,17145,6.55,15465,210,52,-3124,-2658,21.0,1714.5,18,2,1,9,6,6,1,1,0,1,17773,7.13,17748,214,78,21.4,1777.3
0,16,1,0,4,12,0,0,0,0,0,15043,6.97,13033,181,53,-3439,-1689,18.1,1504.3,19,5,1,12,4,4,1,1,0,1,18733,8.02,22374,255,85,25.5,1873.3
1,20,3,1,5,1,8,0,0,1,1,17471,6.85,17588,214,66,2743,-143,21.4,1747.1,9,1,0,1,5,6,0,1,0,0,17521,7.27,16892,212,61,21.2,1752.1
1,12,3,0,8,10,2,1,0,0,0,16829,6.68,17147,230,44,-1164,-1482,23.0,1682.9,22,4,1,10,8,3,0,0,0,0,16337,7.02,18245,254,53,25.4,1633.7
0,15,2,0,0,9,2,0,0,0,0,13023,5.77,16689,221,40,-1844,-1572,22.1,1302.3,22,3,1,9,0,7,1,0,0,1,18741,7.08,20646,239,66,23.9,1874.1
1,23,1,0,7,3,9,1,0,1,2,15904,7.04,18813,209,63,590,-16,20.9,1590.4,16,2,1,3,7,4,1,0,0,2,16031,7.03,18141,228,49,22.8,1603.1
1,26,0,0,15,0,8,1,1,0,1,15790,7.19,17874,239,59,1851,-136,23.9,1579.0,23,0,1,0,15,0,0,0,0,0,14687,6.46,15588,198,40,19.8,1468.7
0,19,3,1,0,8,1,0,0,1,1,13841,6.78,19119,215,45,-1473,-1822,21.5,1384.1,28,2,0,8,0,11,0,1,0,1,19561,6.72,17806,225,50,22.5,1956.1
1,27,4,1,12,0,12,1,1,0,0,19348,7.64,23543,257,82,5448,3788,25.7,1934.8,3,0,0,0,12,1,1,0,0,0,12655,6.46,14128,168,36,16.8,1265.5
0,25,6,1,3,6,7,0,0,0,1,16255,6.78,14674,223,58,1434,-383,22.3,1625.5,20,2,0,6,3,4,0,0,0,1,15916,6.79,21240,248,67,24.8,1591.6
1,21,2,1,7,7,4,0,0,1,1,17619,6.67,16159,242,46,369,1121,24.2,1761.9,15,1,0,7,7,5,0,0,0,0,15687,7.11,17815,232,49,23.2,1568.7
0,24,2,0,2,12,0,2,0,1,0,13397,6.36,15694,218,42,-1862,-1239,21.8,1339.7,25,3,1,12,2,13,2,1,1,2,18811,6.59,19153,261,63,26.1,1881.1
1,16,3,1,1,4,4,0,1,1,0,15455,7.11,19015,211,72,1731,168,21.1,1545.5,19,1,0,4,1,6,1,1,0,0,14737,6.45,18630,215,74,21.5,1473.7
0,19,3,1,4,6,5,1,0,0,0,15876,6.67,19095,212,58,-215,-678,21.2,1587.6,27,3,0,6,4,3,0,0,0,1,17592,6.76,19014,230,66,23.0,1759.2
0,15,0,0,3,8,7,0,0,0,0,16008,6.73,16138,172,59,-1790,-1651,17.2,1600.8,14,3,1,8,3,11,0,1,1,1,18738,7.28,18053,249,45,24.9,1873.8
1,30,3,1,15,0,8,1,1,1,1,21582,7.66,22134,258,61,5233,4228,25.8,2158.2,12,1,0,0,15,4,1,0,0,0,14548,6.26,14202,207,53,20.7,1454.8
1,14,3,0,6,5,1,0,0,0,3,16197,7.02,17004,216,57,-308,270,21.6,1619.7,12,0,1,5,6,11,0,0,1,0,16640,7.23,18611,223,52,22.3,1664.0
1,17,1,1,8,11,6,1,1,1,1,16328,6.38,17365,205,58,-2287,51,20.5,1632.8,18,2,0,11,8,4,2,2,0,0,14644,7.18,18523,221,54,22.1,1464.4
1,13,4,0,7,4,6,1,1,1,1,17992,6.98,19346,238,73,2665,-80,23.8,1799.2,12,5,1,4,7,1,0,0,0,0,15843,6.66,17734,228,49,22.8,1584.3
1,27,3,1,9,2,7,1,0,1,1,19517,7.35,19052,233,79,2883,5117,23.3,1951.7,19,1,0,2,9,0,0,0,0,0,12349,6.28,15888,176,58,17.6,1234.9
1,28,3,1,9,2,10,1,0,0,2,17049,6.91,21851,217,58,3594,1747,21.7,1704.9,20,4,0,2,9,7,0,1,0,2,14372,6.42,17533,189,56,18.9,1437.2
0,22,3,0,3,9,4,0,0,0,0,14112,6.45,17398,230,51,-3148,-1245,23.0,1411.2,20,4,1,9,3,9,0,0,0,0,19817,7.04,21035,195,59,19.5,1981.7
0,24,2,1,9,4,9,1,0,0,0,15775,6.77,18892,212,54,1528,-1148,21.2,1577.5,13,1,0,4,9,5,0,0,0,0,15868,6.81,17994,223,52,22.3,1586.8
0,20,0,0,0,14,4,0,1,0,1,15264,6.54,14741,196,50,-2660,-2792,19.6,1526.4,27,3,1,14,0,15,1,1,1,1,19323,7.4,23435,213,65,21.3,1932.3
1,25,2,1,10,5,5,1,0,1,1,19828,7.21,17886,244,46,2427,751,24.4,1982.8,19,1,0,5,10,0,1,0,0,0,15791,6.71,15811,212,41,21.2,1579.1
0,20,0,0,5,10,0,0,1,0,0,14199,6.51,13250,180,26,-2120,-1460,18.0,1419.9,21,5,1,10,5,5,1,0,2,1,19523,7.74,19249,223,65,22.3,1952.3
0,22,0,0,5,8,7,0,0,0,0,17292,6.32,16092,214,53,-2603,-1603,21.4,1729.2,31,2,1,8,5,1,1,0,1,1,17928,7.15,16823,235,55,23.5,1792.8
1,17,2,1,8,9,6,0,1,1,0,17384,6.66,17807,202,55,679,-30,20.2,1738.4,29,2,0,9,8,7,0,0,0,2,15473,7.28,15942,224,59,22.4,1547.3
1,20,3,0,6,5,14,1,1,0,1,17002,6.74,16480,237,60,1301,-1344,23.7,1700.2,20,0,1,5,6,4,0,0,0,0,14863,6.74,19413,209,54,20.9,1486.3
0,20,3,1,4,6,8,0,0,0,1,13780,7.35,16647,260,50,-295,-706,26.0,1378.0,10,3,0,6,4,11,0,0,0,0,17728,7.71,17835,193,53,19.3,1772.8
1,21,1,0,10,3,12,1,1,0,1,21344,6.78,18991,258,75,2094,4607,25.8,2134.4,15,1,1,3,10,2,0,0,0,0,15324,6.47,16103,196,34,19.6,1532.4
1,14,2,1,6,6,5,0,1,1,0,18670,6.69,19428,254,64,415,1652,25.4,1867.0,10,1,0,6,6,5,1,1,0,1,15842,7.2,16877,221,40,22.1,1584.2
1,15,4,1,8,7,7,0,0,1,2,17316,7.04,19239,239,54,537,651,23.9,1731.6,26,1,0,7,8,7,0,0,0,1,15633,6.93,15747,212,53,21.2,1563.3
0,19,1,0,4,9,6,1,1,0,1,14867,6.23,14851,240,46,-2904,-1017,24.0,1486.7,29,5,1,9,4,8,2,1,1,1,18443,6.99,18432,225,46,22.5,1844.3
1,28,4,1,10,3,9,1,1,0,2,20657,7.09,19234,200,47,3578,2026,20.0,2065.7,16,2,0,3,10,5,0,0,0,0,10675,6.17,14344,173,38,17.3,1067.5
0,18,4,0,5,10,5,0,1,1,1,14990,6.43,15833,217,73,-1448,-1063,21.7,1499.0,25,2,1,10,5,7,1,0,0,1,16031,7.0,17603,228,63,22.8,1603.1
1,37,0,0,11,0,10,1,1,1,1,17221,6.66,18416,260,63,3145,3356,26.0,1722.1,21,1,1,0,11,0,0,0,0,1,14239,6.38,17055,191,60,19.1,1423.9
1,19,3,1,10,2,8,1,1,0,2,21021,7.41,19457,239,73,4960,3792,23.9,2102.1,17,1,0,2,10,1,0,0,0,0,12887,5.75,14544,184,36,18.4,1288.7
1,23,4,1,6,4,5,0,0,0,1,16522,6.48,18462,239,61,1198,3453,23.9,1652.2,22,2,0,4,6,4,1,0,0,1,14790,6.93,16517,209,63,20.9,1479.0
1,29,2,1,10,4,8,0,0,1,1,17410,7.88,16823,221,61,2379,114,22.1,1741.0,29,0,0,4,10,7,0,0,0,0,13284,6.52,15858,214,62,21.4,1328.4
0,19,3,1,0,14,0,0,0,0,0,10145,5.94,14118,212,38,-4735,-4557,21.2,1014.5,26,7,0,14,0,10,1,0,0,1,21429,7.63,20878,278,81,27.8,2142.9
1,23,3,1,7,9,3,0,1,0,0,17952,6.71,15990,218,32,685,446,21.8,1795.2,15,1,0,9,7,9,0,0,0,0,14989,6.6,17425,216,56,21.6,1498.9
1,28,5,0,10,1,8,2,1,0,1,19137,6.85,17095,229,68,3154,2417,22.9,1913.7,17,0,1,1,10,8,0,0,0,1,14045,6.89,15990,193,34,19.3,1404.5
1,22,3,1,8,2,5,1,1,0,0,15653,7.14,17843,218,55,2123,2333,21.8,1565.3,17,3,0,2,8,2,0,0,0,0,14345,6.8,17142,198,52,19.8,1434.5
0,26,4,0,3,7,5,0,1,0,1,15937,6.69,15685,207,55,-1534,-2572,20.7,1593.7,25,3,1,7,3,14,0,0,1,1,19807,7.34,17957,231,76,23.1,1980.7
1,26,2,1,4,5,7,1,0,0,1,16966,6.19,17689,247,59,139,-960,24.7,1696.6,31,3,0,5,4,4,1,0,0,2,17361,6.64,19223,217,53,21.7,1736.1
0,11,0,0,0,9,3,0,0,0,0,14465,6.37,13370,213,39,-3918,-2855,21.3,1446.5,26,3,1,9,0,14,1,0,0,2,21964,7.33,21563,243,73,24.3,2196.4
0,22,1,0,8,10,5,0,0,0,0,16388,7.1,18623,209,70,-1628,1865,20.9,1638.8,27,6,1,10,8,8,1,1,1,0,13969,7.07,16828,210,61,21.0,1396.9
0,8,3,1,3,12,0,0,1,1,0,11720,5.89,15281,200,63,-3885,-3905,20.0,1172.0,14,2,0,12,3,7,0,1,0,0,18118,7.22,19950,222,63,22.2,1811.8
1,30,4,1,9,2,12,1,0,1,1,17433,7.32,20486,244,54,3374,16,24.4,1743.3,22,2,0,2,9,1,0,0,0,0,16004,6.42,16365,183,49,18.3,1600.4
1,23,2,1,9,3,8,0,1,0,0,16363,6.74,18706,231,57,2534,2304,23.1,1636.3,16,2,0,3,9,3,0,0,0,0,14988,6.31,16907,208,51,20.8,1498.8
0,26,4,1,3,6,6,0,0,0,0,17173,6.59,16135,219,34,299,-377,21.9,1717.3,23,7,0,6,3,2,1,0,1,1,17729,6.91,17793,223,59,22.3,1772.9
1,20,2,1,6,5,4,0,1,1,1,14273,6.83,21610,251,57,983,474,25.1,1427.3,25,0,0,5,6,6,0,1,0,0,17686,7.07,16736,194,44,19.4,1768.6
1,10,3,0,7,5,5,0,1,0,0,15862,6.38,18499,216,57,-46,779,21.6,1586.2,27,1,1,5,7,6,0,1,0,1,17463,7.59,17686,209,61,20.9,1746.3
0,34,3,1,5,2,9,2,0,0,0,15657,6.55,16813,233,48,-101,1017,23.3,1565.7,17,5,0,2,5,5,1,0,0,2,14884,6.66,17429,228,49,22.8,1488.4
0,18,0,1,4,7,4,0,1,0,1,14142,7.37,17294,228,46,-1744,-288,22.8,1414.2,28,2,0,7,4,14,2,1,0,2,18101,7.68,17386,258,68,25.8,1810.1
1,16,2,1,7,8,7,0,0,1,1,17013,6.42,20937,243,79,1941,748,24.3,1701.3,20,1,0,8,7,2,1,1,0,0,17339,7.0,18099,226,63,22.6,1733.9
0,22,5,1,2,6,4,1,0,0,0,14699,6.79,15584,204,48,-4248,-1549,20.4,1469.9,22,5,0,6,2,11,1,0,0,0,18227,7.28,20686,223,59,22.3,1822.7
0,27,0,0,3,12,3,0,0,0,0,13964,6.38,15328,227,43,-4555,-2962,22.7,1396.4,26,4,1,12,3,11,1,0,1,1,18367,7.71,19515,221,65,22.1,1836.7
1,19,3,0,6,8,11,0,1,0,1,16264,7.42,16405,205,58,239,1847,20.5,1626.4,14,2,1,8,6,7,0,1,1,0,16792,7.08,19568,192,62,19.2,1679.2
1,19,0,1,3,6,6,1,0,1,0,15864,7.24,18690,185,57,798,923,18.5,1586.4,6,1,0,6,3,5,1,1,0,0,17210,6.86,19505,219,57,21.9,1721.0
1,22,1,1,8,7,8,0,0,1,1,18425,6.52,18467,231,36,76,-1205,23.1,1842.5,23,0,0,7,8,0,1,0,0,1,16614,6.17,15354,198,48,19.8,1661.4
0,13,0,1,3,8,4,0,0,0,0,16461,6.49,14608,251,49,-1778,-1443,25.1,1646.1,18,3,0,8,3,5,0,1,1,1,19300,7.6,19459,240,70,24.0,1930.0
1,20,4,1,7,0,7,1,0,1,2,18331,7.68,19752,287,62,2602,2721,28.7,1833.1,25,0,0,0,7,2,0,0,1,0,16059,5.76,15016,169,39,16.9,1605.9
1,29,1,0,8,5,7,1,0,0,0,15044,6.93,17585,205,69,490,-294,20.5,1504.4,19,0,1,5,8,7,1,0,1,1,15603,7.27,14983,243,50,24.3,1560.3
1,20,4,1,4,5,3,1,1,0,1,17027,6.6,17438,212,53,135,253,21.2,1702.7,11,0,0,5,4,3,1,1,0,1,16274,6.96,16153,188,65,18.8,1627.4
1,16,1,0,6,9,9,2,1,0,1,16914,6.66,17429,189,73,1578,103,18.9,1691.4,18,0,1,9,6,8,0,0,0,1,15699,7.38,15993,219,51,21.9,1569.9
1,20,3,0,9,3,5,0,0,0,1,16949,7.91,16588,235,70,1411,-499,23.5,1694.9,23,0,1,3,9,3,0,0,0,0,15635,6.66,14545,232,62,23.2,1563.5
1,27,3,0,7,4,5,0,0,0,1,16425,7.02,21008,242,72,126,786,24.2,1642.5,15,2,1,4,7,4,0,0,1,0,16952,6.73,18148,200,53,20.0,1695.2
1,11,0,1,6,2,4,1,1,1,2,17605,7.0,17772,207,50,-98,868,20.7,1760.5,22,1,0,2,6,5,0,0,1,2,14562,6.76,17061,209,47,20.9,1456.2
1,23,3,1,5,4,9,1,0,0,1,20176,7.32,20458,221,61,1548,-104,22.1,2017.6,15,3,0,4,5,4,0,0,0,0,16278,6.56,15705,225,40,22.5,1627.8
0,29,2,0,0,7,0,0,1,0,0,15565,5.99,14522,226,63,-3164,-2773,22.6,1556.5,27,3,1,7,0,7,1,1,0,2,18613,7.54,21114,260,59,26.0,1861.3
0,27,3,0,0,12,4,0,0,0,0,13036,6.99,13296,238,29,-3347,-2150,23.8,1303.6,14,7,1,12,0,13,2,1,1,2,18257,6.89,19048,203,77,20.3,1825.7
0,23,1,0,6,5,4,0,0,1,1,16480,6.12,17498,237,60,-584,-394,23.7,1648.0,29,1,1,5,6,9,0,0,0,0,16771,6.24,16221,267,58,26.7,1677.1
0,26,1,1,4,4,5,0,0,0,1,16692,7.32,18479,208,65,-452,299,20.8,1669.2,20,2,0,4,4,7,1,1,0,2,16359,6.86,18735,206,70,20.6,1635.9
1,28,3,1,4,7,6,1,1,1,1,18010,7.22,17350,263,57,2758,1383,26.3,1801.0,15,0,0,7,4,8,0,0,0,1,17408,7.37,15664,227,61,22.7,1740.8
1,19,4,1,5,3,12,0,1,1,2,18566,7.18,19028,232,58,-1736,-1916,23.2,1856.6,24,0,0,3,5,5,0,0,1,0,16392,7.67,19868,229,67,22.9,1639.2
1,26,1,1,6,5,3,0,1,0,1,16998,6.84,17604,220,72,473,218,22.0,1699.8,19,3,0,5,6,4,0,0,0,0,15580,7.08,15611,238,73,23.8,1558.0
0,26,0,0,4,5,5,0,1,0,0,13685,6.34,14318,194,64,-2932,-1093,19.4,1368.5,21,4,1,5,4,9,2,1,0,2,18832,7.49,19568,276,61,27.6,1883.2
0,14,2,0,7,7,6,0,0,0,1,16686,7.46,17892,175,39,-672,-337,17.5,1668.6,18,0,1,7,7,7,1,0,0,1,15114,6.83,16885,250,38,25.0,1511.4
0,20,0,0,6,11,1,0,0,0,0,13568,7.53,17573,239,59,-2009,-719,23.9,1356.8,20,3,1,11,6,10,2,0,0,2,18567,7.45,19195,248,72,24.8,1856.7
0,23,3,0,8,4,8,0,0,0,0,17118,7.06,20699,277,46,227,-896,27.7,1711.8,22,3,1,4,8,3,1,0,0,1,17614,6.76,15067,212,32,21.2,1761.4
0,17,0,0,0,8,0,0,0,0,0,13086,6.88,13232,197,50,-4468,-3898,19.7,1308.6,28,6,1,8,0,8,2,1,0,0,17948,7.58,21273,244,68,24.4,1794.8
1,21,4,0,2,3,4,0,1,1,1,17837,7.08,17061,237,41,-107,1810,23.7,1783.7,21,1,1,3,2,2,2,0,1,0,17293,6.91,16602,202,47,20.2,1729.3
0,18,2,0,0,9,0,0,1,1,0,16052,6.31,14839,202,31,-2436,-1488,20.2,1605.2,22,3,1,9,0,14,1,1,0,0,17755,7.6,18637,261,60,26.1,1775.5
0,21,3,0,4,11,5,1,0,0,2,14630,7.45,16399,220,76,-484,-1021,22.0,1463.0,31,3,1,11,4,6,0,2,1,1,17653,6.94,17524,208,49,20.8,1765.3
1,27,0,1,4,6,6,0,1,0,1,16541,7.04,18881,210,69,1891,844,21.0,1654.1,15,0,0,6,4,5,0,0,0,1,13054,6.4,14589,173,51,17.3,1305.4
1,23,0,0,5,8,4,1,0,0,0,15606,7.19,20703,232,35,-318,2010,23.2,1560.6,21,2,1,8,5,8,0,0,0,1,15497,8.32,16372,216,50,21.6,1549.7
0,16,3,1,2,7,4,0,1,0,1,13812,6.55,18301,239,34,-3448,-2727,23.9,1381.2,17,2,0,7,2,8,1,1,0,0,19711,7.19,19471,259,75,25.9,1971.1
1,14,1,0,3,10,7,0,0,0,1,16659,6.91,20128,212,42,-1039,-2448,21.2,1665.9,19,1,1,10,3,5,0,1,0,0,18054,7.28,19540,228,57,22.8,1805.4
0,15,0,0,3,11,0,0,0,0,0,12611,6.38,16879,196,42,-2006,-840,19.6,1261.1,13,3,1,11,3,4,1,1,1,0,17910,6.66,18546,281,75,28.1,1791.0
0,18,1,0,1,10,3,0,0,1,0,14481,6.56,15194,222,36,-3018,-4239,22.2,1448.1,28,2,1,10,1,11,1,1,0,1,19113,7.52,21769,214,72,21.4,1911.3
1,17,2,1,5,4,8,2,1,0,2,18669,6.6,16089,208,41,-1533,-508,20.8,1866.9,10,4,0,4,5,5,0,1,0,1,16034,6.93,18627,205,77,20.5,1603.4
1,26,2,1,11,7,10,1,0,1,1,16211,7.66,15632,221,52,2796,-578,22.1,1621.1,10,2,0,7,11,6,0,0,0,1,14341,6.24,15899,191,56,19.1,1434.1
1,23,3,0,7,4,6,1,0,0,1,16348,7.13,19356,219,56,991,2338,21.9,1634.8,21,3,1,4,7,1,0,1,0,0,15154,6.76,18178,226,64,22.6,1515.4
1,27,3,1,8,6,11,0,0,0,2,16594,7.03,18410,218,49,731,694,21.8,1659.4,26,3,0,6,8,4,1,0,0,1,15156,7.06,19737,215,69,21.5,1515.6
1,17,2,1,8,5,7,0,0,0,1,18237,7.11,19921,203,64,-902,-1558,20.3,1823.7,26,1,0,5,8,2,0,0,0,1,14758,6.88,16353,177,42,17.7,1475.8
1,15,4,0,7,4,1,0,0,0,0,16268,7.07,16856,233,42,1758,384,23.3,1626.8,24,0,1,4,7,2,0,1,0,0,16465,7.21,16719,228,57,22.8,1646.5
1,24,1,0,3,7,5,1,0,0,0,16043,6.41,17948,238,54,-1481,-821,23.8,1604.3,15,4,1,7,3,6,1,0,0,0,15866,7.51,18213,221,71,22.1,1586.6
0,20,2,0,7,11,5,0,1,0,0,15162,6.37,18412,232,56,441,-1708,23.2,1516.2,24,1,1,11,7,5,1,0,0,1,16649,7.43,19316,215,60,21.5,1664.9
0,16,3,1,2,6,6,0,0,0,0,15725,6.4,12449,246,42,-2827,-346,24.6,1572.5,20,2,0,6,2,12,0,1,1,2,17995,7.4,19423,211,65,21.1,1799.5
0,22,2,1,6,10,7,0,0,0,0,15169,6.99,16776,227,44,-1860,-2938,22.7,1516.9,11,1,0,10,6,9,1,0,0,1,19163,6.6,19427,215,71,21.5,1916.3
0,23,1,1,3,8,4,0,1,0,1,18663,6.83,17449,223,65,-895,601,22.3,1866.3,19,2,0,8,3,7,0,1,1,1,16915,6.61,18809,228,44,22.8,1691.5
1,13,2,0,5,6,8,2,1,0,0,17368,6.47,15601,215,46,893,1250,21.5,1736.8,24,4,1,6,5,5,0,0,0,1,18330,7.03,19499,238,52,23.8,1833.0
1,33,4,1,13,0,12,3,2,0,1,22791,7.72,24165,260,84,7191,6337,26.0,2279.1,10,1,0,0,13,0,0,0,1,0,11618,6.49,12769,164,29,16.4,1161.8
0,15,0,0,4,6,2,0,0,0,0,15937,7.15,16484,224,47,-4177,-1156,22.4,1593.7,28,1,1,6,4,8,1,0,0,2,18328,6.91,20033,228,47,22.8,1832.8
0,28,1,0,4,9,9,1,1,0,2,15287,6.84,19982,225,67,-641,-888,22.5,1528.7,22,4,1,9,4,6,0,0,1,1,15875,6.54,18244,222,61,22.2,1587.5
0,10,0,1,0,7,2,0,1,0,0,16504,5.96,16000,228,31,-954,-1764,22.8,1650.4,18,2,0,7,0,8,2,0,1,0,17934,7.56,16046,239,62,23.9,1793.4
1,21,0,1,6,1,5,0,0,0,0,17945,6.5,17390,201,51,-1278,-1422,20.1,1794.5,19,3,0,1,6,12,1,0,0,0,15858,6.88,15510,218,52,21.8,1585.8
0,18,1,0,5,7,5,1,0,0,0,14398,6.62,17518,211,46,-1144,637,21.1,1439.8,14,3,1,7,5,7,1,0,0,0,15057,6.8,17824,226,48,22.6,1505.7
1,12,3,1,7,1,9,1,0,0,0,17604,7.11,18849,240,76,1830,2020,24.0,1760.4,20,3,0,1,7,4,0,1,0,1,14073,6.7,16144,187,38,18.7,1407.3
0,22,0,0,9,7,8,0,0,0,0,14944,6.97,18295,197,54,476,776,19.7,1494.4,26,5,1,7,9,6,1,0,0,1,16300,7.36,16965,238,63,23.8,1630.0
0,10,4,0,5,3,10,1,1,0,0,16686,7.12,17544,227,48,115,-64,22.7,1668.6,17,3,1,3,5,6,1,0,0,0,15703,7.34,17614,248,70,24.8,1570.3
0,18,0,1,4,6,7,0,0,0,0,16120,6.75,14940,172,41,-648,-921,17.2,1612.0,25,2,0,6,4,9,0,1,0,1,16730,6.74,17784,185,57,18.5,1673.0
0,23,3,0,0,9,0,0,0,1,1,15157,6.22,18210,218,37,-567,-787,21.8,1515.7,25,3,1,9,0,5,0,1,1,1,20089,6.97,18762,217,33,21.7,2008.9
0,16,2,0,2,8,8,0,0,0,0,14839,6.14,15488,203,55,-1431,-1726,20.3,1483.9,20,3,1,8,2,6,0,0,0,0,15904,6.66,17734,220,61,22.0,1590.4
1,15,5,1,7,10,7,0,1,1,1,14198,6.88,16575,211,59,-1642,36,21.1,1419.8,12,3,0,10,7,6,1,1,0,2,19175,7.31,16635,245,47,24.5,1917.5
0,24,3,1,5,6,9,1,0,0,0,15217,6.32,17494,208,72,165,161,20.8,1521.7,7,3,0,6,5,8,2,1,1,0,14803,7.41,19132,211,56,21.1,1480.3
1,20,0,1,9,5,6,0,1,0,1,18153,7.64,16061,227,59,708,1852,22.7,1815.3,20,2,0,5,9,3,0,0,0,1,15259,6.95,16576,215,60,21.5,1525.9
0,18,3,0,3,6,5,0,0,0,1,15170,7.23,16930,200,33,-783,-212,20.0,1517.0,25,2,1,6,3,5,0,1,1,1,16163,7.44,17266,222,44,22.2,1616.3
0,26,4,1,4,9,8,0,0,0,0,14336,7.34,16366,200,57,-319,63,20.0,1433.6,22,3,0,9,4,6,0,0,0,0,16924,6.93,18470,210,59,21.0,1692.4
0,11,0,1,0,7,8,0,0,1,2,13053,6.38,15825,207,50,-2563,-3790,20.7,1305.3,18,5,0,7,0,12,0,1,0,0,19518,7.67,15615,205,78,20.5,1951.8
1,19,3,1,8,4,8,2,1,0,2,18296,7.05,19618,173,54,451,198,17.3,1829.6,20,1,0,4,8,10,0,0,0,0,16130,6.46,17358,210,56,21.0,1613.0
0,23,3,0,4,8,1,0,0,0,0,14437,6.29,14610,203,57,-1830,-1345,20.3,1443.7,21,3,1,8,4,3,0,1,1,0,18203,7.32,16199,212,54,21.2,1820.3
1,15,2,1,5,2,9,0,1,0,0,18103,7.37,17634,243,61,-796,1771,24.3,1810.3,24,0,0,2,5,5,1,0,0,0,15120,7.09,13009,255,38,25.5,1512.0
1,32,0,1,10,6,8,2,0,0,1,18360,6.67,18814,222,69,1766,1740,22.2,1836.0,13,1,0,6,10,4,0,0,0,1,13899,7.03,14941,163,56,16.3,1389.9
0,19,1,1,7,7,3,0,0,0,0,16386,6.76,19953,238,40,607,-532,23.8,1638.6,10,1,0,7,7,5,1,0,0,1,15742,7.4,16743,218,54,21.8,1574.2
0,22,1,0,4,6,4,0,0,0,0,15533,6.3,15666,181,53,-1887,-110,18.1,1553.3,29,0,1,6,4,5,1,1,0,1,16103,7.03,20311,263,70,26.3,1610.3
1,24,4,1,7,7,7,0,0,0,2,14712,7.4,14304,197,41,-181,475,19.7,1471.2,24,1,0,7,7,3,0,0,0,0,17158,7.49,17473,232,41,23.2,1715.8
1,20,2,1,5,8,9,0,0,1,0,17316,7.12,18034,189,47,873,228,18.9,1731.6,19,4,0,8,5,4,0,0,1,0,16595,7.23,17309,211,59,21.1,1659.5
0,17,1,0,8,5,4,0,0,0,0,15582,6.91,18150,184,54,-916,79,18.4,1558.2,18,1,1,5,8,7,0,0,0,1,16704,6.62,18186,203,65,20.3,1670.4
0,19,1,0,5,10,4,0,1,0,0,15279,6.64,15582,193,46,927,-1557,19.3,1527.9,12,5,1,10,5,6,1,1,1,1,13688,7.23,16181,222,65,22.2,1368.8
1,25,3,0,8,5,7,0,0,0,1,16702,7.29,16892,239,53,344,1802,23.9,1670.2,17,3,1,5,8,5,1,1,0,1,14322,7.45,17932,223,54,22.3,1432.2
1,16,2,0,8,5,11,1,0,0,1,16851,7.55,17727,202,59,1668,927,20.2,1685.1,27,1,1,5,8,6,0,0,0,0,15078,7.34,13752,221,60,22.1,1507.8
1,13,1,1,3,9,9,0,0,0,0,16414,7.35,17395,209,53,501,245,20.9,1641.4,19,3,0,9,3,6,1,1,0,0,17061,6.73,18082,215,58,21.5,1706.1
0,24,2,0,7,10,4,0,0,0,0,15081,7.39,14686,171,30,-3251,-3611,17.1,1508.1,23,4,1,10,7,7,1,0,1,2,19642,7.16,18572,261,80,26.1,1964.2
1,17,1,0,7,6,8,0,1,1,1,18178,6.65,19582,230,55,1758,472,23.0,1817.8,23,4,1,6,7,9,0,1,1,1,16572,6.96,16639,224,58,22.4,1657.2
0,20,0,0,4,8,4,1,0,0,0,19507,6.49,16183,193,59,-2093,-2606,19.3,1950.7,12,1,1,8,4,7,0,1,0,2,15490,6.63,18479,236,45,23.6,1549.0
1,19,3,1,6,2,8,1,0,0,0,16882,7.22,19129,245,59,-242,-769,24.5,1688.2,23,3,0,2,6,4,1,0,0,0,16593,6.35,18915,245,57,24.5,1659.3
1,20,3,0,9,7,4,1,0,0,0,18172,6.94,16688,227,76,832,-1065,22.7,1817.2,21,3,1,7,9,7,1,0,0,0,17403,6.8,16610,195,57,19.5,1740.3
0,23,1,0,4,11,3,0,0,0,0,13153,6.53,16557,164,49,-3672,-1478,16.4,1315.3,31,5,1,11,4,13,1,1,0,1,17171,7.94,20128,248,63,24.8,1717.1
0,20,1,1,7,5,1,0,1,0,0,15517,6.39,16119,178,71,1468,1446,17.8,1551.7,18,2,0,5,7,6,1,0,0,1,16611,6.79,19304,198,49,19.8,1661.1
1,19,2,1,4,0,3,1,0,1,0,16628,7.31,18873,224,45,2064,-10,22.4,1662.8,24,1,0,0,4,5,1,0,0,1,16066,6.85,16936,202,41,20.2,1606.6
1,20,4,1,7,6,2,0,1,1,1,16366,6.89,18081,206,58,504,1566,20.6,1636.6,12,3,0,6,7,3,2,0,0,0,15153,7.1,16890,209,53,20.9,1515.3
1,18,1,1,6,4,11,1,0,0,1,18011,7.07,15612,225,44,-466,-45,22.5,1801.1,17,0,0,4,6,3,1,0,1,1,17078,7.08,17309,192,39,19.2,1707.8
0,13,2,0,1,8,2,0,0,0,0,15851,6.34,15653,201,35,-4863,-1778,20.1,1585.1,29,5,1,8,1,11,1,2,1,1,19208,7.66,18178,240,66,24.0,1920.8
1,20,0,1,7,1,5,1,1,0,1,19041,6.83,20002,245,80,3514,3659,24.5,1904.1,19,0,0,1,7,3,0,0,0,1,16035,6.85,18072,229,51,22.9,1603.5
1,29,2,1,3,1,13,2,0,0,0,17043,7.6,17769,242,40,658,-340,24.2,1704.3,21,2,0,1,3,3,0,0,1,0,17494,6.32,17816,211,60,21.1,1749.4
0,21,1,0,7,10,2,0,1,0,0,14895,6.81,17038,196,57,-1171,-2438,19.6,1489.5,23,3,1,10,7,11,1,0,0,0,18671,6.69,18596,221,70,22.1,1867.1
1,17,3,1,6,13,6,1,1,0,1,15830,6.7,17667,231,55,-111,-2604,23.1,1583.0,24,2,0,13,6,8,0,1,0,2,16471,6.39,17938,235,65,23.5,1647.1
1,25,1,0,7,4,5,1,1,0,1,18947,6.61,17452,194,63,1143,1355,19.4,1894.7,26,3,1,4,7,1,1,1,1,0,16525,7.59,18524,199,53,19.9,1652.5
1,13,1,0,6,6,9,0,0,0,2,18642,7.33,18003,243,56,-548,1217,24.3,1864.2,22,3,1,6,6,7,0,0,1,0,15281,7.04,15763,198,50,19.8,1528.1
1,26,0,0,6,7,5,0,0,0,1,18056,6.94,18464,208,66,354,-1734,20.8,1805.6,23,3,1,7,6,10,0,0,0,1,16354,6.92,20416,268,59,26.8,1635.4
1,28,2,1,8,5,6,0,0,0,1,17359,6.79,17608,256,62,1561,2500,25.6,1735.9,12,1,0,5,8,2,0,0,1,0,16040,6.81,17330,239,36,23.9,1604.0
0,28,1,0,1,10,0,0,0,0,1,13832,6.61,18310,232,50,-3784,-3631,23.2,1383.2,18,2,1,10,1,11,1,1,0,1,18065,7.52,19746,255,76,25.5,1806.5
0,23,0,1,5,10,2,0,0,0,2,15441,6.6,15419,231,29,-2119,-2395,23.1,1544.1,21,3,0,10,5,9,0,0,0,1,18469,7.82,17558,226,54,22.6,1846.9
0,18,0,1,3,8,0,0,0,0,0,12620,6.53,16944,218,31,-4677,-2727,21.8,1262.0,20,0,0,8,3,9,1,1,1,1,18977,7.42,21793,269,53,26.9,1897.7
0,25,2,1,6,8,0,1,0,0,0,16336,6.86,15607,209,45,-1863,-2841,20.9,1633.6,20,6,0,8,6,7,0,1,0,1,19532,6.63,18892,223,65,22.3,1953.2
